Time,avgI1rd,avgI2rd,avgDrd,Beta,Beff
0.000000e+00,1.692569e+00,0.000000e+00,0.000000e+00,1.258925e-06,0.000000e+00
1.666667e-01,1.692569e+00,0.000000e+00,0.000000e+00,1.258925e-06,0.000000e+00
3.333333e-01,1.692569e+00,0.000000e+00,0.000000e+00,1.258925e-06,0.000000e+00
5.000000e-01,1.692569e+00,0.000000e+00,0.000000e+00,1.258925e-06,0.000000e+00
6.666667e-01,1.692569e+00,0.000000e+00,0.000000e+00,1.258925e-06,0.000000e+00
8.333333e-01,1.692569e+00,0.000000e+00,0.000000e+00,1.258925e-06,0.000000e+00
1.000000e+00,1.692569e+00,0.000000e+00,0.000000e+00,1.258925e-06,0.000000e+00
1.166667e+00,1.692569e+00,0.000000e+00,0.000000e+00,1.258925e-06,0.000000e+00
1.333333e+00,1.692569e+00,0.000000e+00,0.000000e+00,1.258925e-06,0.000000e+00
1.500000e+00,1.692569e+00,0.000000e+00,0.000000e+00,1.258925e-06,0.000000e+00
1.666667e+00,1.692569e+00,0.000000e+00,0.000000e+00,1.258925e-06,0.000000e+00
1.833333e+00,1.692569e+00,0.000000e+00,0.000000e+00,1.258925e-06,0.000000e+00
2.000000e+00,1.692569e+00,0.000000e+00,0.000000e+00,1.258925e-06,0.000000e+00
2.166667e+00,1.692569e+00,0.000000e+00,0.000000e+00,1.258925e-06,0.000000e+00
2.333333e+00,1.692569e+00,0.000000e+00,0.000000e+00,1.258925e-06,0.000000e+00
2.500000e+00,1.692569e+00,0.000000e+00,0.000000e+00,1.258925e-06,0.000000e+00
2.666667e+00,1.692569e+00,0.000000e+00,0.000000e+00,1.258925e-06,0.000000e+00
2.833333e+00,1.692569e+00,0.000000e+00,0.000000e+00,1.258925e-06,0.000000e+00
3.000000e+00,1.692569e+00,0.000000e+00,0.000000e+00,1.258925e-06,0.000000e+00
3.166667e+00,1.692569e+00,0.000000e+00,0.000000e+00,1.258925e-06,0.000000e+00
3.333333e+00,1.692569e+00,0.000000e+00,0.000000e+00,1.258925e-06,0.000000e+00
3.500000e+00,1.692569e+00,0.000000e+00,0.000000e+00,1.258925e-06,0.000000e+00
3.666667e+00,1.692569e+00,1.692569e+00,0.000000e+00,1.258925e-06,0.000000e+00
3.833333e+00,1.692569e+00,1.692569e+00,0.000000e+00,1.258925e-06,0.000000e+00
4.000000e+00,1.692569e+00,1.692569e+00,0.000000e+00,1.258925e-06,0.000000e+00
4.166667e+00,1.692569e+00,1.692569e+00,0.000000e+00,1.258925e-06,0.000000e+00
4.333333e+00,1.692569e+00,1.692569e+00,0.000000e+00,1.258925e-06,0.000000e+00
4.500000e+00,1.692569e+00,1.692569e+00,0.000000e+00,1.258925e-06,0.000000e+00
4.666667e+00,1.692569e+00,1.692569e+00,0.000000e+00,1.258925e-06,0.000000e+00
4.833333e+00,1.692569e+00,1.692569e+00,0.000000e+00,1.258925e-06,0.000000e+00
5.000000e+00,1.692569e+00,1.692569e+00,0.000000e+00,1.258925e-06,0.000000e+00
5.166667e+00,1.692569e+00,1.692569e+00,0.000000e+00,1.258925e-06,0.000000e+00
5.333333e+00,1.692569e+00,1.692569e+00,0.000000e+00,1.258925e-06,0.000000e+00
5.500000e+00,2.393654e+00,1.692569e+00,0.000000e+00,1.258925e-06,2.109404e-05
5.666667e+00,2.393654e+00,1.692569e+00,0.000000e+00,1.258925e-06,0.000000e+00
5.833333e+00,2.393654e+00,1.692569e+00,0.000000e+00,1.258925e-06,0.000000e+00
6.000000e+00,2.393654e+00,1.692569e+00,0.000000e+00,1.258925e-06,0.000000e+00
6.166667e+00,2.393654e+00,1.692569e+00,0.000000e+00,1.258925e-06,0.000000e+00
6.333333e+00,2.393654e+00,1.692569e+00,0.000000e+00,1.258925e-06,0.000000e+00
6.500000e+00,2.393654e+00,1.692569e+00,0.000000e+00,1.258925e-06,0.000000e+00
6.666667e+00,2.393654e+00,1.692569e+00,0.000000e+00,1.258925e-06,0.000000e+00
6.833333e+00,2.393654e+00,1.692569e+00,0.000000e+00,1.258925e-06,0.000000e+00
7.000000e+00,2.393654e+00,1.692569e+00,0.000000e+00,1.258925e-06,0.000000e+00
7.166667e+00,3.385138e+00,1.692569e+00,0.000000e+00,1.258925e-06,4.335734e-06
7.333333e+00,4.145930e+00,1.692569e+00,0.000000e+00,1.258925e-06,3.466669e-06
7.500000e+00,4.478116e+00,1.692569e+00,0.000000e+00,1.258925e-06,1.386064e-06
7.666667e+00,5.077706e+00,1.692569e+00,0.000000e+00,1.258925e-06,2.217087e-06
7.833333e+00,5.077706e+00,1.692569e+00,0.000000e+00,1.258925e-06,0.000000e+00
8.000000e+00,5.077706e+00,1.692569e+00,0.000000e+00,1.258925e-06,0.000000e+00
8.166667e+00,5.077706e+00,2.393654e+00,0.000000e+00,1.258925e-06,0.000000e+00
8.333333e+00,5.077706e+00,2.393654e+00,0.000000e+00,1.258925e-06,0.000000e+00
8.500000e+00,5.077706e+00,2.931615e+00,0.000000e+00,1.258925e-06,0.000000e+00
8.666667e+00,6.102643e+00,2.931615e+00,0.000000e+00,1.258925e-06,1.162300e-06
8.833333e+00,6.978640e+00,2.931615e+00,0.000000e+00,1.258925e-06,9.302395e-07
9.000000e+00,6.978640e+00,2.931615e+00,0.000000e+00,1.258925e-06,0.000000e+00
9.166667e+00,6.978640e+00,2.931615e+00,0.000000e+00,1.258925e-06,0.000000e+00
9.333333e+00,7.180961e+00,2.931615e+00,0.000000e+00,1.258925e-06,1.192987e-07
9.500000e+00,7.569398e+00,2.931615e+00,0.000000e+00,1.258925e-06,1.911008e-07
9.666667e+00,7.938851e+00,2.931615e+00,0.000000e+00,1.258925e-06,1.531093e-07
9.833333e+00,8.291860e+00,3.385138e+00,0.000000e+00,1.258925e-06,1.227204e-07
1.000000e+01,8.462844e+00,3.784699e+00,0.000000e+00,1.258925e-06,4.920454e-08
1.016667e+01,8.630441e+00,4.145930e+00,0.000000e+00,1.258925e-06,3.948147e-08
1.033333e+01,9.574615e+00,4.145930e+00,0.000000e+00,1.258925e-06,1.902590e-07
1.050000e+01,1.001337e+01,4.145930e+00,0.000000e+00,1.258925e-06,7.646763e-08
1.066667e+01,1.015541e+01,4.478116e+00,0.000000e+00,1.258925e-06,2.051168e-08
1.083333e+01,1.043369e+01,4.787307e+00,0.000000e+00,1.258925e-06,3.306147e-08
1.100000e+01,1.043369e+01,4.787307e+00,0.000000e+00,1.258925e-06,0.000000e+00
1.116667e+01,1.070474e+01,5.077706e+00,0.000000e+00,1.258925e-06,2.159518e-08
1.133333e+01,1.096910e+01,5.077706e+00,0.000000e+00,1.258925e-06,1.751870e-08
1.150000e+01,1.122723e+01,5.077706e+00,0.000000e+00,1.258925e-06,1.425678e-08
1.166667e+01,1.135410e+01,5.077706e+00,0.000000e+00,1.258925e-06,5.822886e-09
1.183333e+01,1.208736e+01,5.613615e+00,0.000000e+00,1.258925e-06,2.867202e-08
1.200000e+01,1.266602e+01,5.613615e+00,0.000000e+00,1.258925e-06,1.971090e-08
1.216667e+01,1.343435e+01,6.102643e+00,0.000000e+00,1.258925e-06,2.290473e-08
1.233333e+01,1.385427e+01,6.555291e+00,0.000000e+00,1.258925e-06,1.093779e-08
1.250000e+01,1.416105e+01,6.555291e+00,0.000000e+00,1.258925e-06,6.908410e-09
1.266667e+01,1.436192e+01,6.978640e+00,0.000000e+00,1.258925e-06,3.911663e-09
1.283333e+01,1.465808e+01,6.978640e+00,0.000000e+00,1.258925e-06,5.029770e-09
1.300000e+01,1.465808e+01,7.569398e+00,0.000000e+00,1.258925e-06,0.000000e+00
1.316667e+01,1.532686e+01,7.756324e+00,0.000000e+00,1.258925e-06,8.884924e-09
1.333333e+01,1.578723e+01,8.117275e+00,0.000000e+00,1.258925e-06,5.608428e-09
1.350000e+01,1.605712e+01,8.291860e+00,0.000000e+00,1.258925e-06,3.004728e-09
1.366667e+01,1.641006e+01,8.291860e+00,0.000000e+00,1.258925e-06,3.614394e-09
1.383333e+01,1.658372e+01,8.956232e+00,0.000000e+00,1.258925e-06,1.646643e-09
1.400000e+01,1.692569e+01,9.723067e+00,0.000000e+00,1.258925e-06,3.029734e-09
1.416667e+01,1.767094e+01,1.029549e+01,0.000000e+00,1.258925e-06,6.329463e-09
1.433333e+01,1.799225e+01,1.083773e+01,0.000000e+00,1.258925e-06,2.633679e-09
1.450000e+01,1.822952e+01,1.096910e+01,0.000000e+00,1.258925e-06,1.863800e-09
1.466667e+01,1.854116e+01,1.109892e+01,0.000000e+00,1.258925e-06,2.362006e-09
1.483333e+01,1.892349e+01,1.160367e+01,0.000000e+00,1.258925e-06,2.825171e-09
1.500000e+01,1.899904e+01,1.184798e+01,1.692569e+00,1.258925e-06,5.438860e-10
1.516667e+01,1.914923e+01,1.184798e+01,1.692569e+00,1.258925e-06,1.050950e-09
1.533333e+01,1.944613e+01,1.184798e+01,1.692569e+00,1.258925e-06,2.294652e-09
1.550000e+01,1.981101e+01,1.184798e+01,1.692569e+00,1.258925e-06,3.127510e-09
1.566667e+01,2.009814e+01,1.196827e+01,1.692569e+00,1.258925e-06,2.723362e-09
1.583333e+01,2.038123e+01,1.266602e+01,1.692569e+00,1.258925e-06,2.957531e-09
1.600000e+01,2.107231e+01,1.277861e+01,1.692569e+00,1.258925e-06,8.006868e-09
1.616667e+01,2.134248e+01,1.311058e+01,1.692569e+00,1.258925e-06,3.451336e-09
1.633333e+01,2.174144e+01,1.343435e+01,1.692569e+00,1.258925e-06,5.548709e-09
1.650000e+01,2.180722e+01,1.395728e+01,1.692569e+00,1.258925e-06,9.826251e-10
1.666667e+01,2.180722e+01,1.405953e+01,1.692569e+00,1.258925e-06,0.000000e+00
1.683333e+01,2.239058e+01,1.446131e+01,1.692569e+00,1.258925e-06,9.689230e-09
1.700000e+01,2.277118e+01,1.465808e+01,1.692569e+00,1.258925e-06,6.630108e-09
1.716667e+01,2.295912e+01,1.504388e+01,1.692569e+00,1.258925e-06,3.348006e-09
1.733333e+01,2.320733e+01,1.523312e+01,1.692569e+00,1.258925e-06,4.411030e-09
1.750000e+01,2.351392e+01,1.523312e+01,1.692569e+00,1.258925e-06,5.343531e-09
1.766667e+01,2.375633e+01,1.542004e+01,1.692569e+00,1.258925e-06,4.062347e-09
1.783333e+01,2.405592e+01,1.569624e+01,1.692569e+00,1.258925e-06,4.736301e-09
1.800000e+01,2.417472e+01,1.614608e+01,1.692569e+00,1.258925e-06,1.737211e-09
1.816667e+01,2.435182e+01,1.649712e+01,1.692569e+00,1.258925e-06,2.355086e-09
1.833333e+01,2.458598e+01,1.684085e+01,1.692569e+00,1.258925e-06,2.804153e-09
1.850000e+01,2.476015e+01,1.709411e+01,2.393654e+00,1.258925e-06,1.861009e-09
1.866667e+01,2.510485e+01,1.726088e+01,2.393654e+00,1.258925e-06,3.270980e-09
1.883333e+01,2.527544e+01,1.767094e+01,2.393654e+00,1.258925e-06,1.557946e-09
1.900000e+01,2.533205e+01,1.775181e+01,2.393654e+00,1.258925e-06,4.843735e-10
1.916667e+01,2.555723e+01,1.799225e+01,2.393654e+00,1.258925e-06,1.772289e-09
1.933333e+01,2.566908e+01,1.830793e+01,2.393654e+00,1.258925e-06,7.967314e-10
1.950000e+01,2.578044e+01,1.854116e+01,2.393654e+00,1.258925e-06,7.062640e-10
1.966667e+01,2.589132e+01,1.884765e+01,2.393654e+00,1.258925e-06,6.193018e-10
1.983333e+01,2.600173e+01,1.929825e+01,2.393654e+00,1.258925e-06,5.388081e-10
2.000000e+01,2.627573e+01,1.937233e+01,2.393654e+00,1.258925e-06,1.166981e-09
2.016667e+01,2.638454e+01,1.973857e+01,2.393654e+00,1.258925e-06,3.922853e-10
2.033333e+01,2.654690e+01,1.988318e+01,2.931615e+00,1.258925e-06,4.986447e-10
2.050000e+01,2.686870e+01,2.016928e+01,2.931615e+00,1.258925e-06,8.514331e-10
2.066667e+01,2.713394e+01,2.052131e+01,4.145930e+00,1.258925e-06,6.245867e-10
2.083333e+01,2.734429e+01,2.072965e+01,4.145930e+00,1.258925e-06,4.404367e-10
2.100000e+01,2.770854e+01,2.107231e+01,4.145930e+00,1.258925e-06,7.140167e-10
2.116667e+01,2.796583e+01,2.134248e+01,4.145930e+00,1.258925e-06,4.685483e-10
2.133333e+01,2.806808e+01,2.154288e+01,4.145930e+00,1.258925e-06,1.710580e-10
2.150000e+01,2.827147e+01,2.160927e+01,4.478116e+00,1.258925e-06,3.106749e-10
2.166667e+01,2.852368e+01,2.193820e+01,4.478116e+00,1.258925e-06,3.514627e-10
2.183333e+01,2.872384e+01,2.239058e+01,5.077706e+00,1.258925e-06,2.576194e-10
2.200000e+01,2.892263e+01,2.251816e+01,5.613615e+00,1.258925e-06,2.350007e-10
2.216667e+01,2.936497e+01,2.308356e+01,5.863230e+00,1.258925e-06,4.913883e-10
2.233333e+01,2.955944e+01,2.345292e+01,6.102643e+00,1.258925e-06,2.053002e-10
2.250000e+01,2.980075e+01,2.363544e+01,6.333012e+00,1.258925e-06,2.379596e-10
2.266667e+01,2.999239e+01,2.375633e+01,6.770275e+00,1.258925e-06,1.763401e-10
2.283333e+01,3.023024e+01,2.387662e+01,7.377736e+00,1.258925e-06,2.050929e-10
2.300000e+01,3.051322e+01,2.411539e+01,7.377736e+00,1.258925e-06,2.318113e-10
2.316667e+01,3.074704e+01,2.452765e+01,7.756324e+00,1.258925e-06,1.848071e-10
2.333333e+01,3.111750e+01,2.464417e+01,8.291860e+00,1.258925e-06,2.801188e-10
2.350000e+01,3.134681e+01,2.493309e+01,8.462844e+00,1.258925e-06,1.660771e-10
2.366667e+01,3.161979e+01,2.504773e+01,8.630441e+00,1.258925e-06,1.904810e-10
2.383333e+01,3.211423e+01,2.533205e+01,8.794845e+00,1.258925e-06,3.317562e-10
2.400000e+01,3.238075e+01,2.544489e+01,9.114762e+00,1.258925e-06,1.717481e-10
2.416667e+01,3.264508e+01,2.578044e+01,9.423824e+00,1.258925e-06,1.626800e-10
2.433333e+01,3.329675e+01,2.589132e+01,9.423824e+00,1.258925e-06,3.872079e-10
2.450000e+01,3.351115e+01,2.600173e+01,9.723067e+00,1.258925e-06,1.229992e-10
2.466667e+01,3.376664e+01,2.616648e+01,9.869287e+00,1.258925e-06,1.396109e-10
2.483333e+01,3.414629e+01,2.638454e+01,1.015541e+01,1.258925e-06,1.978547e-10
2.500000e+01,3.443868e+01,2.676186e+01,1.043369e+01,1.258925e-06,1.451905e-10
2.516667e+01,3.460465e+01,2.713394e+01,1.043369e+01,1.258925e-06,7.827356e-11
2.533333e+01,3.489320e+01,2.723932e+01,1.096910e+01,1.258925e-06,1.295174e-10
2.550000e+01,3.517938e+01,2.739662e+01,1.135410e+01,1.258925e-06,1.219102e-10
2.566667e+01,3.550362e+01,2.755302e+01,1.184798e+01,1.258925e-06,1.323114e-10
2.583333e+01,3.594468e+01,2.796583e+01,1.208736e+01,1.258925e-06,1.732283e-10
2.600000e+01,3.630156e+01,2.816996e+01,1.243779e+01,1.258925e-06,1.360329e-10
2.616667e+01,3.677201e+01,2.847341e+01,1.289022e+01,1.258925e-06,1.744019e-10
2.633333e+01,3.727496e+01,2.872384e+01,1.311058e+01,1.258925e-06,1.819210e-10
2.650000e+01,3.750482e+01,2.912005e+01,1.332730e+01,1.258925e-06,8.127890e-11
2.666667e+01,3.788482e+01,2.951094e+01,1.364593e+01,1.258925e-06,1.312779e-10
2.683333e+01,3.818609e+01,2.980075e+01,1.405953e+01,1.258925e-06,1.016858e-10
2.700000e+01,3.859651e+01,3.004012e+01,1.446131e+01,1.258925e-06,1.358456e-10
2.716667e+01,3.907598e+01,3.023024e+01,1.475547e+01,1.258925e-06,1.557570e-10
2.733333e+01,3.922234e+01,3.056012e+01,1.551265e+01,1.258925e-06,4.656771e-11
2.750000e+01,3.940451e+01,3.074704e+01,1.578723e+01,1.258925e-06,5.669380e-11
2.766667e+01,4.016063e+01,3.084007e+01,1.658372e+01,1.258925e-06,2.352103e-10
2.783333e+01,4.062165e+01,3.102530e+01,1.701011e+01,1.258925e-06,1.435341e-10
2.800000e+01,4.079758e+01,3.125529e+01,1.726088e+01,1.258925e-06,5.504991e-11
2.816667e+01,4.118198e+01,3.161979e+01,1.734367e+01,1.258925e-06,1.209276e-10
2.833333e+01,4.176909e+01,3.193532e+01,1.783232e+01,1.258925e-06,1.865297e-10
2.850000e+01,4.221254e+01,3.220332e+01,1.846375e+01,1.258925e-06,1.415836e-10
2.866667e+01,4.258417e+01,3.268893e+01,1.877150e+01,1.258925e-06,1.192524e-10
2.883333e+01,4.281898e+01,3.303762e+01,1.899904e+01,1.258925e-06,7.618158e-11
2.900000e+01,4.308577e+01,3.351115e+01,1.914923e+01,1.258925e-06,8.736520e-11
2.916667e+01,4.341695e+01,3.368169e+01,1.951966e+01,1.258925e-06,1.086938e-10
2.933333e+01,4.381106e+01,3.376664e+01,1.995509e+01,1.258925e-06,1.287115e-10
2.950000e+01,4.413679e+01,3.423008e+01,2.052131e+01,1.258925e-06,1.062129e-10
2.966667e+01,4.449235e+01,3.443868e+01,2.072965e+01,1.258925e-06,1.163207e-10
2.983333e+01,4.478116e+01,3.481100e+01,2.093592e+01,1.258925e-06,9.571342e-11
3.000000e+01,4.544791e+01,3.517938e+01,2.114018e+01,1.258925e-06,2.245569e-10
3.016667e+01,4.585581e+01,3.546325e+01,2.127526e+01,1.258925e-06,1.388831e-10
3.033333e+01,4.607395e+01,3.590481e+01,2.167546e+01,1.258925e-06,7.451743e-11
3.050000e+01,4.632199e+01,3.614338e+01,2.206840e+01,1.258925e-06,8.473403e-11
3.066667e+01,4.653795e+01,3.645905e+01,2.219783e+01,1.258925e-06,7.407274e-11
3.083333e+01,4.684473e+01,3.661586e+01,2.245446e+01,1.258925e-06,1.060813e-10
3.100000e+01,4.717988e+01,3.696626e+01,2.258168e+01,1.258925e-06,1.165569e-10
3.116667e+01,4.733144e+01,3.731337e+01,2.277118e+01,1.258925e-06,5.296867e-11
3.133333e+01,4.763311e+01,3.758113e+01,2.295912e+01,1.258925e-06,1.058074e-10
3.150000e+01,4.778323e+01,3.803575e+01,2.320733e+01,1.258925e-06,5.278919e-11
3.166667e+01,4.823079e+01,3.837319e+01,2.326897e+01,1.258925e-06,1.583250e-10
3.183333e+01,4.843823e+01,3.870768e+01,2.339177e+01,1.258925e-06,7.396302e-11
3.200000e+01,4.882115e+01,3.885542e+01,2.369596e+01,1.258925e-06,1.369816e-10
3.216667e+01,4.914282e+01,3.907598e+01,2.393654e+01,1.258925e-06,1.151632e-10
3.233333e+01,4.946241e+01,3.936814e+01,2.405592e+01,1.258925e-06,1.149233e-10
3.250000e+01,4.977994e+01,3.980237e+01,2.441057e+01,1.258925e-06,1.150835e-10
3.266667e+01,5.009546e+01,4.012495e+01,2.470223e+01,1.258925e-06,1.148960e-10
3.283333e+01,5.046580e+01,4.044496e+01,2.481793e+01,1.258925e-06,1.359909e-10
3.300000e+01,5.063582e+01,4.065690e+01,2.499048e+01,1.258925e-06,6.310526e-11
3.316667e+01,5.074885e+01,4.090277e+01,2.533205e+01,1.258925e-06,4.215077e-11
3.333333e+01,5.108642e+01,4.111235e+01,2.544489e+01,1.258925e-06,1.266020e-10
3.350000e+01,5.136605e+01,4.149383e+01,2.555723e+01,1.258925e-06,1.060918e-10
3.366667e+01,5.172729e+01,4.173478e+01,2.578044e+01,1.258925e-06,1.380504e-10
3.383333e+01,5.197592e+01,4.197434e+01,2.589132e+01,1.258925e-06,9.517508e-11
3.400000e+01,5.222336e+01,4.221254e+01,2.622116e+01,1.258925e-06,9.475256e-11
3.416667e+01,5.252420e+01,4.251684e+01,2.660081e+01,1.258925e-06,1.147949e-10
3.433333e+01,5.282333e+01,4.285242e+01,2.670828e+01,1.258925e-06,1.143157e-10
3.450000e+01,5.314774e+01,4.325167e+01,2.681533e+01,1.258925e-06,1.246511e-10
3.466667e+01,5.344338e+01,4.354871e+01,2.697511e+01,1.258925e-06,1.135794e-10
3.483333e+01,5.381730e+01,4.377835e+01,2.713394e+01,1.258925e-06,1.431262e-10
3.500000e+01,5.397676e+01,4.416923e+01,2.729185e+01,1.258925e-06,6.062408e-11
3.516667e+01,5.410928e+01,4.446014e+01,2.744885e+01,1.258925e-06,4.985009e-11
3.533333e+01,5.453119e+01,4.458883e+01,2.770854e+01,1.258925e-06,1.572734e-10
3.550000e+01,5.481937e+01,4.494081e+01,2.781174e+01,1.258925e-06,1.063159e-10
3.566667e+01,5.510605e+01,4.513164e+01,2.822076e+01,1.258925e-06,1.045160e-10
3.583333e+01,5.536537e+01,4.544791e+01,2.847341e+01,1.258925e-06,9.277327e-11
3.600000e+01,5.552038e+01,4.585581e+01,2.862393e+01,1.258925e-06,5.468184e-11
3.616667e+01,5.575209e+01,4.613608e+01,2.877367e+01,1.258925e-06,8.033178e-11
3.633333e+01,5.590604e+01,4.641467e+01,2.892263e+01,1.258925e-06,5.226705e-11
3.650000e+01,5.616167e+01,4.663019e+01,2.907082e+01,1.258925e-06,8.456279e-11
3.666667e+01,5.639074e+01,4.684473e+01,2.960786e+01,1.258925e-06,7.359627e-11
3.683333e+01,5.661889e+01,4.717988e+01,2.994460e+01,1.258925e-06,7.086998e-11
3.700000e+01,5.679571e+01,4.754281e+01,3.027759e+01,1.258925e-06,5.355022e-11
3.716667e+01,5.704735e+01,4.787307e+01,3.056012e+01,1.258925e-06,7.449140e-11
3.733333e+01,5.734787e+01,4.820108e+01,3.079359e+01,1.258925e-06,8.738200e-11
3.750000e+01,5.764681e+01,4.846779e+01,3.097909e+01,1.258925e-06,8.536043e-11
3.766667e+01,5.796894e+01,4.879180e+01,3.111750e+01,1.258925e-06,8.998434e-11
3.783333e+01,5.806769e+01,4.911367e+01,3.180048e+01,1.258925e-06,2.690012e-11
3.800000e+01,5.831384e+01,4.937545e+01,3.220332e+01,1.258925e-06,6.523003e-11
3.816667e+01,5.865673e+01,4.966471e+01,3.246910e+01,1.258925e-06,8.968935e-11
3.833333e+01,5.887610e+01,4.980871e+01,3.273272e+01,1.258925e-06,5.676393e-11
3.850000e+01,5.911888e+01,5.000961e+01,3.299424e+01,1.258925e-06,6.207792e-11
3.866667e+01,5.943303e+01,5.023822e+01,3.316744e+01,1.258925e-06,7.934062e-11
3.883333e+01,5.962552e+01,5.052254e+01,3.342555e+01,1.258925e-06,4.791929e-11
3.900000e+01,5.993701e+01,5.069236e+01,3.368169e+01,1.258925e-06,7.616189e-11
3.916667e+01,6.017552e+01,5.114247e+01,3.402021e+01,1.258925e-06,5.730872e-11
3.933333e+01,6.074412e+01,5.150529e+01,3.448025e+01,1.258925e-06,1.344300e-10
3.950000e+01,6.109681e+01,5.183794e+01,3.472861e+01,1.258925e-06,8.222634e-11
3.966667e+01,6.144747e+01,5.225078e+01,3.501613e+01,1.258925e-06,8.066072e-11
3.983333e+01,6.174977e+01,5.238767e+01,3.538238e+01,1.258925e-06,6.832225e-11
4.000000e+01,6.207368e+01,5.268757e+01,3.578492e+01,1.258925e-06,7.181595e-11
4.016667e+01,6.241885e+01,5.290462e+01,3.606403e+01,1.258925e-06,7.528065e-11
4.033333e+01,6.257928e+01,5.312078e+01,3.630156e+01,1.258925e-06,3.444405e-11
4.050000e+01,6.283056e+01,5.341657e+01,3.688868e+01,1.258925e-06,5.305205e-11
4.066667e+01,6.330750e+01,5.373739e+01,3.731337e+01,1.258925e-06,9.926996e-11
4.083333e+01,6.360096e+01,5.405631e+01,3.761922e+01,1.258925e-06,6.062795e-11
4.100000e+01,6.380333e+01,5.429427e+01,3.811100e+01,1.258925e-06,4.149802e-11
4.116667e+01,6.409452e+01,5.447863e+01,3.829846e+01,1.258925e-06,5.930991e-11
4.133333e+01,6.436214e+01,5.471476e+01,3.852221e+01,1.258925e-06,5.432382e-11
4.150000e+01,6.465081e+01,5.497593e+01,3.870768e+01,1.258925e-06,5.824455e-11
4.166667e+01,6.496025e+01,5.531360e+01,3.918580e+01,1.258925e-06,6.200850e-11
4.183333e+01,6.520235e+01,5.564923e+01,3.940451e+01,1.258925e-06,4.798190e-11
4.200000e+01,6.557475e+01,5.582912e+01,3.973033e+01,1.258925e-06,7.332148e-11
4.216667e+01,6.581460e+01,5.603400e+01,4.012495e+01,1.258925e-06,4.674787e-11
4.233333e+01,6.616190e+01,5.628905e+01,4.058637e+01,1.258925e-06,6.711038e-11
4.250000e+01,6.646431e+01,5.669474e+01,4.076245e+01,1.258925e-06,5.808451e-11
4.266667e+01,6.682968e+01,5.702224e+01,4.111235e+01,1.258925e-06,7.002665e-11
4.283333e+01,6.710774e+01,5.727289e+01,4.145930e+01,1.258925e-06,5.305287e-11
4.300000e+01,6.736339e+01,5.754734e+01,4.176909e+01,1.258925e-06,4.850274e-11
4.316667e+01,6.772390e+01,5.774612e+01,4.207659e+01,1.258925e-06,6.807685e-11
4.333333e+01,6.814560e+01,5.791949e+01,4.241565e+01,1.258925e-06,7.935641e-11
4.350000e+01,6.843924e+01,5.828928e+01,4.255052e+01,1.258925e-06,5.507358e-11
4.366667e+01,6.866908e+01,5.858342e+01,4.291922e+01,1.258925e-06,4.300990e-11
4.383333e+01,6.912646e+01,5.885176e+01,4.341695e+01,1.258925e-06,8.519177e-11
4.400000e+01,6.951905e+01,5.916732e+01,4.368008e+01,1.258925e-06,7.297823e-11
4.416667e+01,6.992993e+01,5.950529e+01,4.410433e+01,1.258925e-06,7.659929e-11
4.433333e+01,7.023650e+01,5.991311e+01,4.433109e+01,1.258925e-06,5.724328e-11
4.450000e+01,7.054175e+01,6.019932e+01,4.462094e+01,1.258925e-06,5.725660e-11
4.466667e+01,7.078500e+01,6.043679e+01,4.494081e+01,1.258925e-06,4.571566e-11
4.483333e+01,7.106774e+01,6.072054e+01,4.525841e+01,1.258925e-06,5.318315e-11
4.500000e+01,7.140955e+01,6.097947e+01,4.557381e+01,1.258925e-06,6.449298e-11
4.516667e+01,7.166984e+01,6.135416e+01,4.569936e+01,1.258925e-06,4.929251e-11
4.533333e+01,7.188935e+01,6.165691e+01,4.604285e+01,1.258925e-06,4.173628e-11
4.550000e+01,7.226694e+01,6.184249e+01,4.635290e+01,1.258925e-06,7.194339e-11
4.566667e+01,7.260311e+01,6.216591e+01,4.666090e+01,1.258925e-06,6.437393e-11
4.583333e+01,7.283948e+01,6.241885e+01,4.702783e+01,1.258925e-06,4.545060e-11
4.600000e+01,7.329038e+01,6.271647e+01,4.727087e+01,1.258925e-06,8.721264e-11
4.616667e+01,7.371909e+01,6.296720e+01,4.757293e+01,1.258925e-06,8.350476e-11
4.633333e+01,7.399062e+01,6.312623e+01,4.775324e+01,1.258925e-06,5.312356e-11
4.650000e+01,7.431900e+01,6.339794e+01,4.793288e+01,1.258925e-06,6.456391e-11
4.666667e+01,7.456913e+01,6.375842e+01,4.814161e+01,1.258925e-06,4.930252e-11
4.683333e+01,7.491409e+01,6.393789e+01,4.864479e+01,1.258925e-06,6.805026e-11
4.700000e+01,7.516225e+01,6.422847e+01,4.887979e+01,1.258925e-06,4.896302e-11
4.716667e+01,7.546655e+01,6.465081e+01,4.905530e+01,1.258925e-06,6.034095e-11
4.733333e+01,7.586410e+01,6.500434e+01,4.937545e+01,1.258925e-06,7.913192e-11
4.750000e+01,7.609033e+01,6.526823e+01,4.954921e+01,1.258925e-06,4.507069e-11
4.766667e+01,7.650336e+01,6.557475e+01,4.983746e+01,1.258925e-06,8.238762e-11
4.783333e+01,7.678369e+01,6.592333e+01,5.003824e+01,1.258925e-06,5.586166e-11
4.800000e+01,7.704442e+01,6.629168e+01,5.029522e+01,1.258925e-06,5.187029e-11
4.816667e+01,7.743386e+01,6.678680e+01,5.077706e+01,1.258925e-06,7.734242e-11
4.833333e+01,7.780295e+01,6.736339e+01,5.103032e+01,1.258925e-06,7.322552e-11
4.850000e+01,7.818862e+01,6.759688e+01,5.131024e+01,1.258925e-06,7.671399e-11
4.866667e+01,7.853592e+01,6.804042e+01,5.169959e+01,1.258925e-06,6.925930e-11
4.883333e+01,7.873629e+01,6.848109e+01,5.197592e+01,1.258925e-06,4.002157e-11
4.900000e+01,7.899057e+01,6.877330e+01,5.236032e+01,1.258925e-06,5.099731e-11
4.916667e+01,7.931631e+01,6.925068e+01,5.263317e+01,1.258925e-06,6.569810e-11
4.933333e+01,7.973059e+01,6.953966e+01,5.295874e+01,1.258925e-06,8.445780e-11
4.950000e+01,8.012485e+01,6.995041e+01,5.328232e+01,1.258925e-06,8.122550e-11
4.966667e+01,8.044600e+01,7.013446e+01,5.365737e+01,1.258925e-06,6.695450e-11
4.983333e+01,8.076586e+01,7.041981e+01,5.400329e+01,1.258925e-06,6.759591e-11
5.000000e+01,8.106680e+01,7.076476e+01,5.410928e+01,1.258925e-06,6.462077e-11
5.016667e+01,8.133141e+01,7.102741e+01,5.445233e+01,1.258925e-06,5.773844e-11
5.033333e+01,8.171795e+01,7.132927e+01,5.468857e+01,1.258925e-06,8.543099e-11
5.050000e+01,8.206777e+01,7.160986e+01,5.489770e+01,1.258925e-06,7.842346e-11
5.066667e+01,8.255503e+01,7.192919e+01,5.502801e+01,1.258925e-06,1.106412e-10
5.083333e+01,8.284947e+01,7.228676e+01,5.528770e+01,1.258925e-06,6.751526e-11
5.100000e+01,8.321175e+01,7.264256e+01,5.562349e+01,1.258925e-06,8.336521e-11
5.116667e+01,8.352102e+01,7.299663e+01,5.595725e+01,1.258925e-06,7.124988e-11
5.133333e+01,8.382916e+01,7.332945e+01,5.628905e+01,1.258925e-06,7.120632e-11
5.150000e+01,8.408507e+01,7.373852e+01,5.641614e+01,1.258925e-06,5.924460e-11
5.166667e+01,8.442508e+01,7.399062e+01,5.674524e+01,1.258925e-06,7.884259e-11
5.183333e+01,8.464536e+01,7.416465e+01,5.697197e+01,1.258925e-06,5.088915e-11
5.200000e+01,8.483130e+01,7.462674e+01,5.722284e+01,1.258925e-06,4.279802e-11
5.216667e+01,8.508420e+01,7.495233e+01,5.742275e+01,1.258925e-06,5.787743e-11
5.233333e+01,8.533636e+01,7.520036e+01,5.779571e+01,1.258925e-06,5.735585e-11
5.250000e+01,8.557103e+01,7.542858e+01,5.806769e+01,1.258925e-06,5.289970e-11
5.266667e+01,8.575496e+01,7.573181e+01,5.833840e+01,1.258925e-06,4.114476e-11
5.283333e+01,8.598849e+01,7.609033e+01,5.870555e+01,1.258925e-06,5.183067e-11
5.300000e+01,8.628781e+01,7.644717e+01,5.904615e+01,1.258925e-06,6.591002e-11
5.316667e+01,8.647022e+01,7.667168e+01,5.926408e+01,1.258925e-06,3.991202e-11
5.333333e+01,8.675137e+01,7.698863e+01,5.948121e+01,1.258925e-06,6.122594e-11
5.350000e+01,8.694928e+01,7.726720e+01,5.974552e+01,1.258925e-06,4.280144e-11
5.366667e+01,8.716318e+01,7.754477e+01,6.000866e+01,1.258925e-06,4.587015e-11
5.383333e+01,8.745848e+01,7.783976e+01,6.038937e+01,1.258925e-06,6.278903e-11
5.400000e+01,8.773647e+01,7.804192e+01,6.062610e+01,1.258925e-06,5.859308e-11
5.416667e+01,8.799730e+01,7.822525e+01,6.090896e+01,1.258925e-06,5.464040e-11
5.433333e+01,8.827359e+01,7.853592e+01,6.116710e+01,1.258925e-06,5.756678e-11
5.450000e+01,8.859753e+01,7.877267e+01,6.158718e+01,1.258925e-06,6.720930e-11
5.466667e+01,8.890418e+01,7.913551e+01,6.191193e+01,1.258925e-06,6.333121e-11
5.483333e+01,8.922583e+01,7.944262e+01,6.207368e+01,1.258925e-06,6.632095e-11
5.500000e+01,8.962627e+01,7.965869e+01,6.241885e+01,1.258925e-06,8.263966e-11
5.516667e+01,8.992941e+01,7.987418e+01,6.260217e+01,1.258925e-06,6.236901e-11
5.533333e+01,9.026328e+01,8.039256e+01,6.278495e+01,1.258925e-06,6.858779e-11
5.550000e+01,9.050100e+01,8.067714e+01,6.296720e+01,1.258925e-06,4.860463e-11
5.566667e+01,9.086430e+01,8.108447e+01,6.333012e+01,1.258925e-06,7.367476e-11
5.583333e+01,9.114762e+01,8.127855e+01,6.357843e+01,1.258925e-06,5.686583e-11
5.600000e+01,9.146138e+01,8.156004e+01,6.398268e+01,1.258925e-06,6.240163e-11
5.616667e+01,9.168037e+01,8.178803e+01,6.436214e+01,1.258925e-06,4.297223e-11
5.633333e+01,9.189885e+01,8.215499e+01,6.473937e+01,1.258925e-06,4.238943e-11
5.650000e+01,9.214789e+01,8.236395e+01,6.504839e+01,1.258925e-06,4.790844e-11
5.666667e+01,9.245826e+01,8.258972e+01,6.533403e+01,1.258925e-06,5.934575e-11
5.683333e+01,9.273671e+01,8.295314e+01,6.566207e+01,1.258925e-06,5.291701e-11
5.700000e+01,9.292187e+01,8.326337e+01,6.598848e+01,1.258925e-06,3.494618e-11
5.716667e+01,9.318356e+01,8.350387e+01,6.627006e+01,1.258925e-06,4.905659e-11
5.733333e+01,9.345984e+01,8.370946e+01,6.646431e+01,1.258925e-06,5.153257e-11
5.750000e+01,9.362828e+01,8.406803e+01,6.697955e+01,1.258925e-06,3.124044e-11
5.766667e+01,9.396425e+01,8.434021e+01,6.717174e+01,1.258925e-06,6.185713e-11
5.783333e+01,9.432939e+01,8.447597e+01,6.753328e+01,1.258925e-06,6.708846e-11
5.800000e+01,9.454175e+01,8.481442e+01,6.797724e+01,1.258925e-06,3.879013e-11
5.816667e+01,9.484428e+01,8.521878e+01,6.837643e+01,1.258925e-06,5.508330e-11
5.833333e+01,9.511574e+01,8.547053e+01,6.871079e+01,1.258925e-06,4.942398e-11
5.850000e+01,9.547648e+01,8.573826e+01,6.908501e+01,1.258925e-06,6.588874e-11
5.866667e+01,9.589563e+01,8.617153e+01,6.929204e+01,1.258925e-06,7.693733e-11
5.883333e+01,9.619391e+01,8.637077e+01,6.976587e+01,1.258925e-06,5.505462e-11
5.900000e+01,9.662478e+01,8.673486e+01,6.988895e+01,1.258925e-06,7.980323e-11
5.916667e+01,9.690603e+01,8.704807e+01,7.023650e+01,1.258925e-06,5.246468e-11
5.933333e+01,9.711275e+01,8.729455e+01,7.052144e+01,1.258925e-06,3.853653e-11
5.950000e+01,9.745140e+01,8.752397e+01,7.078500e+01,1.258925e-06,6.319447e-11
5.966667e+01,9.774493e+01,8.781806e+01,7.104758e+01,1.258925e-06,5.480421e-11
5.983333e+01,9.803758e+01,8.807865e+01,7.138949e+01,1.258925e-06,5.457620e-11
6.000000e+01,9.827107e+01,8.835468e+01,7.170981e+01,1.258925e-06,4.335362e-11
6.016667e+01,9.870738e+01,8.854901e+01,7.210820e+01,1.258925e-06,8.090856e-11
6.033333e+01,9.895377e+01,8.874291e+01,7.236597e+01,1.258925e-06,4.560802e-11
6.050000e+01,9.922842e+01,8.917766e+01,7.276077e+01,1.258925e-06,5.087384e-11
6.066667e+01,9.953110e+01,8.938622e+01,7.313386e+01,1.258925e-06,5.607086e-11
6.083333e+01,9.999057e+01,8.972211e+01,7.348556e+01,1.258925e-06,8.543315e-11
6.100000e+01,1.002767e+02,8.992941e+01,7.371909e+01,1.258925e-06,5.344547e-11
6.116667e+01,1.005904e+02,9.043767e+01,7.402933e+01,1.258925e-06,5.884225e-11
6.133333e+01,1.008322e+02,9.069073e+01,7.426115e+01,1.258925e-06,4.538645e-11
6.150000e+01,1.011726e+02,9.099033e+01,7.451148e+01,1.258925e-06,6.398459e-11
6.166667e+01,1.015118e+02,9.122616e+01,7.479928e+01,1.258925e-06,6.374918e-11
6.183333e+01,1.017514e+02,9.147704e+01,7.510506e+01,1.258925e-06,4.493955e-11
6.200000e+01,1.021027e+02,9.166475e+01,7.539059e+01,1.258925e-06,6.577253e-11
6.216667e+01,1.023829e+02,9.185207e+01,7.571290e+01,1.258925e-06,5.236406e-11
6.233333e+01,1.027460e+02,9.208570e+01,7.614679e+01,1.258925e-06,6.769517e-11
6.250000e+01,1.031218e+02,9.244277e+01,7.640968e+01,1.258925e-06,6.988701e-11
6.266667e+01,1.033992e+02,9.276759e+01,7.669036e+01,1.258925e-06,5.154293e-11
6.283333e+01,1.036897e+02,9.293728e+01,7.700723e+01,1.258925e-06,5.380579e-11
6.300000e+01,1.041033e+02,9.326038e+01,7.730427e+01,1.258925e-06,7.634311e-11
6.316667e+01,1.044741e+02,9.353644e+01,7.754477e+01,1.258925e-06,6.828414e-11
6.333333e+01,1.047890e+02,9.387274e+01,7.782136e+01,1.258925e-06,5.778385e-11
6.350000e+01,1.051847e+02,9.417742e+01,7.835332e+01,1.258925e-06,7.234558e-11
6.366667e+01,1.055381e+02,9.446596e+01,7.877267e+01,1.258925e-06,6.439432e-11
6.383333e+01,1.058904e+02,9.469313e+01,7.909930e+01,1.258925e-06,6.425038e-11
6.400000e+01,1.062281e+02,9.513080e+01,7.946065e+01,1.258925e-06,6.179485e-11
6.416667e+01,1.065243e+02,9.556645e+01,7.978447e+01,1.258925e-06,5.441760e-11
6.433333e+01,1.069671e+02,9.583587e+01,8.007120e+01,1.258925e-06,8.187686e-11
6.450000e+01,1.072079e+02,9.608962e+01,8.030342e+01,1.258925e-06,4.482953e-11
6.466667e+01,1.074348e+02,9.652095e+01,8.057054e+01,1.258925e-06,4.245183e-11
6.483333e+01,1.077676e+02,9.675810e+01,8.081905e+01,1.258925e-06,6.255723e-11
6.500000e+01,1.081126e+02,9.711275e+01,8.117275e+01,1.258925e-06,6.523481e-11
6.516667e+01,1.085490e+02,9.749549e+01,8.145460e+01,1.258925e-06,8.301998e-11
6.533333e+01,1.087862e+02,9.775958e+01,8.180554e+01,1.258925e-06,4.540536e-11
6.550000e+01,1.092592e+02,9.806680e+01,8.212011e+01,1.258925e-06,9.111891e-11
6.566667e+01,1.095603e+02,9.837305e+01,8.246823e+01,1.258925e-06,5.847933e-11
6.583333e+01,1.098867e+02,9.867835e+01,8.265907e+01,1.258925e-06,6.388985e-11
6.600000e+01,1.102121e+02,9.912732e+01,8.293587e+01,1.258925e-06,6.436265e-11
6.616667e+01,1.104328e+02,9.940149e+01,8.321175e+01,1.258925e-06,4.397384e-11
6.633333e+01,1.107954e+02,9.968928e+01,8.343523e+01,1.258925e-06,7.281807e-11
6.650000e+01,1.110666e+02,1.000192e+02,8.379497e+01,1.258925e-06,5.490652e-11
6.666667e+01,1.113242e+02,1.003481e+02,8.398280e+01,1.258925e-06,5.237139e-11
6.683333e+01,1.115684e+02,1.007043e+02,8.435719e+01,1.258925e-06,4.991437e-11
6.700000e+01,1.118249e+02,1.010734e+02,8.467920e+01,1.258925e-06,5.259303e-11
6.716667e+01,1.121447e+02,1.015682e+02,8.499999e+01,1.258925e-06,6.593320e-11
6.733333e+01,1.124763e+02,1.018640e+02,8.516834e+01,1.258925e-06,6.879697e-11
6.750000e+01,1.128704e+02,1.021588e+02,8.552079e+01,1.258925e-06,8.224077e-11
6.766667e+01,1.131239e+02,1.024529e+02,8.572155e+01,1.258925e-06,5.293514e-11
6.783333e+01,1.133642e+02,1.027321e+02,8.592183e+01,1.258925e-06,5.022915e-11
6.800000e+01,1.136671e+02,1.028993e+02,8.625461e+01,1.258925e-06,6.320774e-11
6.816667e+01,1.138937e+02,1.031495e+02,8.647022e+01,1.258925e-06,4.713279e-11
6.833333e+01,1.142703e+02,1.034546e+02,8.671834e+01,1.258925e-06,7.828249e-11
6.850000e+01,1.146333e+02,1.038002e+02,8.698223e+01,1.258925e-06,7.522190e-11
6.866667e+01,1.149452e+02,1.041858e+02,8.722889e+01,1.258925e-06,6.447994e-11
6.883333e+01,1.152439e+02,1.044878e+02,8.768748e+01,1.258925e-06,6.150702e-11
6.900000e+01,1.154674e+02,1.048027e+02,8.794845e+01,1.258925e-06,4.576407e-11
6.916667e+01,1.158019e+02,1.051302e+02,8.824113e+01,1.258925e-06,6.853597e-11
6.933333e+01,1.160243e+02,1.054431e+02,8.846809e+01,1.258925e-06,4.558104e-11
6.950000e+01,1.164310e+02,1.057280e+02,8.872677e+01,1.258925e-06,8.349681e-11
6.966667e+01,1.166645e+02,1.060796e+02,8.906515e+01,1.258925e-06,4.800536e-11
6.983333e+01,1.170690e+02,1.064571e+02,8.933813e+01,1.258925e-06,8.337833e-11
7.000000e+01,1.173989e+02,1.068331e+02,8.957831e+01,1.258925e-06,6.828552e-11
7.016667e+01,1.176914e+02,1.072747e+02,8.975403e+01,1.258925e-06,6.073012e-11
7.033333e+01,1.180316e+02,1.076346e+02,9.000902e+01,1.258925e-06,7.082540e-11
7.050000e+01,1.182620e+02,1.079270e+02,9.021566e+01,1.258925e-06,4.790054e-11
7.066667e+01,1.186006e+02,1.083376e+02,9.048517e+01,1.258925e-06,7.027773e-11
7.083333e+01,1.188540e+02,1.086545e+02,9.072232e+01,1.258925e-06,5.236043e-11
7.100000e+01,1.190828e+02,1.090230e+02,9.102181e+01,1.258925e-06,4.704822e-11
7.116667e+01,1.193951e+02,1.093771e+02,9.122616e+01,1.258925e-06,6.388732e-11
7.133333e+01,1.195989e+02,1.097824e+02,9.155530e+01,1.258925e-06,4.149636e-11
7.150000e+01,1.199218e+02,1.101081e+02,9.188326e+01,1.258925e-06,6.534029e-11
7.166667e+01,1.202558e+02,1.104328e+02,9.216344e+01,1.258925e-06,6.722301e-11
7.183333e+01,1.204938e+02,1.106402e+02,9.245826e+01,1.258925e-06,4.769810e-11
7.200000e+01,1.208262e+02,1.109762e+02,9.275215e+01,1.258925e-06,6.633738e-11
7.216667e+01,1.210867e+02,1.112727e+02,9.313743e+01,1.258925e-06,5.180692e-11
7.233333e+01,1.213821e+02,1.115427e+02,9.339851e+01,1.258925e-06,5.860629e-11
7.250000e+01,1.217238e+02,1.118505e+02,9.367416e+01,1.258925e-06,6.787736e-11
7.266667e+01,1.220177e+02,1.121830e+02,9.396425e+01,1.258925e-06,5.840763e-11
7.283333e+01,1.222991e+02,1.123616e+02,9.425344e+01,1.258925e-06,5.586405e-11
7.300000e+01,1.227667e+02,1.126417e+02,9.455690e+01,1.258925e-06,9.273701e-11
7.316667e+01,1.229532e+02,1.128704e+02,9.484428e+01,1.258925e-06,3.687838e-11
7.333333e+01,1.232209e+02,1.131619e+02,9.504041e+01,1.258925e-06,5.266360e-11
7.350000e+01,1.234995e+02,1.134652e+02,9.550648e+01,1.258925e-06,5.455174e-11
7.366667e+01,1.238123e+02,1.137300e+02,9.571622e+01,1.258925e-06,6.077373e-11
7.383333e+01,1.240088e+02,1.139942e+02,9.601506e+01,1.258925e-06,3.800471e-11
7.400000e+01,1.243664e+02,1.143580e+02,9.638730e+01,1.258925e-06,6.877261e-11
7.416667e+01,1.246999e+02,1.145082e+02,9.665442e+01,1.258925e-06,6.385131e-11
7.433333e+01,1.248492e+02,1.147706e+02,9.700944e+01,1.258925e-06,2.841034e-11
7.450000e+01,1.251013e+02,1.149702e+02,9.739259e+01,1.258925e-06,4.772439e-11
7.466667e+01,1.253301e+02,1.152066e+02,9.762762e+01,1.258925e-06,4.316287e-11
7.483333e+01,1.256839e+02,1.155170e+02,9.790600e+01,1.258925e-06,6.670745e-11
7.500000e+01,1.259116e+02,1.158514e+02,9.827107e+01,1.258925e-06,4.283337e-11
7.516667e+01,1.262411e+02,1.161477e+02,9.850401e+01,1.258925e-06,6.179991e-11
7.533333e+01,1.265811e+02,1.163079e+02,9.886688e+01,1.258925e-06,6.370742e-11
7.550000e+01,1.268862e+02,1.165786e+02,9.914177e+01,1.258925e-06,5.698625e-11
7.566667e+01,1.272357e+02,1.167995e+02,9.950232e+01,1.258925e-06,6.517367e-11
7.583333e+01,1.275842e+02,1.170935e+02,9.981852e+01,1.258925e-06,6.484862e-11
7.600000e+01,1.278422e+02,1.174111e+02,1.002195e+02,1.258925e-06,4.791458e-11
7.616667e+01,1.280772e+02,1.177887e+02,1.005477e+02,1.258925e-06,4.352637e-11
7.633333e+01,1.284235e+02,1.180802e+02,1.008890e+02,1.258925e-06,6.405677e-11
7.650000e+01,1.286909e+02,1.183104e+02,1.012716e+02,1.258925e-06,4.940007e-11
7.666667e+01,1.289800e+02,1.185765e+02,1.014695e+02,1.258925e-06,5.335449e-11
7.683333e+01,1.292462e+02,1.189383e+02,1.017373e+02,1.258925e-06,4.918517e-11
7.700000e+01,1.294898e+02,1.192871e+02,1.021308e+02,1.258925e-06,4.489079e-11
7.716667e+01,1.299205e+02,1.195390e+02,1.024808e+02,1.258925e-06,7.919673e-11
7.733333e+01,1.302948e+02,1.197784e+02,1.027460e+02,1.258925e-06,6.880797e-11
7.750000e+01,1.305584e+02,1.200293e+02,1.030245e+02,1.258925e-06,4.844562e-11
7.766667e+01,1.309199e+02,1.202320e+02,1.033992e+02,1.258925e-06,6.642972e-11
7.783333e+01,1.311386e+02,1.205413e+02,1.038002e+02,1.258925e-06,4.007594e-11
7.800000e+01,1.315421e+02,1.208025e+02,1.041721e+02,1.258925e-06,7.395895e-11
7.816667e+01,1.318249e+02,1.210985e+02,1.045290e+02,1.258925e-06,5.188262e-11
7.833333e+01,1.321613e+02,1.213821e+02,1.048437e+02,1.258925e-06,6.189105e-11
7.850000e+01,1.324753e+02,1.216885e+02,1.052119e+02,1.258925e-06,5.796627e-11
7.866667e+01,1.328747e+02,1.218885e+02,1.056467e+02,1.258925e-06,7.397671e-11
7.883333e+01,1.331547e+02,1.222288e+02,1.059310e+02,1.258925e-06,5.197563e-11
7.900000e+01,1.334770e+02,1.226032e+02,1.062550e+02,1.258925e-06,6.014368e-11
7.916667e+01,1.337129e+02,1.229998e+02,1.065512e+02,1.258925e-06,4.420084e-11
7.933333e+01,1.340232e+02,1.233138e+02,1.068063e+02,1.258925e-06,5.846415e-11
7.950000e+01,1.343755e+02,1.236618e+02,1.070474e+02,1.258925e-06,6.674913e-11
7.966667e+01,1.346311e+02,1.239626e+02,1.072880e+02,1.258925e-06,4.868470e-11
7.983333e+01,1.349605e+02,1.243203e+02,1.075281e+02,1.258925e-06,6.302804e-11
