Time,avgI1rd,avgI2rd,avgDrd,Beta,Beff
0.000000e+00,1.692569e+00,0.000000e+00,0.000000e+00,5.011872e-06,0.000000e+00
1.666667e-01,1.692569e+00,0.000000e+00,0.000000e+00,5.011872e-06,0.000000e+00
3.333333e-01,1.692569e+00,0.000000e+00,0.000000e+00,5.011872e-06,0.000000e+00
5.000000e-01,1.692569e+00,0.000000e+00,0.000000e+00,5.011872e-06,0.000000e+00
6.666667e-01,1.692569e+00,0.000000e+00,0.000000e+00,5.011872e-06,0.000000e+00
8.333333e-01,1.692569e+00,0.000000e+00,0.000000e+00,5.011872e-06,0.000000e+00
1.000000e+00,1.692569e+00,0.000000e+00,0.000000e+00,5.011872e-06,0.000000e+00
1.166667e+00,1.692569e+00,0.000000e+00,0.000000e+00,5.011872e-06,0.000000e+00
1.333333e+00,1.692569e+00,0.000000e+00,0.000000e+00,5.011872e-06,0.000000e+00
1.500000e+00,1.692569e+00,0.000000e+00,0.000000e+00,5.011872e-06,0.000000e+00
1.666667e+00,1.692569e+00,1.692569e+00,0.000000e+00,5.011872e-06,0.000000e+00
1.833333e+00,1.692569e+00,1.692569e+00,0.000000e+00,5.011872e-06,0.000000e+00
2.000000e+00,1.692569e+00,1.692569e+00,0.000000e+00,5.011872e-06,0.000000e+00
2.166667e+00,1.692569e+00,1.692569e+00,0.000000e+00,5.011872e-06,0.000000e+00
2.333333e+00,1.692569e+00,1.692569e+00,0.000000e+00,5.011872e-06,0.000000e+00
2.500000e+00,1.692569e+00,1.692569e+00,0.000000e+00,5.011872e-06,0.000000e+00
2.666667e+00,1.692569e+00,1.692569e+00,0.000000e+00,5.011872e-06,0.000000e+00
2.833333e+00,1.692569e+00,1.692569e+00,0.000000e+00,5.011872e-06,0.000000e+00
3.000000e+00,1.692569e+00,1.692569e+00,0.000000e+00,5.011872e-06,0.000000e+00
3.166667e+00,1.692569e+00,1.692569e+00,0.000000e+00,5.011872e-06,0.000000e+00
3.333333e+00,1.692569e+00,1.692569e+00,0.000000e+00,5.011872e-06,0.000000e+00
3.500000e+00,1.692569e+00,1.692569e+00,0.000000e+00,5.011872e-06,0.000000e+00
3.666667e+00,1.692569e+00,1.692569e+00,0.000000e+00,5.011872e-06,0.000000e+00
3.833333e+00,1.692569e+00,1.692569e+00,0.000000e+00,5.011872e-06,0.000000e+00
4.000000e+00,1.692569e+00,1.692569e+00,0.000000e+00,5.011872e-06,0.000000e+00
4.166667e+00,1.692569e+00,1.692569e+00,0.000000e+00,5.011872e-06,0.000000e+00
4.333333e+00,1.692569e+00,1.692569e+00,0.000000e+00,5.011872e-06,0.000000e+00
4.500000e+00,1.692569e+00,1.692569e+00,0.000000e+00,5.011872e-06,0.000000e+00
4.666667e+00,2.393654e+00,1.692569e+00,0.000000e+00,5.011872e-06,6.195422e-05
4.833333e+00,2.393654e+00,1.692569e+00,0.000000e+00,5.011872e-06,0.000000e+00
5.000000e+00,2.393654e+00,1.692569e+00,0.000000e+00,5.011872e-06,0.000000e+00
5.166667e+00,2.393654e+00,1.692569e+00,0.000000e+00,5.011872e-06,0.000000e+00
5.333333e+00,2.393654e+00,2.393654e+00,0.000000e+00,5.011872e-06,0.000000e+00
5.500000e+00,2.393654e+00,2.393654e+00,0.000000e+00,5.011872e-06,0.000000e+00
5.666667e+00,2.393654e+00,2.393654e+00,0.000000e+00,5.011872e-06,0.000000e+00
5.833333e+00,2.931615e+00,2.393654e+00,0.000000e+00,5.011872e-06,1.290929e-05
6.000000e+00,2.931615e+00,2.393654e+00,0.000000e+00,5.011872e-06,0.000000e+00
6.166667e+00,2.931615e+00,2.393654e+00,0.000000e+00,5.011872e-06,0.000000e+00
6.333333e+00,2.931615e+00,2.393654e+00,0.000000e+00,5.011872e-06,0.000000e+00
6.500000e+00,3.784699e+00,2.393654e+00,0.000000e+00,5.011872e-06,1.055680e-05
6.666667e+00,4.145930e+00,2.393654e+00,0.000000e+00,5.011872e-06,4.221671e-06
6.833333e+00,5.077706e+00,2.393654e+00,0.000000e+00,5.011872e-06,1.013062e-05
7.000000e+00,5.077706e+00,2.393654e+00,0.000000e+00,5.011872e-06,0.000000e+00
7.166667e+00,5.352372e+00,2.393654e+00,0.000000e+00,5.011872e-06,2.160420e-06
7.333333e+00,5.352372e+00,2.393654e+00,0.000000e+00,5.011872e-06,0.000000e+00
7.500000e+00,5.613615e+00,2.931615e+00,0.000000e+00,5.011872e-06,1.382322e-06
7.666667e+00,5.863230e+00,2.931615e+00,0.000000e+00,5.011872e-06,1.105786e-06
7.833333e+00,6.102643e+00,2.931615e+00,0.000000e+00,5.011872e-06,8.845050e-07
8.000000e+00,6.555291e+00,2.931615e+00,0.000000e+00,5.011872e-06,1.415157e-06
8.166667e+00,6.770275e+00,2.931615e+00,0.000000e+00,5.011872e-06,5.660602e-07
8.333333e+00,7.377736e+00,2.931615e+00,0.000000e+00,5.011872e-06,1.358734e-06
8.500000e+00,7.377736e+00,2.931615e+00,0.000000e+00,5.011872e-06,0.000000e+00
8.666667e+00,7.938851e+00,2.931615e+00,0.000000e+00,5.011872e-06,8.699638e-07
8.833333e+00,8.117275e+00,2.931615e+00,0.000000e+00,5.011872e-06,2.320734e-07
9.000000e+00,8.630441e+00,4.145930e+00,0.000000e+00,5.011872e-06,5.572930e-07
9.166667e+00,9.114762e+00,4.145930e+00,0.000000e+00,5.011872e-06,4.461639e-07
9.333333e+00,9.723067e+00,4.145930e+00,0.000000e+00,5.011872e-06,4.763648e-07
9.500000e+00,1.001337e+01,4.787307e+00,0.000000e+00,5.011872e-06,1.907662e-07
9.666667e+00,1.029549e+01,5.352372e+00,0.000000e+00,5.011872e-06,1.528397e-07
9.833333e+00,1.070474e+01,5.613615e+00,0.000000e+00,5.011872e-06,1.837607e-07
1.000000e+01,1.122723e+01,5.863230e+00,0.000000e+00,5.011872e-06,1.964944e-07
1.016667e+01,1.160367e+01,5.863230e+00,0.000000e+00,5.011872e-06,1.182566e-07
1.033333e+01,1.160367e+01,6.102643e+00,0.000000e+00,5.011872e-06,0.000000e+00
1.050000e+01,1.184798e+01,6.555291e+00,0.000000e+00,5.011872e-06,5.088431e-08
1.066667e+01,1.220529e+01,6.770275e+00,0.000000e+00,5.011872e-06,6.142554e-08
1.083333e+01,1.255243e+01,6.978640e+00,0.000000e+00,5.011872e-06,4.950502e-08
1.100000e+01,1.289022e+01,7.180961e+00,0.000000e+00,5.011872e-06,3.996833e-08
1.116667e+01,1.311058e+01,7.938851e+00,0.000000e+00,5.011872e-06,2.155834e-08
1.133333e+01,1.364593e+01,8.117275e+00,0.000000e+00,5.011872e-06,4.372463e-08
1.150000e+01,1.395728e+01,8.291860e+00,0.000000e+00,5.011872e-06,2.134851e-08
1.166667e+01,1.436192e+01,8.630441e+00,0.000000e+00,5.011872e-06,2.325107e-08
1.183333e+01,1.456003e+01,9.114762e+00,0.000000e+00,5.011872e-06,9.538144e-09
1.200000e+01,1.513880e+01,9.270581e+00,0.000000e+00,5.011872e-06,2.360317e-08
1.216667e+01,1.578723e+01,9.574615e+00,0.000000e+00,5.011872e-06,2.285297e-08
1.233333e+01,1.614608e+01,9.723067e+00,0.000000e+00,5.011872e-06,1.091122e-08
1.250000e+01,1.641006e+01,1.029549e+01,0.000000e+00,5.011872e-06,6.890191e-09
1.266667e+01,1.684085e+01,1.043369e+01,0.000000e+00,5.011872e-06,9.752052e-09
1.283333e+01,1.701011e+01,1.043369e+01,0.000000e+00,5.011872e-06,3.342655e-09
1.300000e+01,1.734367e+01,1.070474e+01,0.000000e+00,5.011872e-06,5.785149e-09
1.316667e+01,1.783232e+01,1.096910e+01,0.000000e+00,5.011872e-06,7.586171e-09
1.333333e+01,1.822952e+01,1.109892e+01,0.000000e+00,5.011872e-06,5.583675e-09
1.350000e+01,1.861826e+01,1.196827e+01,0.000000e+00,5.011872e-06,4.982859e-09
1.366667e+01,1.877150e+01,1.208736e+01,0.000000e+00,5.011872e-06,1.796608e-09
1.383333e+01,1.914923e+01,1.255243e+01,0.000000e+00,5.011872e-06,4.088608e-09
1.400000e+01,1.959290e+01,1.277861e+01,0.000000e+00,5.011872e-06,4.508282e-09
1.416667e+01,1.973857e+01,1.300087e+01,0.000000e+00,5.011872e-06,1.392806e-09
1.433333e+01,1.988318e+01,1.321938e+01,0.000000e+00,5.011872e-06,1.301444e-09
1.450000e+01,2.038123e+01,1.364593e+01,0.000000e+00,5.011872e-06,4.288886e-09
1.466667e+01,2.059099e+01,1.385427e+01,1.692569e+00,5.011872e-06,1.742159e-09
1.483333e+01,2.093592e+01,1.405953e+01,1.692569e+00,5.011872e-06,2.768899e-09
1.500000e+01,2.120783e+01,1.416105e+01,1.692569e+00,5.011872e-06,2.406741e-09
1.516667e+01,2.160927e+01,1.436192e+01,1.692569e+00,5.011872e-06,3.911329e-09
1.533333e+01,2.226227e+01,1.446131e+01,1.692569e+00,5.011872e-06,7.036731e-09
1.550000e+01,2.258168e+01,1.465808e+01,1.692569e+00,5.011872e-06,3.778072e-09
1.566667e+01,2.308356e+01,1.494836e+01,1.692569e+00,5.011872e-06,6.449533e-09
1.583333e+01,2.333045e+01,1.523312e+01,1.692569e+00,5.011872e-06,3.411581e-09
1.600000e+01,2.357475e+01,1.523312e+01,1.692569e+00,5.011872e-06,3.571893e-09
1.616667e+01,2.393654e+01,1.542004e+01,1.692569e+00,5.011872e-06,5.539524e-09
1.633333e+01,2.417472e+01,1.551265e+01,1.692569e+00,5.011872e-06,3.761513e-09
1.650000e+01,2.429293e+01,1.578723e+01,1.692569e+00,5.011872e-06,1.883367e-09
1.666667e+01,2.464417e+01,1.605712e+01,1.692569e+00,5.011872e-06,5.555558e-09
1.683333e+01,2.493309e+01,1.641006e+01,1.692569e+00,5.011872e-06,4.465867e-09
1.700000e+01,2.533205e+01,1.641006e+01,1.692569e+00,5.011872e-06,5.913956e-09
1.716667e+01,2.572482e+01,1.658372e+01,1.692569e+00,5.011872e-06,5.496143e-09
1.733333e+01,2.600173e+01,1.666987e+01,1.692569e+00,5.011872e-06,3.591680e-09
1.750000e+01,2.638454e+01,1.709411e+01,1.692569e+00,5.011872e-06,4.540775e-09
1.766667e+01,2.654690e+01,1.742606e+01,1.692569e+00,5.011872e-06,1.738835e-09
1.783333e+01,2.670828e+01,1.783232e+01,1.692569e+00,5.011872e-06,1.541480e-09
1.800000e+01,2.692195e+01,1.815078e+01,2.393654e+00,5.011872e-06,1.809014e-09
1.816667e+01,2.713394e+01,1.846375e+01,2.393654e+00,5.011872e-06,1.586543e-09
1.833333e+01,2.744885e+01,1.869503e+01,2.393654e+00,5.011872e-06,2.232860e-09
1.850000e+01,2.765680e+01,1.877150e+01,2.393654e+00,5.011872e-06,1.371746e-09
1.866667e+01,2.811906e+01,1.937233e+01,2.393654e+00,5.011872e-06,2.800476e-09
1.883333e+01,2.832209e+01,1.959290e+01,2.393654e+00,5.011872e-06,1.088557e-09
1.900000e+01,2.847341e+01,2.009814e+01,2.931615e+00,5.011872e-06,7.096260e-10
1.916667e+01,2.867393e+01,2.038123e+01,3.385138e+00,5.011872e-06,8.199497e-10
1.933333e+01,2.877367e+01,2.079863e+01,3.385138e+00,5.011872e-06,3.593612e-10
1.950000e+01,2.916920e+01,2.086739e+01,3.385138e+00,5.011872e-06,1.279003e-09
1.966667e+01,2.936497e+01,2.120783e+01,3.385138e+00,5.011872e-06,5.655705e-10
1.983333e+01,2.970446e+01,2.160927e+01,3.385138e+00,5.011872e-06,8.725509e-10
2.000000e+01,2.999239e+01,2.187281e+01,3.385138e+00,5.011872e-06,6.585072e-10
2.016667e+01,3.018282e+01,2.200339e+01,3.784699e+00,5.011872e-06,3.866472e-10
2.033333e+01,3.041919e+01,2.239058e+01,3.784699e+00,5.011872e-06,4.263435e-10
2.050000e+01,3.079359e+01,2.251816e+01,4.145930e+00,5.011872e-06,6.118010e-10
2.066667e+01,3.097909e+01,2.289665e+01,4.145930e+00,5.011872e-06,2.739670e-10
2.083333e+01,3.130108e+01,2.320733e+01,4.478116e+00,5.011872e-06,4.349756e-10
2.100000e+01,3.152906e+01,2.339177e+01,4.787307e+00,5.011872e-06,2.811039e-10
2.116667e+01,3.193532e+01,2.351392e+01,5.352372e+00,5.011872e-06,4.589675e-10
2.133333e+01,3.229215e+01,2.387662e+01,5.352372e+00,5.011872e-06,3.717252e-10
2.150000e+01,3.251318e+01,2.405592e+01,5.613615e+00,5.011872e-06,2.119065e-10
2.166667e+01,3.277645e+01,2.429293e+01,5.863230e+00,5.011872e-06,2.319940e-10
2.183333e+01,3.308095e+01,2.452765e+01,6.555291e+00,5.011872e-06,2.489176e-10
2.200000e+01,3.338267e+01,2.476015e+01,6.555291e+00,5.011872e-06,2.303708e-10
2.216667e+01,3.372419e+01,2.487558e+01,6.978640e+00,5.011872e-06,2.481298e-10
2.233333e+01,3.414629e+01,2.533205e+01,7.377736e+00,5.011872e-06,2.908744e-10
2.250000e+01,3.456323e+01,2.561321e+01,7.377736e+00,5.011872e-06,2.742378e-10
2.266667e+01,3.493423e+01,2.611168e+01,7.756324e+00,5.011872e-06,2.336764e-10
2.283333e+01,3.509785e+01,2.638454e+01,8.117275e+00,5.011872e-06,9.786323e-11
2.300000e+01,3.526072e+01,2.665460e+01,8.794845e+00,5.011872e-06,9.256844e-11
2.316667e+01,3.562445e+01,2.686870e+01,8.794845e+00,5.011872e-06,1.977786e-10
2.333333e+01,3.598451e+01,2.702816e+01,9.270581e+00,5.011872e-06,1.900174e-10
2.350000e+01,3.626208e+01,2.723932e+01,9.423824e+00,5.011872e-06,1.410614e-10
2.366667e+01,3.653754e+01,2.760496e+01,1.015541e+01,5.011872e-06,1.354049e-10
2.383333e+01,3.688868e+01,2.796583e+01,1.096910e+01,5.011872e-06,1.667063e-10
2.400000e+01,3.708232e+01,2.811906e+01,1.147956e+01,5.011872e-06,8.938750e-11
2.416667e+01,3.739007e+01,2.852368e+01,1.196827e+01,5.011872e-06,1.395875e-10
2.433333e+01,3.773328e+01,2.882341e+01,1.243779e+01,5.011872e-06,1.542203e-10
2.450000e+01,3.807339e+01,2.892263e+01,1.277861e+01,5.011872e-06,1.517691e-10
2.466667e+01,3.848501e+01,2.946237e+01,1.321938e+01,5.011872e-06,1.830598e-10
2.483333e+01,3.878162e+01,2.980075e+01,1.332730e+01,5.011872e-06,1.312852e-10
2.500000e+01,3.914923e+01,3.027759e+01,1.354055e+01,5.011872e-06,1.618522e-10
2.516667e+01,3.973033e+01,3.051322e+01,1.375049e+01,5.011872e-06,2.534641e-10
2.533333e+01,4.016063e+01,3.079359e+01,1.385427e+01,5.011872e-06,1.853715e-10
2.550000e+01,4.033857e+01,3.097909e+01,1.395728e+01,5.011872e-06,7.515097e-11
2.566667e+01,4.055106e+01,3.120943e+01,1.426184e+01,5.011872e-06,8.736722e-11
2.583333e+01,4.111235e+01,3.161979e+01,1.436192e+01,5.011872e-06,2.249175e-10
2.600000e+01,4.142473e+01,3.189044e+01,1.504388e+01,5.011872e-06,1.218534e-10
2.616667e+01,4.180336e+01,3.246910e+01,1.542004e+01,5.011872e-06,1.428996e-10
2.633333e+01,4.194020e+01,3.282013e+01,1.569624e+01,5.011872e-06,5.030091e-11
2.650000e+01,4.234806e+01,3.316744e+01,1.587770e+01,5.011872e-06,1.461952e-10
2.666667e+01,4.265139e+01,3.346838e+01,1.623455e+01,5.011872e-06,1.063004e-10
2.683333e+01,4.291922e+01,3.372419e+01,1.641006e+01,5.011872e-06,9.151852e-11
2.700000e+01,4.328478e+01,3.406229e+01,1.675558e+01,5.011872e-06,1.222346e-10
2.716667e+01,4.381106e+01,3.448025e+01,1.717770e+01,5.011872e-06,1.725304e-10
2.733333e+01,4.420165e+01,3.460465e+01,1.758969e+01,5.011872e-06,1.258559e-10
2.750000e+01,4.455669e+01,3.497520e+01,1.791246e+01,5.011872e-06,1.126353e-10
2.766667e+01,4.494081e+01,3.538238e+01,1.799225e+01,5.011872e-06,1.203537e-10
2.783333e+01,4.513164e+01,3.562445e+01,1.822952e+01,5.011872e-06,5.902056e-11
2.800000e+01,4.544791e+01,3.582493e+01,1.861826e+01,5.011872e-06,9.600407e-11
2.816667e+01,4.591824e+01,3.622255e+01,1.937233e+01,5.011872e-06,1.402003e-10
2.833333e+01,4.622913e+01,3.641974e+01,1.951966e+01,5.011872e-06,9.110437e-11
2.850000e+01,4.656872e+01,3.684983e+01,1.981101e+01,5.011872e-06,9.885412e-11
2.866667e+01,4.696688e+01,3.704368e+01,2.002674e+01,5.011872e-06,1.150079e-10
2.883333e+01,4.742214e+01,3.739007e+01,2.052131e+01,5.011872e-06,1.308854e-10
2.900000e+01,4.772324e+01,3.761922e+01,2.086739e+01,5.011872e-06,8.590706e-11
2.916667e+01,4.808206e+01,3.777122e+01,2.114018e+01,5.011872e-06,1.019250e-10
2.933333e+01,4.840865e+01,3.811100e+01,2.127526e+01,5.011872e-06,9.266915e-11
2.950000e+01,4.879180e+01,3.837319e+01,2.174144e+01,5.011872e-06,1.086417e-10
2.966667e+01,4.893837e+01,3.878162e+01,2.206840e+01,5.011872e-06,4.135619e-11
2.983333e+01,4.917196e+01,3.933174e+01,2.213321e+01,5.011872e-06,6.587260e-11
3.000000e+01,4.952029e+01,3.962202e+01,2.258168e+01,5.011872e-06,9.862068e-11
3.016667e+01,4.992361e+01,3.976636e+01,2.308356e+01,5.011872e-06,1.139839e-10
3.033333e+01,5.018117e+01,4.012495e+01,2.333045e+01,5.011872e-06,7.303072e-11
3.050000e+01,5.049418e+01,4.040953e+01,2.351392e+01,5.011872e-06,8.962727e-11
3.066667e+01,5.072061e+01,4.093778e+01,2.363544e+01,5.011872e-06,6.534333e-11
3.083333e+01,5.103032e+01,4.135552e+01,2.399630e+01,5.011872e-06,8.991014e-11
3.100000e+01,5.136605e+01,4.176909e+01,2.423390e+01,5.011872e-06,9.761573e-11
3.116667e+01,5.164415e+01,4.228035e+01,2.452765e+01,5.011872e-06,8.119431e-11
3.133333e+01,5.216847e+01,4.258417e+01,2.470223e+01,5.011872e-06,1.538705e-10
3.150000e+01,5.252420e+01,4.281898e+01,2.487558e+01,5.011872e-06,1.051597e-10
3.166667e+01,5.266038e+01,4.321854e+01,2.499048e+01,5.011872e-06,4.035701e-11
3.183333e+01,5.301281e+01,4.335091e+01,2.538853e+01,5.011872e-06,1.040679e-10
3.200000e+01,5.341657e+01,4.354871e+01,2.561321e+01,5.011872e-06,1.188710e-10
3.216667e+01,5.384391e+01,4.384374e+01,2.600173e+01,5.011872e-06,1.261628e-10
3.233333e+01,5.418864e+01,4.416923e+01,2.633019e+01,5.011872e-06,1.019191e-10
3.250000e+01,5.453119e+01,4.449235e+01,2.660081e+01,5.011872e-06,1.016659e-10
3.266667e+01,5.481937e+01,4.478116e+01,2.686870e+01,5.011872e-06,8.586365e-11
3.283333e+01,5.520992e+01,4.506812e+01,2.718668e+01,5.011872e-06,1.165796e-10
3.300000e+01,5.554618e+01,4.522675e+01,2.739662e+01,5.011872e-06,1.006356e-10
3.316667e+01,5.588041e+01,4.566800e+01,2.760496e+01,5.011872e-06,1.002097e-10
3.333333e+01,5.618716e+01,4.588703e+01,2.781174e+01,5.011872e-06,9.195159e-11
3.350000e+01,5.654294e+01,4.613608e+01,2.801700e+01,5.011872e-06,1.065053e-10
3.366667e+01,5.674524e+01,4.653795e+01,2.842306e+01,5.011872e-06,6.033234e-11
3.383333e+01,5.717276e+01,4.690584e+01,2.877367e+01,5.011872e-06,1.269041e-10
3.400000e+01,5.744769e+01,4.733144e+01,2.897211e+01,5.011872e-06,8.127569e-11
3.416667e+01,5.772131e+01,4.769321e+01,2.921827e+01,5.011872e-06,8.045763e-11
3.433333e+01,5.801833e+01,4.802244e+01,2.965620e+01,5.011872e-06,8.651289e-11
3.450000e+01,5.843653e+01,4.843823e+01,2.994460e+01,5.011872e-06,1.206838e-10
3.466667e+01,5.865673e+01,4.879180e+01,3.032486e+01,5.011872e-06,6.316440e-11
3.483333e+01,5.892473e+01,4.914282e+01,3.046624e+01,5.011872e-06,7.627674e-11
3.500000e+01,5.919153e+01,4.963586e+01,3.084007e+01,5.011872e-06,7.558450e-11
3.516667e+01,5.957746e+01,4.998096e+01,3.107143e+01,5.011872e-06,1.085023e-10
3.533333e+01,5.986527e+01,5.020970e+01,3.130108e+01,5.011872e-06,8.044141e-11
3.550000e+01,6.019932e+01,5.055088e+01,3.157446e+01,5.011872e-06,9.269701e-11
3.566667e+01,6.053152e+01,5.088978e+01,3.189044e+01,5.011872e-06,9.149155e-11
3.583333e+01,6.081482e+01,5.111446e+01,3.242495e+01,5.011872e-06,7.742748e-11
3.600000e+01,6.095598e+01,5.150529e+01,3.264508e+01,5.011872e-06,3.822235e-11
3.616667e+01,6.128408e+01,5.172729e+01,3.286374e+01,5.011872e-06,8.831219e-11
3.633333e+01,6.151737e+01,5.183794e+01,3.329675e+01,5.011872e-06,6.240134e-11
3.650000e+01,6.174977e+01,5.208604e+01,3.342555e+01,5.011872e-06,6.158214e-11
3.666667e+01,6.205060e+01,5.233296e+01,3.397808e+01,5.011872e-06,7.929828e-11
3.683333e+01,6.225801e+01,5.255147e+01,3.423008e+01,5.011872e-06,5.415492e-11
3.700000e+01,6.262504e+01,5.268757e+01,3.452176e+01,5.011872e-06,9.548828e-11
3.716667e+01,6.292168e+01,5.295874e+01,3.460465e+01,5.011872e-06,7.680759e-11
3.733333e+01,6.333012e+01,5.344338e+01,3.481100e+01,5.011872e-06,1.052695e-10
3.750000e+01,6.357843e+01,5.381730e+01,3.505702e+01,5.011872e-06,6.318460e-11
3.766667e+01,6.391548e+01,5.426788e+01,3.538238e+01,5.011872e-06,8.441779e-11
3.783333e+01,6.416153e+01,5.460994e+01,3.574487e+01,5.011872e-06,6.060449e-11
3.800000e+01,6.460648e+01,5.497593e+01,3.598451e+01,5.011872e-06,1.078642e-10
3.816667e+01,6.504839e+01,5.549458e+01,3.634099e+01,5.011872e-06,1.056977e-10
3.833333e+01,6.533403e+01,5.570069e+01,3.661586e+01,5.011872e-06,6.724604e-11
3.850000e+01,6.555291e+01,5.611063e+01,3.681094e+01,5.011872e-06,5.058886e-11
3.866667e+01,6.594505e+01,5.631449e+01,3.715950e+01,5.011872e-06,8.896157e-11
3.883333e+01,6.627006e+01,5.646689e+01,3.750482e+01,5.011872e-06,7.219766e-11
3.900000e+01,6.659349e+01,5.677048e+01,3.803575e+01,5.011872e-06,7.054091e-11
3.916667e+01,6.697955e+01,5.689650e+01,3.837319e+01,5.011872e-06,8.287895e-11
3.933333e+01,6.719306e+01,5.722284e+01,3.863360e+01,5.011872e-06,4.531031e-11
3.950000e+01,6.759688e+01,5.764681e+01,3.892908e+01,5.011872e-06,8.492991e-11
3.966667e+01,6.791399e+01,5.791949e+01,3.936814e+01,5.011872e-06,6.612016e-11
3.983333e+01,6.814560e+01,5.824011e+01,3.980237e+01,5.011872e-06,4.778011e-11
4.000000e+01,6.852291e+01,5.851002e+01,4.019628e+01,5.011872e-06,7.728040e-11
4.016667e+01,6.885656e+01,5.882742e+01,4.062165e+01,5.011872e-06,6.813194e-11
4.033333e+01,6.916789e+01,5.919153e+01,4.086774e+01,5.011872e-06,6.342118e-11
4.050000e+01,6.947783e+01,5.940892e+01,4.121674e+01,5.011872e-06,6.301248e-11
4.066667e+01,6.984795e+01,5.964954e+01,4.152834e+01,5.011872e-06,7.498059e-11
4.083333e+01,7.019571e+01,5.998479e+01,4.166608e+01,5.011872e-06,7.023436e-11
4.100000e+01,7.048081e+01,6.022311e+01,4.200845e+01,5.011872e-06,5.728019e-11
4.116667e+01,7.092651e+01,6.062610e+01,4.238187e+01,5.011872e-06,8.886319e-11
4.133333e+01,7.114831e+01,6.095598e+01,4.265139e+01,5.011872e-06,4.384664e-11
4.150000e+01,7.144966e+01,6.123732e+01,4.308577e+01,5.011872e-06,5.901540e-11
4.166667e+01,7.176971e+01,6.158718e+01,4.368008e+01,5.011872e-06,6.217704e-11
4.183333e+01,7.222729e+01,6.188879e+01,4.394164e+01,5.011872e-06,8.837138e-11
4.200000e+01,7.256364e+01,6.214286e+01,4.426642e+01,5.011872e-06,6.498476e-11
4.216667e+01,7.281981e+01,6.255639e+01,4.442791e+01,5.011872e-06,4.942960e-11
4.233333e+01,7.315344e+01,6.287614e+01,4.474916e+01,5.011872e-06,6.433158e-11
4.250000e+01,7.348556e+01,6.326223e+01,4.516337e+01,5.011872e-06,6.379810e-11
4.266667e+01,7.400998e+01,6.351081e+01,4.551090e+01,5.011872e-06,1.006122e-10
4.283333e+01,7.435753e+01,6.387065e+01,4.591824e+01,5.011872e-06,6.671995e-11
4.300000e+01,7.476097e+01,6.416153e+01,4.613608e+01,5.011872e-06,7.752811e-11
4.316667e+01,7.497143e+01,6.445110e+01,4.638380e+01,5.011872e-06,4.052997e-11
4.333333e+01,7.531455e+01,6.476149e+01,4.669159e+01,5.011872e-06,6.610209e-11
4.350000e+01,7.563718e+01,6.504839e+01,4.705828e+01,5.011872e-06,6.209336e-11
4.366667e+01,7.597730e+01,6.535595e+01,4.754281e+01,5.011872e-06,6.537851e-11
4.383333e+01,7.644717e+01,6.561843e+01,4.778323e+01,5.011872e-06,9.042793e-11
4.400000e+01,7.689554e+01,6.596677e+01,4.799261e+01,5.011872e-06,8.674681e-11
4.416667e+01,7.726720e+01,6.646431e+01,4.846779e+01,5.011872e-06,7.198779e-11
4.433333e+01,7.754477e+01,6.674389e+01,4.882115e+01,5.011872e-06,5.357949e-11
4.450000e+01,7.796847e+01,6.715041e+01,4.923019e+01,5.011872e-06,8.175556e-11
4.466667e+01,7.811530e+01,6.744839e+01,4.946241e+01,5.011872e-06,2.833388e-11
4.483333e+01,7.848118e+01,6.770275e+01,4.954921e+01,5.011872e-06,7.076275e-11
4.500000e+01,7.871810e+01,6.793508e+01,4.989491e+01,5.011872e-06,4.586226e-11
4.516667e+01,7.899057e+01,6.827160e+01,5.018117e+01,5.011872e-06,5.255409e-11
4.533333e+01,7.938851e+01,6.864822e+01,5.055088e+01,5.011872e-06,7.665159e-11
4.550000e+01,7.980242e+01,6.887736e+01,5.077706e+01,5.011872e-06,7.952458e-11
4.566667e+01,8.010697e+01,6.908501e+01,5.108642e+01,5.011872e-06,5.842493e-11
4.583333e+01,8.033909e+01,6.947783e+01,5.142179e+01,5.011872e-06,4.432137e-11
4.600000e+01,8.058832e+01,6.982744e+01,5.175498e+01,5.011872e-06,4.733604e-11
4.616667e+01,8.088991e+01,7.001181e+01,5.203101e+01,5.011872e-06,5.709272e-11
4.633333e+01,8.129618e+01,7.023650e+01,5.241500e+01,5.011872e-06,7.671762e-11
4.650000e+01,8.159516e+01,7.058235e+01,5.276907e+01,5.011872e-06,5.630952e-11
4.666667e+01,8.194550e+01,7.090631e+01,5.306682e+01,5.011872e-06,6.588485e-11
4.683333e+01,8.225954e+01,7.116844e+01,5.344338e+01,5.011872e-06,5.903471e-11
4.700000e+01,8.258972e+01,7.144966e+01,5.373739e+01,5.011872e-06,6.201333e-11
4.716667e+01,8.293587e+01,7.184949e+01,5.421507e+01,5.011872e-06,6.509121e-11
4.733333e+01,8.321175e+01,7.210820e+01,5.466237e+01,5.011872e-06,5.193727e-11
4.750000e+01,8.360673e+01,7.258338e+01,5.484550e+01,5.011872e-06,7.480338e-11
4.766667e+01,8.386332e+01,7.301625e+01,5.505403e+01,5.011872e-06,4.894551e-11
4.783333e+01,8.428924e+01,7.338803e+01,5.528770e+01,5.011872e-06,8.159480e-11
4.800000e+01,8.462844e+01,7.366078e+01,5.564923e+01,5.011872e-06,6.510612e-11
4.816667e+01,8.488194e+01,7.404867e+01,5.600843e+01,5.011872e-06,4.864507e-11
4.833333e+01,8.513469e+01,7.433827e+01,5.639074e+01,5.011872e-06,4.854458e-11
4.850000e+01,8.553754e+01,7.460754e+01,5.659359e+01,5.011872e-06,7.767439e-11
4.866667e+01,8.595517e+01,7.500964e+01,5.692167e+01,5.011872e-06,8.100119e-11
4.883333e+01,8.638736e+01,7.529553e+01,5.714770e+01,5.011872e-06,8.422237e-11
4.900000e+01,8.671834e+01,7.571290e+01,5.747262e+01,5.011872e-06,6.469435e-11
4.916667e+01,8.706453e+01,7.597730e+01,5.774612e+01,5.011872e-06,6.774944e-11
4.933333e+01,8.745848e+01,7.639094e+01,5.796894e+01,5.011872e-06,7.733327e-11
4.950000e+01,8.780175e+01,7.659692e+01,5.821551e+01,5.011872e-06,6.751791e-11
4.966667e+01,8.811117e+01,7.685828e+01,5.853450e+01,5.011872e-06,6.084152e-11
4.983333e+01,8.856519e+01,7.721157e+01,5.882742e+01,5.011872e-06,8.926894e-11
5.000000e+01,8.882358e+01,7.748934e+01,5.909465e+01,5.011872e-06,5.081071e-11
5.016667e+01,8.916159e+01,7.787656e+01,5.955341e+01,5.011872e-06,6.631606e-11
5.033333e+01,8.932210e+01,7.815197e+01,5.976949e+01,5.011872e-06,3.133958e-11
5.050000e+01,8.972211e+01,7.848118e+01,6.005638e+01,5.011872e-06,7.801044e-11
5.066667e+01,9.010445e+01,7.873629e+01,6.036565e+01,5.011872e-06,7.439507e-11
5.083333e+01,9.045351e+01,7.909930e+01,6.081482e+01,5.011872e-06,6.770189e-11
5.100000e+01,9.084854e+01,7.940655e+01,6.095598e+01,5.011872e-06,7.640690e-11
5.116667e+01,9.106901e+01,7.978447e+01,6.121392e+01,5.011872e-06,4.261329e-11
5.133333e+01,9.149270e+01,8.012485e+01,6.158718e+01,5.011872e-06,8.153043e-11
5.150000e+01,9.180528e+01,8.044600e+01,6.195819e+01,5.011872e-06,5.977302e-11
5.166667e+01,9.224111e+01,8.069489e+01,6.223500e+01,5.011872e-06,8.291221e-11
5.183333e+01,9.259759e+01,8.106680e+01,6.267077e+01,5.011872e-06,6.761060e-11
5.200000e+01,9.289104e+01,8.143701e+01,6.289892e+01,5.011872e-06,5.542382e-11
5.216667e+01,9.324502e+01,8.177052e+01,6.333012e+01,5.011872e-06,6.670730e-11
5.233333e+01,9.355175e+01,8.213756e+01,6.344311e+01,5.011872e-06,5.755643e-11
5.250000e+01,9.391850e+01,8.241611e+01,6.387065e+01,5.011872e-06,6.868234e-11
5.266667e+01,9.426863e+01,8.276298e+01,6.416153e+01,5.011872e-06,6.519554e-11
5.283333e+01,9.454175e+01,8.316009e+01,6.473937e+01,5.011872e-06,5.065436e-11
5.300000e+01,9.476874e+01,8.345239e+01,6.509242e+01,5.011872e-06,4.188011e-11
5.316667e+01,9.514585e+01,8.377788e+01,6.537786e+01,5.011872e-06,6.964370e-11
5.333333e+01,9.546148e+01,8.405099e+01,6.548732e+01,5.011872e-06,5.838154e-11
5.350000e+01,9.588070e+01,8.439115e+01,6.585811e+01,5.011872e-06,7.760205e-11
5.366667e+01,9.626834e+01,8.474683e+01,6.614025e+01,5.011872e-06,7.140772e-11
5.383333e+01,9.652095e+01,8.494942e+01,6.642119e+01,5.011872e-06,4.631702e-11
5.400000e+01,9.681730e+01,8.521878e+01,6.682968e+01,5.011872e-06,5.401512e-11
5.416667e+01,9.711275e+01,8.562123e+01,6.719306e+01,5.011872e-06,5.353796e-11
5.433333e+01,9.752487e+01,8.582175e+01,6.746962e+01,5.011872e-06,7.449024e-11
5.450000e+01,9.786209e+01,8.615491e+01,6.793508e+01,5.011872e-06,6.082627e-11
5.466667e+01,9.832936e+01,8.650335e+01,6.822963e+01,5.011872e-06,8.415113e-11
5.483333e+01,9.860575e+01,8.694928e+01,6.864822e+01,5.011872e-06,4.977282e-11
5.500000e+01,9.899719e+01,8.732736e+01,6.885656e+01,5.011872e-06,7.033611e-11
5.516667e+01,9.934384e+01,8.772014e+01,6.929204e+01,5.011872e-06,6.228671e-11
5.533333e+01,9.964617e+01,8.789958e+01,6.962200e+01,5.011872e-06,5.414622e-11
5.550000e+01,9.996191e+01,8.828981e+01,6.984795e+01,5.011872e-06,5.637347e-11
5.566667e+01,1.003052e+02,8.867833e+01,7.011403e+01,5.011872e-06,6.118950e-11
5.583333e+01,1.007185e+02,8.911338e+01,7.044015e+01,5.011872e-06,7.345051e-11
5.600000e+01,1.011867e+02,8.945030e+01,7.068375e+01,5.011872e-06,8.297577e-11
5.616667e+01,1.015259e+02,8.978595e+01,7.102741e+01,5.011872e-06,5.988425e-11
5.633333e+01,1.018358e+02,9.008855e+01,7.142961e+01,5.011872e-06,5.439473e-11
5.650000e+01,1.022149e+02,9.039014e+01,7.192919e+01,5.011872e-06,6.615640e-11
5.666667e+01,1.024948e+02,9.081700e+01,7.224711e+01,5.011872e-06,4.869657e-11
5.683333e+01,1.027739e+02,9.106901e+01,7.264256e+01,5.011872e-06,4.862466e-11
5.700000e+01,1.030245e+02,9.152400e+01,7.297700e+01,5.011872e-06,4.372420e-11
5.716667e+01,1.034130e+02,9.193001e+01,7.338803e+01,5.011872e-06,6.805362e-11
5.733333e+01,1.038002e+02,9.222558e+01,7.383558e+01,5.011872e-06,6.797349e-11
5.750000e+01,1.040895e+02,9.258212e+01,7.414533e+01,5.011872e-06,5.100560e-11
5.766667e+01,1.043918e+02,9.302971e+01,7.464593e+01,5.011872e-06,5.356556e-11
5.783333e+01,1.047890e+02,9.345984e+01,7.500964e+01,5.011872e-06,7.075087e-11
5.800000e+01,1.050893e+02,9.387274e+01,7.537159e+01,5.011872e-06,5.394375e-11
5.816667e+01,1.054159e+02,9.419263e+01,7.569398e+01,5.011872e-06,5.911268e-11
5.833333e+01,1.058634e+02,9.446596e+01,7.612797e+01,5.011872e-06,8.173360e-11
5.850000e+01,1.061336e+02,9.475362e+01,7.648463e+01,5.011872e-06,4.970776e-11
5.866667e+01,1.065378e+02,9.508561e+01,7.678369e+01,5.011872e-06,7.499208e-11
5.883333e+01,1.068599e+02,9.540144e+01,7.702583e+01,5.011872e-06,6.040178e-11
5.900000e+01,1.073014e+02,9.573119e+01,7.724866e+01,5.011872e-06,8.362482e-11
5.916667e+01,1.076878e+02,9.617902e+01,7.747085e+01,5.011872e-06,7.382218e-11
5.933333e+01,1.080729e+02,9.644672e+01,7.782136e+01,5.011872e-06,7.401848e-11
5.950000e+01,1.083376e+02,9.681730e+01,7.804192e+01,5.011872e-06,5.097732e-11
5.966667e+01,1.086281e+02,9.718647e+01,7.829846e+01,5.011872e-06,5.603802e-11
5.983333e+01,1.090230e+02,9.742200e+01,7.860884e+01,5.011872e-06,7.621378e-11
6.000000e+01,1.093509e+02,9.778888e+01,7.895430e+01,5.011872e-06,6.323918e-11
6.016667e+01,1.096126e+02,9.813980e+01,7.918979e+01,5.011872e-06,5.034988e-11
6.033333e+01,1.099649e+02,9.832936e+01,7.949669e+01,5.011872e-06,6.771116e-11
6.050000e+01,1.102900e+02,9.883790e+01,7.980242e+01,5.011872e-06,6.224451e-11
6.066667e+01,1.106272e+02,9.911287e+01,8.019633e+01,5.011872e-06,6.422799e-11
6.083333e+01,1.110279e+02,9.945912e+01,8.051719e+01,5.011872e-06,7.593516e-11
6.100000e+01,1.113628e+02,9.997624e+01,8.081905e+01,5.011872e-06,6.322172e-11
6.116667e+01,1.116839e+02,1.003909e+02,8.119039e+01,5.011872e-06,6.037503e-11
6.133333e+01,1.119913e+02,1.007754e+02,8.159516e+01,5.011872e-06,5.752913e-11
6.150000e+01,1.122340e+02,1.010876e+02,8.182305e+01,5.011872e-06,4.518151e-11
6.166667e+01,1.124890e+02,1.015541e+02,8.217243e+01,5.011872e-06,4.730189e-11
6.183333e+01,1.128450e+02,1.018499e+02,8.241611e+01,5.011872e-06,6.576805e-11
6.200000e+01,1.132631e+02,1.021448e+02,8.265907e+01,5.011872e-06,7.700116e-11
6.216667e+01,1.135914e+02,1.024808e+02,8.300492e+01,5.011872e-06,6.017768e-11
6.233333e+01,1.139691e+02,1.027600e+02,8.333216e+01,5.011872e-06,6.878455e-11
6.250000e+01,1.143079e+02,1.030245e+02,8.376078e+01,5.011872e-06,6.132301e-11
6.266667e+01,1.145958e+02,1.032606e+02,8.410210e+01,5.011872e-06,5.178852e-11
6.283333e+01,1.148829e+02,1.036482e+02,8.445901e+01,5.011872e-06,5.142393e-11
6.300000e+01,1.152315e+02,1.039932e+02,8.488194e+01,5.011872e-06,6.223632e-11
6.316667e+01,1.156162e+02,1.043095e+02,8.521878e+01,5.011872e-06,6.853357e-11
6.333333e+01,1.159008e+02,1.046248e+02,8.550404e+01,5.011872e-06,5.067090e-11
6.350000e+01,1.161724e+02,1.049256e+02,8.587180e+01,5.011872e-06,4.833050e-11
6.366667e+01,1.166277e+02,1.052663e+02,8.615491e+01,5.011872e-06,8.106296e-11
6.383333e+01,1.169956e+02,1.055789e+02,8.655301e+01,5.011872e-06,6.556031e-11
6.400000e+01,1.173012e+02,1.059851e+02,8.693281e+01,5.011872e-06,5.436662e-11
6.416667e+01,1.176305e+02,1.062281e+02,8.737656e+01,5.011872e-06,5.842472e-11
6.433333e+01,1.178738e+02,1.066856e+02,8.773647e+01,5.011872e-06,4.309114e-11
6.450000e+01,1.182862e+02,1.070341e+02,8.799730e+01,5.011872e-06,7.317173e-11
6.466667e+01,1.185765e+02,1.075014e+02,8.837089e+01,5.011872e-06,5.158276e-11
6.483333e+01,1.190106e+02,1.079004e+02,8.885583e+01,5.011872e-06,7.718715e-11
6.500000e+01,1.193471e+02,1.082053e+02,8.912946e+01,5.011872e-06,5.986593e-11
6.516667e+01,1.196468e+02,1.085490e+02,8.946631e+01,5.011872e-06,5.346089e-11
6.533333e+01,1.199815e+02,1.088652e+02,8.962627e+01,5.011872e-06,5.979955e-11
6.550000e+01,1.202081e+02,1.091018e+02,8.997718e+01,5.011872e-06,4.049891e-11
6.566667e+01,1.205176e+02,1.093378e+02,9.037430e+01,5.011872e-06,5.513101e-11
6.583333e+01,1.208143e+02,1.096910e+02,9.056429e+01,5.011872e-06,5.278193e-11
6.600000e+01,1.211340e+02,1.099258e+02,9.094309e+01,5.011872e-06,5.681832e-11
6.616667e+01,1.215354e+02,1.102771e+02,9.136736e+01,5.011872e-06,7.116676e-11
6.633333e+01,1.219237e+02,1.106660e+02,9.172723e+01,5.011872e-06,6.880953e-11
6.650000e+01,1.222405e+02,1.109633e+02,9.203902e+01,5.011872e-06,5.611994e-11
6.666667e+01,1.225331e+02,1.112341e+02,9.239627e+01,5.011872e-06,5.180824e-11
6.683333e+01,1.227433e+02,1.115556e+02,9.275215e+01,5.011872e-06,3.715982e-11
6.700000e+01,1.231511e+02,1.119017e+02,9.327574e+01,5.011872e-06,7.209061e-11
6.716667e+01,1.234415e+02,1.122723e+02,9.353644e+01,5.011872e-06,5.136094e-11
6.733333e+01,1.237429e+02,1.125654e+02,9.387274e+01,5.011872e-06,5.347055e-11
6.750000e+01,1.241127e+02,1.129845e+02,9.414700e+01,5.011872e-06,6.572572e-11
6.766667e+01,1.243779e+02,1.132251e+02,9.458719e+01,5.011872e-06,4.720365e-11
6.783333e+01,1.247803e+02,1.135283e+02,9.490467e+01,5.011872e-06,7.172754e-11
6.800000e+01,1.251128e+02,1.138685e+02,9.511574e+01,5.011872e-06,5.943613e-11
6.816667e+01,1.254558e+02,1.141324e+02,9.547648e+01,5.011872e-06,6.146315e-11
6.833333e+01,1.257409e+02,1.144832e+02,9.585081e+01,5.011872e-06,5.108576e-11
6.850000e+01,1.260935e+02,1.148081e+02,9.616412e+01,5.011872e-06,6.317819e-11
6.866667e+01,1.264565e+02,1.151693e+02,9.649126e+01,5.011872e-06,6.506921e-11
6.883333e+01,1.269201e+02,1.154054e+02,9.678771e+01,5.011872e-06,8.321013e-11
6.900000e+01,1.272695e+02,1.156657e+02,9.711275e+01,5.011872e-06,6.269946e-11
6.916667e+01,1.275730e+02,1.158390e+02,9.749549e+01,5.011872e-06,5.440782e-11
6.933333e+01,1.279654e+02,1.161354e+02,9.792062e+01,5.011872e-06,7.035419e-11
6.950000e+01,1.282561e+02,1.165048e+02,9.830022e+01,5.011872e-06,5.221144e-11
6.966667e+01,1.285238e+02,1.167627e+02,9.859122e+01,5.011872e-06,4.822353e-11
6.983333e+01,1.287354e+02,1.169343e+02,9.885239e+01,5.011872e-06,3.821961e-11
7.000000e+01,1.290688e+02,1.171791e+02,9.899719e+01,5.011872e-06,6.040295e-11
7.016667e+01,1.294013e+02,1.176670e+02,9.925729e+01,5.011872e-06,6.041418e-11
7.033333e+01,1.297661e+02,1.180316e+02,9.954549e+01,5.011872e-06,6.625270e-11
7.050000e+01,1.300637e+02,1.182499e+02,9.984721e+01,5.011872e-06,5.395283e-11
7.066667e+01,1.303937e+02,1.186248e+02,1.001909e+02,5.011872e-06,5.965722e-11
7.083333e+01,1.307448e+02,1.190226e+02,1.005477e+02,5.011872e-06,6.324511e-11
7.100000e+01,1.310512e+02,1.192991e+02,1.008748e+02,5.011872e-06,5.506567e-11
7.116667e+01,1.313787e+02,1.196587e+02,1.012575e+02,5.011872e-06,5.868125e-11
7.133333e+01,1.317706e+02,1.199696e+02,1.016528e+02,5.011872e-06,7.010571e-11
7.150000e+01,1.320095e+02,1.201962e+02,1.020326e+02,5.011872e-06,4.265791e-11
7.166667e+01,1.324212e+02,1.205413e+02,1.023969e+02,5.011872e-06,7.353470e-11
7.183333e+01,1.327453e+02,1.208617e+02,1.027321e+02,5.011872e-06,5.803867e-11
7.200000e+01,1.330686e+02,1.212522e+02,1.030940e+02,5.011872e-06,5.803519e-11
7.216667e+01,1.333482e+02,1.216532e+02,1.034546e+02,5.011872e-06,5.026821e-11
7.233333e+01,1.336594e+02,1.219589e+02,1.037311e+02,5.011872e-06,5.612720e-11
7.250000e+01,1.340019e+02,1.222405e+02,1.039656e+02,5.011872e-06,6.203498e-11
7.266667e+01,1.344501e+02,1.225214e+02,1.044193e+02,5.011872e-06,8.149208e-11
7.283333e+01,1.347268e+02,1.228250e+02,1.046933e+02,5.011872e-06,5.030964e-11
7.300000e+01,1.350772e+02,1.230929e+02,1.050348e+02,5.011872e-06,6.386112e-11
7.316667e+01,1.354584e+02,1.233371e+02,1.054023e+02,5.011872e-06,6.963518e-11
7.333333e+01,1.358280e+02,1.236618e+02,1.058634e+02,5.011872e-06,6.767701e-11
7.350000e+01,1.361966e+02,1.240319e+02,1.062281e+02,5.011872e-06,6.768066e-11
7.366667e+01,1.364488e+02,1.243549e+02,1.065243e+02,5.011872e-06,4.648544e-11
7.383333e+01,1.367109e+02,1.246655e+02,1.068197e+02,5.011872e-06,4.853303e-11
7.400000e+01,1.370354e+02,1.249982e+02,1.072079e+02,5.011872e-06,6.029059e-11
7.416667e+01,1.374737e+02,1.252844e+02,1.075680e+02,5.011872e-06,8.173769e-11
7.433333e+01,1.377547e+02,1.255927e+02,1.078473e+02,5.011872e-06,5.258728e-11
7.450000e+01,1.380144e+02,1.258661e+02,1.080861e+02,5.011872e-06,4.876703e-11
7.466667e+01,1.383565e+02,1.261730e+02,1.084433e+02,5.011872e-06,6.438573e-11
7.483333e+01,1.386357e+02,1.266037e+02,1.087994e+02,5.011872e-06,5.258571e-11
7.500000e+01,1.389350e+02,1.269991e+02,1.090493e+02,5.011872e-06,5.635990e-11
7.516667e+01,1.393777e+02,1.273820e+02,1.093116e+02,5.011872e-06,8.352509e-11
7.533333e+01,1.397164e+02,1.277637e+02,1.096779e+02,5.011872e-06,6.398188e-11
7.550000e+01,1.400952e+02,1.281108e+02,1.099779e+02,5.011872e-06,7.145699e-11
7.566667e+01,1.405444e+02,1.283565e+02,1.103030e+02,5.011872e-06,8.473783e-11
7.583333e+01,1.408295e+02,1.286686e+02,1.106143e+02,5.011872e-06,5.368933e-11
7.600000e+01,1.412459e+02,1.289689e+02,1.110795e+02,5.011872e-06,7.841273e-11
7.616667e+01,1.415700e+02,1.293348e+02,1.114399e+02,5.011872e-06,6.095040e-11
7.633333e+01,1.418530e+02,1.296446e+02,1.116711e+02,5.011872e-06,5.326512e-11
7.650000e+01,1.421959e+02,1.299977e+02,1.121319e+02,5.011872e-06,6.461200e-11
7.666667e+01,1.425280e+02,1.303608e+02,1.124635e+02,5.011872e-06,6.253804e-11
7.683333e+01,1.428893e+02,1.306681e+02,1.128323e+02,5.011872e-06,6.825851e-11
7.700000e+01,1.432997e+02,1.309856e+02,1.130986e+02,5.011872e-06,7.786602e-11
7.716667e+01,1.435793e+02,1.314659e+02,1.133516e+02,5.011872e-06,5.331871e-11
7.733333e+01,1.439778e+02,1.317488e+02,1.137174e+02,5.011872e-06,7.631115e-11
7.750000e+01,1.442462e+02,1.320529e+02,1.140696e+02,5.011872e-06,5.145084e-11
7.766667e+01,1.446131e+02,1.324753e+02,1.144207e+02,5.011872e-06,7.045301e-11
7.783333e+01,1.449298e+02,1.329071e+02,1.147332e+02,5.011872e-06,6.090956e-11
7.800000e+01,1.452654e+02,1.331655e+02,1.149702e+02,5.011872e-06,6.472126e-11
7.816667e+01,1.456593e+02,1.335843e+02,1.153681e+02,5.011872e-06,7.612057e-11
7.833333e+01,1.460129e+02,1.338628e+02,1.156162e+02,5.011872e-06,6.841424e-11
7.850000e+01,1.462285e+02,1.341514e+02,1.158761e+02,5.011872e-06,4.175876e-11
7.866667e+01,1.465905e+02,1.344820e+02,1.162956e+02,5.011872e-06,7.006099e-11
7.883333e+01,1.469224e+02,1.348755e+02,1.168118e+02,5.011872e-06,6.415800e-11
7.900000e+01,1.472243e+02,1.352785e+02,1.170690e+02,5.011872e-06,5.837028e-11
7.916667e+01,1.475838e+02,1.356063e+02,1.172768e+02,5.011872e-06,6.980752e-11
7.933333e+01,1.478747e+02,1.359545e+02,1.175818e+02,5.011872e-06,5.662174e-11
7.950000e+01,1.481554e+02,1.363122e+02,1.178495e+02,5.011872e-06,5.463573e-11
7.966667e+01,1.485994e+02,1.366061e+02,1.181651e+02,5.011872e-06,8.661571e-11
7.983333e+01,1.489749e+02,1.369622e+02,1.185886e+02,5.011872e-06,7.330558e-11
