Time,avgI1rd,avgI2rd,avgDrd,Beta,Beff
0.000000e+00,1.692569e+00,0.000000e+00,0.000000e+00,6.309573e-06,0.000000e+00
1.666667e-01,1.692569e+00,0.000000e+00,0.000000e+00,6.309573e-06,0.000000e+00
3.333333e-01,1.692569e+00,0.000000e+00,0.000000e+00,6.309573e-06,0.000000e+00
5.000000e-01,1.692569e+00,0.000000e+00,0.000000e+00,6.309573e-06,0.000000e+00
6.666667e-01,1.692569e+00,0.000000e+00,0.000000e+00,6.309573e-06,0.000000e+00
8.333333e-01,1.692569e+00,0.000000e+00,0.000000e+00,6.309573e-06,0.000000e+00
1.000000e+00,1.692569e+00,0.000000e+00,0.000000e+00,6.309573e-06,0.000000e+00
1.166667e+00,1.692569e+00,0.000000e+00,0.000000e+00,6.309573e-06,0.000000e+00
1.333333e+00,1.692569e+00,0.000000e+00,0.000000e+00,6.309573e-06,0.000000e+00
1.500000e+00,1.692569e+00,0.000000e+00,0.000000e+00,6.309573e-06,0.000000e+00
1.666667e+00,1.692569e+00,0.000000e+00,0.000000e+00,6.309573e-06,0.000000e+00
1.833333e+00,1.692569e+00,0.000000e+00,0.000000e+00,6.309573e-06,0.000000e+00
2.000000e+00,1.692569e+00,0.000000e+00,0.000000e+00,6.309573e-06,0.000000e+00
2.166667e+00,1.692569e+00,0.000000e+00,0.000000e+00,6.309573e-06,0.000000e+00
2.333333e+00,1.692569e+00,0.000000e+00,0.000000e+00,6.309573e-06,0.000000e+00
2.500000e+00,1.692569e+00,0.000000e+00,0.000000e+00,6.309573e-06,0.000000e+00
2.666667e+00,1.692569e+00,0.000000e+00,0.000000e+00,6.309573e-06,0.000000e+00
2.833333e+00,1.692569e+00,0.000000e+00,0.000000e+00,6.309573e-06,0.000000e+00
3.000000e+00,1.692569e+00,0.000000e+00,0.000000e+00,6.309573e-06,0.000000e+00
3.166667e+00,1.692569e+00,0.000000e+00,0.000000e+00,6.309573e-06,0.000000e+00
3.333333e+00,1.692569e+00,0.000000e+00,0.000000e+00,6.309573e-06,0.000000e+00
3.500000e+00,1.692569e+00,0.000000e+00,0.000000e+00,6.309573e-06,0.000000e+00
3.666667e+00,1.692569e+00,0.000000e+00,0.000000e+00,6.309573e-06,0.000000e+00
3.833333e+00,1.692569e+00,0.000000e+00,0.000000e+00,6.309573e-06,0.000000e+00
4.000000e+00,1.692569e+00,0.000000e+00,0.000000e+00,6.309573e-06,0.000000e+00
4.166667e+00,1.692569e+00,0.000000e+00,0.000000e+00,6.309573e-06,0.000000e+00
4.333333e+00,1.692569e+00,0.000000e+00,0.000000e+00,6.309573e-06,0.000000e+00
4.500000e+00,1.692569e+00,0.000000e+00,0.000000e+00,6.309573e-06,0.000000e+00
4.666667e+00,1.692569e+00,1.692569e+00,0.000000e+00,6.309573e-06,0.000000e+00
4.833333e+00,1.692569e+00,1.692569e+00,0.000000e+00,6.309573e-06,0.000000e+00
5.000000e+00,1.692569e+00,1.692569e+00,0.000000e+00,6.309573e-06,0.000000e+00
5.166667e+00,1.692569e+00,1.692569e+00,0.000000e+00,6.309573e-06,0.000000e+00
5.333333e+00,1.692569e+00,1.692569e+00,0.000000e+00,6.309573e-06,0.000000e+00
5.500000e+00,1.692569e+00,1.692569e+00,0.000000e+00,6.309573e-06,0.000000e+00
5.666667e+00,2.393654e+00,1.692569e+00,0.000000e+00,6.309573e-06,2.037460e-05
5.833333e+00,2.393654e+00,1.692569e+00,0.000000e+00,6.309573e-06,0.000000e+00
6.000000e+00,2.931615e+00,1.692569e+00,0.000000e+00,6.309573e-06,1.161500e-05
6.166667e+00,3.385138e+00,1.692569e+00,0.000000e+00,6.309573e-06,8.988823e-06
6.333333e+00,3.784699e+00,1.692569e+00,0.000000e+00,6.309573e-06,7.023432e-06
6.500000e+00,3.784699e+00,1.692569e+00,0.000000e+00,6.309573e-06,0.000000e+00
6.666667e+00,3.784699e+00,2.393654e+00,0.000000e+00,6.309573e-06,0.000000e+00
6.833333e+00,3.784699e+00,2.393654e+00,0.000000e+00,6.309573e-06,0.000000e+00
7.000000e+00,3.784699e+00,2.931615e+00,0.000000e+00,6.309573e-06,0.000000e+00
7.166667e+00,4.145930e+00,2.931615e+00,0.000000e+00,6.309573e-06,2.190320e-06
7.333333e+00,5.077706e+00,2.931615e+00,0.000000e+00,6.309573e-06,5.238409e-06
7.500000e+00,5.352372e+00,2.931615e+00,0.000000e+00,6.309573e-06,1.393275e-06
7.666667e+00,5.863230e+00,2.931615e+00,0.000000e+00,6.309573e-06,2.225101e-06
7.833333e+00,6.770275e+00,2.931615e+00,0.000000e+00,6.309573e-06,3.555686e-06
8.000000e+00,6.770275e+00,3.385138e+00,0.000000e+00,6.309573e-06,0.000000e+00
8.166667e+00,7.377736e+00,3.784699e+00,0.000000e+00,6.309573e-06,1.704025e-06
8.333333e+00,7.377736e+00,3.784699e+00,0.000000e+00,6.309573e-06,0.000000e+00
8.500000e+00,7.569398e+00,3.784699e+00,0.000000e+00,6.309573e-06,3.632562e-07
8.666667e+00,8.630441e+00,4.145930e+00,0.000000e+00,6.309573e-06,1.743810e-06
8.833333e+00,8.956232e+00,4.478116e+00,0.000000e+00,6.309573e-06,4.650906e-07
9.000000e+00,9.423824e+00,4.478116e+00,0.000000e+00,6.309573e-06,5.583283e-07
9.166667e+00,9.723067e+00,4.787307e+00,0.000000e+00,6.309573e-06,2.979437e-07
9.333333e+00,1.001337e+01,5.077706e+00,0.000000e+00,6.309573e-06,2.385491e-07
9.500000e+00,1.043369e+01,5.077706e+00,0.000000e+00,6.309573e-06,2.865844e-07
9.666667e+00,1.070474e+01,5.077706e+00,0.000000e+00,6.309573e-06,1.530639e-07
9.833333e+00,1.096910e+01,5.352372e+00,0.000000e+00,6.309573e-06,1.226782e-07
1.000000e+01,1.122723e+01,6.102643e+00,0.000000e+00,6.309573e-06,9.837520e-08
1.016667e+01,1.160367e+01,6.102643e+00,0.000000e+00,6.309573e-06,1.184089e-07
1.033333e+01,1.184798e+01,6.770275e+00,0.000000e+00,6.309573e-06,6.338831e-08
1.050000e+01,1.208736e+01,6.978640e+00,0.000000e+00,6.309573e-06,5.095011e-08
1.066667e+01,1.243779e+01,7.180961e+00,0.000000e+00,6.309573e-06,6.150372e-08
1.083333e+01,1.277861e+01,7.377736e+00,0.000000e+00,6.309573e-06,4.956752e-08
1.100000e+01,1.343435e+01,7.377736e+00,0.000000e+00,6.309573e-06,8.004581e-08
1.116667e+01,1.343435e+01,7.377736e+00,0.000000e+00,6.309573e-06,0.000000e+00
1.133333e+01,1.364593e+01,7.756324e+00,0.000000e+00,6.309573e-06,1.751097e-08
1.150000e+01,1.395728e+01,8.291860e+00,0.000000e+00,6.309573e-06,2.137587e-08
1.166667e+01,1.416105e+01,8.462844e+00,0.000000e+00,6.309573e-06,1.164073e-08
1.183333e+01,1.456003e+01,8.794845e+00,0.000000e+00,6.309573e-06,1.910380e-08
1.200000e+01,1.523312e+01,9.114762e+00,0.000000e+00,6.309573e-06,2.757962e-08
1.216667e+01,1.542004e+01,9.423824e+00,0.000000e+00,6.309573e-06,6.538853e-09
1.233333e+01,1.587770e+01,9.723067e+00,0.000000e+00,6.309573e-06,1.365944e-08
1.250000e+01,1.632254e+01,9.723067e+00,0.000000e+00,6.309573e-06,1.150230e-08
1.266667e+01,1.658372e+01,9.869287e+00,0.000000e+00,6.309573e-06,5.860772e-09
1.283333e+01,1.701011e+01,1.029549e+01,1.692569e+00,6.309573e-06,8.372417e-09
1.300000e+01,1.709411e+01,1.070474e+01,1.692569e+00,6.309573e-06,1.449116e-09
1.316667e+01,1.791246e+01,1.070474e+01,1.692569e+00,6.309573e-06,1.586246e-08
1.333333e+01,1.846375e+01,1.096910e+01,1.692569e+00,6.309573e-06,1.214846e-08
1.350000e+01,1.869503e+01,1.160367e+01,1.692569e+00,6.309573e-06,5.692544e-09
1.366667e+01,1.907428e+01,1.196827e+01,1.692569e+00,6.309573e-06,1.036657e-08
1.383333e+01,1.951966e+01,1.220529e+01,1.692569e+00,6.309573e-06,1.357903e-08
1.400000e+01,2.016928e+01,1.277861e+01,1.692569e+00,6.309573e-06,2.220628e-08
1.416667e+01,2.038123e+01,1.289022e+01,1.692569e+00,6.309573e-06,8.051801e-09
1.433333e+01,2.072965e+01,1.300087e+01,1.692569e+00,6.309573e-06,1.456051e-08
1.450000e+01,2.100423e+01,1.332730e+01,1.692569e+00,6.309573e-06,1.259500e-08
1.466667e+01,2.134248e+01,1.364593e+01,1.692569e+00,6.309573e-06,1.694629e-08
1.483333e+01,2.160927e+01,1.405953e+01,1.692569e+00,6.309573e-06,1.450228e-08
1.500000e+01,2.200339e+01,1.436192e+01,1.692569e+00,6.309573e-06,2.308732e-08
1.516667e+01,2.239058e+01,1.465808e+01,1.692569e+00,6.309573e-06,2.425097e-08
1.533333e+01,2.283400e+01,1.475547e+01,1.692569e+00,6.309573e-06,2.934294e-08
1.550000e+01,2.308356e+01,1.485223e+01,1.692569e+00,6.309573e-06,1.711878e-08
1.566667e+01,2.326897e+01,1.494836e+01,1.692569e+00,6.309573e-06,1.286796e-08
1.583333e+01,2.369596e+01,1.523312e+01,1.692569e+00,6.309573e-06,2.947066e-08
1.600000e+01,2.405592e+01,1.551265e+01,1.692569e+00,6.309573e-06,2.423042e-08
1.616667e+01,2.435182e+01,1.560471e+01,1.692569e+00,6.309573e-06,1.891043e-08
1.633333e+01,2.470223e+01,1.569624e+01,1.692569e+00,6.309573e-06,2.075595e-08
1.650000e+01,2.504773e+01,1.623455e+01,1.692569e+00,6.309573e-06,1.856646e-08
1.666667e+01,2.538853e+01,1.632254e+01,1.692569e+00,6.309573e-06,1.627145e-08
1.683333e+01,2.555723e+01,1.684085e+01,1.692569e+00,6.309573e-06,7.009271e-09
1.700000e+01,2.578044e+01,1.709411e+01,1.692569e+00,6.309573e-06,7.941937e-09
1.716667e+01,2.611168e+01,1.742606e+01,1.692569e+00,6.309573e-06,1.001704e-08
1.733333e+01,2.633019e+01,1.758969e+01,1.692569e+00,6.309573e-06,5.571432e-09
1.750000e+01,2.654690e+01,1.775181e+01,1.692569e+00,6.309573e-06,4.623887e-09
1.766667e+01,2.676186e+01,1.807169e+01,1.692569e+00,6.309573e-06,3.825958e-09
1.783333e+01,2.697511e+01,1.830793e+01,1.692569e+00,6.309573e-06,3.161907e-09
1.800000e+01,2.713394e+01,1.838600e+01,1.692569e+00,6.309573e-06,1.960316e-09
1.816667e+01,2.723932e+01,1.892349e+01,1.692569e+00,6.309573e-06,1.082205e-09
1.833333e+01,2.739662e+01,1.914923e+01,1.692569e+00,6.309573e-06,1.348148e-09
1.850000e+01,2.760496e+01,1.929825e+01,2.393654e+00,6.309573e-06,1.490095e-09
1.866667e+01,2.786320e+01,1.966587e+01,2.393654e+00,6.309573e-06,1.552744e-09
1.883333e+01,2.801700e+01,1.988318e+01,2.931615e+00,6.309573e-06,8.018255e-10
1.900000e+01,2.837262e+01,2.016928e+01,2.931615e+00,6.309573e-06,1.609430e-09
1.916667e+01,2.842306e+01,2.045139e+01,2.931615e+00,6.309573e-06,1.990402e-10
1.933333e+01,2.877367e+01,2.066043e+01,2.931615e+00,6.309573e-06,1.207328e-09
1.950000e+01,2.916920e+01,2.079863e+01,3.385138e+00,6.309573e-06,1.196500e-09
1.966667e+01,2.951094e+01,2.100423e+01,3.385138e+00,6.309573e-06,9.100418e-10
1.983333e+01,2.955944e+01,2.127526e+01,3.385138e+00,6.309573e-06,1.161344e-10
2.000000e+01,2.970446e+01,2.154288e+01,3.385138e+00,6.309573e-06,3.099240e-10
2.016667e+01,2.994460e+01,2.167546e+01,3.385138e+00,6.309573e-06,4.584038e-10
2.033333e+01,3.004012e+01,2.200339e+01,3.385138e+00,6.309573e-06,1.625146e-10
2.050000e+01,3.051322e+01,2.219783e+01,3.784699e+00,6.309573e-06,7.206602e-10
2.066667e+01,3.079359e+01,2.251816e+01,4.145930e+00,6.309573e-06,3.839284e-10
2.083333e+01,3.116350e+01,2.289665e+01,4.787307e+00,6.309573e-06,4.613810e-10
2.100000e+01,3.175540e+01,2.308356e+01,5.352372e+00,6.309573e-06,6.814336e-10
2.116667e+01,3.198014e+01,2.326897e+01,5.613615e+00,6.309573e-06,2.414428e-10
2.133333e+01,3.255721e+01,2.345292e+01,5.863230e+00,6.309573e-06,5.822487e-10
2.150000e+01,3.277645e+01,2.381655e+01,6.555291e+00,6.309573e-06,2.084512e-10
2.166667e+01,3.308095e+01,2.417472e+01,6.555291e+00,6.309573e-06,2.714003e-10
2.183333e+01,3.333974e+01,2.464417e+01,6.770275e+00,6.309573e-06,2.201763e-10
2.200000e+01,3.346838e+01,2.476015e+01,7.180961e+00,6.309573e-06,1.033653e-10
2.216667e+01,3.389366e+01,2.516184e+01,7.569398e+00,6.309573e-06,3.243875e-10
2.233333e+01,3.443868e+01,2.544489e+01,7.938851e+00,6.309573e-06,3.991631e-10
2.250000e+01,3.497520e+01,2.605676e+01,7.938851e+00,6.309573e-06,3.802040e-10
2.266667e+01,3.538238e+01,2.638454e+01,7.938851e+00,6.309573e-06,2.804983e-10
2.283333e+01,3.566464e+01,2.665460e+01,8.462844e+00,6.309573e-06,1.871774e-10
2.300000e+01,3.598451e+01,2.697511e+01,8.462844e+00,6.309573e-06,2.029363e-10
2.316667e+01,3.626208e+01,2.744885e+01,8.794845e+00,6.309573e-06,1.702325e-10
2.333333e+01,3.669402e+01,2.776019e+01,9.114762e+00,6.309573e-06,2.549832e-10
2.350000e+01,3.712093e+01,2.791456e+01,9.270581e+00,6.309573e-06,2.439672e-10
2.366667e+01,3.761922e+01,2.822076e+01,9.423824e+00,6.309573e-06,2.767406e-10
2.383333e+01,3.803575e+01,2.852368e+01,9.869287e+00,6.309573e-06,2.243309e-10
2.400000e+01,3.852221e+01,2.897211e+01,1.001337e+01,6.309573e-06,2.529661e-10
2.416667e+01,3.885542e+01,2.951094e+01,1.043369e+01,6.309573e-06,1.682023e-10
2.433333e+01,3.922234e+01,2.980075e+01,1.070474e+01,6.309573e-06,1.790946e-10
2.450000e+01,3.969426e+01,3.013533e+01,1.096910e+01,6.309573e-06,2.239944e-10
2.466667e+01,3.998190e+01,3.041919e+01,1.172646e+01,6.309573e-06,1.325010e-10
2.483333e+01,4.048036e+01,3.074704e+01,1.208736e+01,6.309573e-06,2.221111e-10
2.500000e+01,4.076245e+01,3.102530e+01,1.232209e+01,6.309573e-06,1.230692e-10
2.516667e+01,4.097275e+01,3.143807e+01,1.289022e+01,6.309573e-06,8.936975e-11
2.533333e+01,4.121674e+01,3.157446e+01,1.364593e+01,6.309573e-06,1.007405e-10
2.550000e+01,4.156282e+01,3.166506e+01,1.364593e+01,6.309573e-06,1.397992e-10
2.566667e+01,4.200845e+01,3.180048e+01,1.385427e+01,6.309573e-06,1.782261e-10
2.583333e+01,4.221254e+01,3.224777e+01,1.436192e+01,6.309573e-06,7.995323e-11
2.600000e+01,4.255052e+01,3.246910e+01,1.456003e+01,6.309573e-06,1.290695e-10
2.616667e+01,4.288583e+01,3.295080e+01,1.504388e+01,6.309573e-06,1.252210e-10
2.633333e+01,4.344992e+01,3.338267e+01,1.542004e+01,6.309573e-06,2.061089e-10
2.650000e+01,4.364728e+01,3.351115e+01,1.578723e+01,6.309573e-06,7.054542e-11
2.666667e+01,4.416923e+01,3.385138e+01,1.605712e+01,6.309573e-06,1.827967e-10
2.683333e+01,4.436339e+01,3.414629e+01,1.658372e+01,6.309573e-06,6.669586e-11
2.700000e+01,4.481314e+01,3.452176e+01,1.666987e+01,6.309573e-06,1.511200e-10
2.716667e+01,4.532167e+01,3.481100e+01,1.701011e+01,6.309573e-06,1.684147e-10
2.733333e+01,4.563663e+01,3.509785e+01,1.734367e+01,6.309573e-06,1.022161e-10
2.750000e+01,4.594942e+01,3.534187e+01,1.767094e+01,6.309573e-06,9.949872e-11
2.766667e+01,4.650716e+01,3.562445e+01,1.799225e+01,6.309573e-06,1.743617e-10
2.783333e+01,4.690584e+01,3.594468e+01,1.869503e+01,6.309573e-06,1.223582e-10
2.800000e+01,4.736169e+01,3.645905e+01,1.877150e+01,6.309573e-06,1.375994e-10
2.816667e+01,4.769321e+01,3.692749e+01,1.929825e+01,6.309573e-06,9.906160e-11
2.833333e+01,4.811184e+01,3.719803e+01,1.966587e+01,6.309573e-06,1.232204e-10
2.850000e+01,4.861534e+01,3.758113e+01,2.002674e+01,6.309573e-06,1.471566e-10
2.866667e+01,4.899687e+01,3.773328e+01,2.024018e+01,6.309573e-06,1.109376e-10
2.883333e+01,4.934643e+01,3.803575e+01,2.079863e+01,6.309573e-06,1.011173e-10
2.900000e+01,4.975116e+01,3.852221e+01,2.107231e+01,6.309573e-06,1.165675e-10
2.916667e+01,5.009546e+01,3.881854e+01,2.140949e+01,6.309573e-06,9.945304e-11
2.933333e+01,5.026673e+01,3.903931e+01,2.154288e+01,6.309573e-06,4.949275e-11
2.950000e+01,5.066410e+01,3.933174e+01,2.187281e+01,6.309573e-06,1.152097e-10
2.966667e+01,5.103032e+01,3.947715e+01,2.258168e+01,6.309573e-06,1.064285e-10
2.983333e+01,5.142179e+01,3.983834e+01,2.289665e+01,6.309573e-06,1.139930e-10
3.000000e+01,5.164415e+01,4.023190e+01,2.320733e+01,6.309573e-06,6.553408e-11
3.016667e+01,5.197592e+01,4.058637e+01,2.351392e+01,6.309573e-06,9.897033e-11
3.033333e+01,5.238767e+01,4.097275e+01,2.363544e+01,6.309573e-06,1.243529e-10
3.050000e+01,5.279621e+01,4.132087e+01,2.387662e+01,6.309573e-06,1.252111e-10
3.066667e+01,5.312078e+01,4.176909e+01,2.411539e+01,6.309573e-06,1.004871e-10
3.083333e+01,5.347017e+01,4.197434e+01,2.423390e+01,6.309573e-06,1.091925e-10
3.100000e+01,5.397676e+01,4.207659e+01,2.446918e+01,6.309573e-06,1.600023e-10
3.116667e+01,5.432065e+01,4.244941e+01,2.458598e+01,6.309573e-06,1.094772e-10
3.133333e+01,5.463616e+01,4.271850e+01,2.481793e+01,6.309573e-06,1.011496e-10
3.150000e+01,5.500197e+01,4.315221e+01,2.533205e+01,6.309573e-06,1.178393e-10
3.166667e+01,5.526179e+01,4.344992e+01,2.544489e+01,6.309573e-06,8.399472e-11
3.183333e+01,5.572640e+01,4.374562e+01,2.555723e+01,6.309573e-06,1.520629e-10
3.200000e+01,5.598285e+01,4.400679e+01,2.594659e+01,6.309573e-06,8.458650e-11
3.216667e+01,5.621265e+01,4.449235e+01,2.622116e+01,6.309573e-06,7.594537e-11
3.233333e+01,5.654294e+01,4.471714e+01,2.633019e+01,6.309573e-06,1.096720e-10
3.250000e+01,5.684613e+01,4.541639e+01,2.654690e+01,6.309573e-06,1.012459e-10
3.266667e+01,5.712263e+01,4.573069e+01,2.676186e+01,6.309573e-06,9.232298e-11
3.283333e+01,5.747262e+01,4.613608e+01,2.697511e+01,6.309573e-06,1.166254e-10
3.300000e+01,5.777092e+01,4.647635e+01,2.713394e+01,6.309573e-06,9.903554e-11
3.316667e+01,5.799364e+01,4.681414e+01,2.744885e+01,6.309573e-06,7.341691e-11
3.333333e+01,5.838749e+01,4.708871e+01,2.770854e+01,6.309573e-06,1.286470e-10
3.350000e+01,5.865673e+01,4.745234e+01,2.806808e+01,6.309573e-06,8.713292e-11
3.366667e+01,5.885176e+01,4.778323e+01,2.822076e+01,6.309573e-06,6.230124e-11
3.383333e+01,5.921572e+01,4.799261e+01,2.842306e+01,6.309573e-06,1.144533e-10
3.400000e+01,5.950529e+01,4.834943e+01,2.867393e+01,6.309573e-06,8.945265e-11
3.416667e+01,5.998479e+01,4.867423e+01,2.872384e+01,6.309573e-06,1.453605e-10
3.433333e+01,6.029442e+01,4.911367e+01,2.916920e+01,6.309573e-06,9.199686e-11
3.450000e+01,6.057883e+01,4.943344e+01,2.936497e+01,6.309573e-06,8.207869e-11
3.466667e+01,6.097947e+01,4.980871e+01,2.970446e+01,6.309573e-06,1.128370e-10
3.483333e+01,6.130745e+01,5.018117e+01,3.008776e+01,6.309573e-06,8.999581e-11
3.500000e+01,6.151737e+01,5.063582e+01,3.046624e+01,6.309573e-06,5.609136e-11
3.516667e+01,6.191193e+01,5.100224e+01,3.084007e+01,6.309573e-06,1.029127e-10
3.533333e+01,6.214286e+01,5.142179e+01,3.125529e+01,6.309573e-06,5.883634e-11
3.550000e+01,6.239590e+01,5.169959e+01,3.166506e+01,6.309573e-06,6.304351e-11
3.566667e+01,6.255639e+01,5.205853e+01,3.202490e+01,6.309573e-06,3.920194e-11
3.583333e+01,6.292168e+01,5.222336e+01,3.233648e+01,6.309573e-06,8.775837e-11
3.600000e+01,6.326223e+01,5.249692e+01,3.255721e+01,6.309573e-06,8.071044e-11
3.616667e+01,6.346569e+01,5.287754e+01,3.290730e+01,6.309573e-06,4.751389e-11
3.633333e+01,6.384822e+01,5.322853e+01,3.321060e+01,6.309573e-06,8.792966e-11
3.650000e+01,6.407217e+01,5.336291e+01,3.389366e+01,6.309573e-06,5.067316e-11
3.666667e+01,6.436214e+01,5.368405e+01,3.414629e+01,6.309573e-06,6.451179e-11
3.683333e+01,6.465081e+01,5.392366e+01,3.460465e+01,6.309573e-06,6.373016e-11
3.700000e+01,6.498230e+01,5.413575e+01,3.493423e+01,6.309573e-06,7.261997e-11
3.716667e+01,6.522432e+01,5.460994e+01,3.522007e+01,6.309573e-06,5.279446e-11
3.733333e+01,6.561843e+01,5.492379e+01,3.566464e+01,6.309573e-06,8.567463e-11
3.750000e+01,6.594505e+01,5.523586e+01,3.626208e+01,6.309573e-06,7.061781e-11
3.766667e+01,6.633488e+01,5.554618e+01,3.641974e+01,6.309573e-06,8.412485e-11
3.783333e+01,6.663650e+01,5.570069e+01,3.677201e+01,6.309573e-06,6.529253e-11
3.800000e+01,6.702230e+01,5.598285e+01,3.723651e+01,6.309573e-06,8.346780e-11
3.816667e+01,6.729956e+01,5.633992e+01,3.758113e+01,6.309573e-06,5.994700e-11
3.833333e+01,6.768159e+01,5.654294e+01,3.780912e+01,6.309573e-06,8.282041e-11
3.850000e+01,6.806147e+01,5.677048e+01,3.803575e+01,6.309573e-06,8.264175e-11
3.866667e+01,6.852291e+01,5.699711e+01,3.829846e+01,6.309573e-06,1.006192e-10
3.883333e+01,6.891894e+01,5.724787e+01,3.863360e+01,6.309573e-06,8.637023e-11
3.900000e+01,6.929204e+01,5.762196e+01,3.881854e+01,6.309573e-06,8.117834e-11
3.916667e+01,6.968369e+01,5.794422e+01,3.911262e+01,6.309573e-06,8.494646e-11
3.933333e+01,6.997088e+01,5.824011e+01,3.947715e+01,6.309573e-06,6.167879e-11
3.950000e+01,7.021611e+01,5.858342e+01,3.987428e+01,6.309573e-06,5.205326e-11
3.966667e+01,7.050113e+01,5.909465e+01,4.023190e+01,6.309573e-06,5.986733e-11
3.983333e+01,7.076476e+01,5.931240e+01,4.048036e+01,6.309573e-06,5.486811e-11
4.000000e+01,7.124890e+01,5.955341e+01,4.097275e+01,6.309573e-06,9.988800e-11
4.016667e+01,7.156984e+01,5.988920e+01,4.149383e+01,6.309573e-06,6.546459e-11
4.033333e+01,7.188935e+01,6.010407e+01,4.163169e+01,6.309573e-06,6.453839e-11
4.050000e+01,7.214791e+01,6.057883e+01,4.211062e+01,6.309573e-06,5.192957e-11
4.066667e+01,7.238577e+01,6.093248e+01,4.251684e+01,6.309573e-06,4.724576e-11
4.083333e+01,7.264256e+01,6.140083e+01,4.278551e+01,6.309573e-06,5.056061e-11
4.100000e+01,7.285914e+01,6.172657e+01,4.308577e+01,6.309573e-06,4.232121e-11
4.116667e+01,7.307508e+01,6.205060e+01,4.335091e+01,6.309573e-06,4.171375e-11
4.133333e+01,7.344656e+01,6.244180e+01,4.368008e+01,6.309573e-06,7.100797e-11
4.150000e+01,7.385498e+01,6.289892e+01,4.407184e+01,6.309573e-06,7.717719e-11
4.166667e+01,7.420326e+01,6.308084e+01,4.442791e+01,6.309573e-06,6.504824e-11
4.183333e+01,7.468430e+01,6.330750e+01,4.468510e+01,6.309573e-06,8.904330e-11
4.200000e+01,7.510506e+01,6.369098e+01,4.519507e+01,6.309573e-06,7.732856e-11
4.216667e+01,7.537159e+01,6.391548e+01,4.573069e+01,6.309573e-06,4.856105e-11
4.233333e+01,7.571290e+01,6.433988e+01,4.604285e+01,6.309573e-06,6.189234e-11
4.250000e+01,7.590185e+01,6.471724e+01,4.659946e+01,6.309573e-06,3.421906e-11
4.266667e+01,7.620320e+01,6.511442e+01,4.708871e+01,6.309573e-06,5.441493e-11
4.283333e+01,7.663431e+01,6.544356e+01,4.757293e+01,6.309573e-06,7.795436e-11
4.300000e+01,7.700723e+01,6.570568e+01,4.796275e+01,6.309573e-06,6.768122e-11
4.316667e+01,7.739686e+01,6.605357e+01,4.831980e+01,6.309573e-06,7.116073e-11
4.333333e+01,7.789495e+01,6.637805e+01,4.861534e+01,6.309573e-06,9.160361e-11
4.350000e+01,7.829846e+01,6.674389e+01,4.893837e+01,6.309573e-06,7.450291e-11
4.366667e+01,7.868169e+01,6.717174e+01,4.931740e+01,6.309573e-06,7.086606e-11
4.383333e+01,7.899057e+01,6.738465e+01,4.957811e+01,6.309573e-06,5.712220e-11
4.400000e+01,7.928018e+01,6.770275e+01,4.972236e+01,6.309573e-06,5.351401e-11
4.416667e+01,7.978447e+01,6.810355e+01,5.000961e+01,6.309573e-06,9.321413e-11
4.433333e+01,8.008909e+01,6.843924e+01,5.046580e+01,6.309573e-06,5.610004e-11
4.450000e+01,8.030342e+01,6.877330e+01,5.097415e+01,6.309573e-06,3.920208e-11
4.466667e+01,8.071264e+01,6.902278e+01,5.125438e+01,6.309573e-06,7.462394e-11
4.483333e+01,8.110213e+01,6.939532e+01,5.161641e+01,6.309573e-06,7.113847e-11
4.500000e+01,8.150733e+01,6.974533e+01,5.189318e+01,6.309573e-06,7.410302e-11
4.516667e+01,8.178803e+01,7.017530e+01,5.233296e+01,6.309573e-06,5.140484e-11
4.533333e+01,8.215499e+01,7.046048e+01,5.260595e+01,6.309573e-06,6.727312e-11
4.550000e+01,8.246823e+01,7.088610e+01,5.290462e+01,6.309573e-06,5.758788e-11
4.566667e+01,8.283218e+01,7.116844e+01,5.317468e+01,6.309573e-06,6.706318e-11
4.583333e+01,8.312563e+01,7.150978e+01,5.360395e+01,6.309573e-06,5.422053e-11
4.600000e+01,8.348671e+01,7.196901e+01,5.384391e+01,6.309573e-06,6.680359e-11
4.616667e+01,8.389748e+01,7.230657e+01,5.432065e+01,6.309573e-06,7.629998e-11
4.633333e+01,8.415318e+01,7.252415e+01,5.466237e+01,6.309573e-06,4.751934e-11
4.650000e+01,8.466228e+01,7.285914e+01,5.505403e+01,6.309573e-06,9.490122e-11
4.666667e+01,8.508420e+01,7.307508e+01,5.554618e+01,6.309573e-06,7.898230e-11
4.683333e+01,8.543701e+01,7.329038e+01,5.585477e+01,6.309573e-06,6.636193e-11
4.700000e+01,8.572155e+01,7.371909e+01,5.621265e+01,6.309573e-06,5.390286e-11
4.716667e+01,8.602180e+01,7.414533e+01,5.649226e+01,6.309573e-06,5.720946e-11
4.733333e+01,8.638736e+01,7.445379e+01,5.682092e+01,6.309573e-06,7.012733e-11
4.750000e+01,8.658610e+01,7.493321e+01,5.707245e+01,6.309573e-06,3.834260e-11
4.766667e+01,8.703162e+01,7.540959e+01,5.739780e+01,6.309573e-06,8.648032e-11
4.783333e+01,8.747486e+01,7.569398e+01,5.757222e+01,6.309573e-06,8.645147e-11
4.800000e+01,8.772014e+01,7.609033e+01,5.787001e+01,6.309573e-06,4.805354e-11
4.816667e+01,8.809491e+01,7.637218e+01,5.838749e+01,6.309573e-06,7.363213e-11
4.833333e+01,8.841951e+01,7.670904e+01,5.860787e+01,6.309573e-06,6.403027e-11
4.850000e+01,8.871063e+01,7.706301e+01,5.880306e+01,6.309573e-06,5.791404e-11
4.866667e+01,8.906515e+01,7.745236e+01,5.894904e+01,6.309573e-06,7.090018e-11
4.883333e+01,8.943428e+01,7.780295e+01,5.931240e+01,6.309573e-06,7.407909e-11
4.900000e+01,8.978595e+01,7.806027e+01,5.957746e+01,6.309573e-06,7.048240e-11
4.916667e+01,9.012035e+01,7.831675e+01,5.979345e+01,6.309573e-06,6.698904e-11
4.933333e+01,9.050100e+01,7.862706e+01,6.012789e+01,6.309573e-06,7.621353e-11
4.950000e+01,9.076967e+01,7.897244e+01,6.038937e+01,6.309573e-06,5.359679e-11
4.966667e+01,9.102181e+01,7.931631e+01,6.069694e+01,6.309573e-06,5.013939e-11
4.983333e+01,9.133600e+01,7.971262e+01,6.097947e+01,6.309573e-06,6.222201e-11
5.000000e+01,9.147704e+01,8.019633e+01,6.133081e+01,6.309573e-06,2.779416e-11
5.016667e+01,9.182088e+01,8.057054e+01,6.149408e+01,6.309573e-06,6.734897e-11
5.033333e+01,9.222558e+01,8.088991e+01,6.174977e+01,6.309573e-06,7.889477e-11
5.050000e+01,9.256665e+01,8.103145e+01,6.223500e+01,6.309573e-06,6.591605e-11
5.066667e+01,9.290645e+01,8.136662e+01,6.257928e+01,6.309573e-06,6.499433e-11
5.083333e+01,9.321430e+01,8.170042e+01,6.285335e+01,6.309573e-06,5.853104e-11
5.100000e+01,9.355175e+01,8.203286e+01,6.296720e+01,6.309573e-06,6.388227e-11
5.116667e+01,9.393375e+01,8.243349e+01,6.314892e+01,6.309573e-06,7.198172e-11
5.133333e+01,9.425344e+01,8.267640e+01,6.346569e+01,6.309573e-06,5.965391e-11
5.150000e+01,9.455690e+01,8.305668e+01,6.384822e+01,6.309573e-06,5.593999e-11
5.166667e+01,9.493485e+01,8.348671e+01,6.427306e+01,6.309573e-06,6.895244e-11
5.183333e+01,9.540144e+01,8.381207e+01,6.473937e+01,6.309573e-06,8.436940e-11
5.200000e+01,9.571622e+01,8.410210e+01,6.520235e+01,6.309573e-06,5.654329e-11
5.216667e+01,9.607471e+01,8.447597e+01,6.548732e+01,6.309573e-06,6.411445e-11
5.233333e+01,9.640215e+01,8.488194e+01,6.587986e+01,6.309573e-06,5.850688e-11
5.250000e+01,9.669887e+01,8.515152e+01,6.614025e+01,6.309573e-06,5.294962e-11
5.266667e+01,9.692081e+01,8.547053e+01,6.667948e+01,6.309573e-06,3.963363e-11
5.283333e+01,9.720120e+01,8.577166e+01,6.702230e+01,6.309573e-06,5.004072e-11
5.300000e+01,9.755424e+01,8.605510e+01,6.749085e+01,6.309573e-06,6.341653e-11
5.316667e+01,9.793525e+01,8.635419e+01,6.770275e+01,6.309573e-06,6.898767e-11
5.333333e+01,9.827107e+01,8.668530e+01,6.818763e+01,6.309573e-06,6.149422e-11
5.350000e+01,9.867835e+01,8.717961e+01,6.846017e+01,6.309573e-06,7.520588e-11
5.366667e+01,9.908396e+01,8.744211e+01,6.879412e+01,6.309573e-06,7.567821e-11
5.383333e+01,9.928615e+01,8.776912e+01,6.902278e+01,6.309573e-06,3.799721e-11
5.400000e+01,9.951671e+01,8.802985e+01,6.941596e+01,6.309573e-06,4.364204e-11
5.416667e+01,9.984721e+01,8.837089e+01,6.968369e+01,6.309573e-06,6.290537e-11
5.433333e+01,1.001623e+02,8.877519e+01,6.988895e+01,6.309573e-06,6.042687e-11
5.450000e+01,1.005050e+02,8.912946e+01,7.019571e+01,6.309573e-06,6.606864e-11
5.466667e+01,1.008322e+02,8.941826e+01,7.052144e+01,6.309573e-06,6.320999e-11
5.483333e+01,1.011726e+02,8.976999e+01,7.072426e+01,6.309573e-06,6.564380e-11
5.500000e+01,1.013706e+02,9.005675e+01,7.098707e+01,6.309573e-06,3.808616e-11
5.516667e+01,1.017655e+02,9.039014e+01,7.130919e+01,6.309573e-06,7.550998e-11
5.533333e+01,1.020606e+02,9.080123e+01,7.172978e+01,6.309573e-06,5.601582e-11
5.550000e+01,1.024249e+02,9.110046e+01,7.206846e+01,6.309573e-06,6.860296e-11
5.566667e+01,1.027739e+02,9.147704e+01,7.238577e+01,6.309573e-06,6.539051e-11
5.583333e+01,1.032189e+02,9.185207e+01,7.266227e+01,6.309573e-06,8.293029e-11
5.600000e+01,1.035791e+02,9.219452e+01,7.293773e+01,6.309573e-06,6.683259e-11
5.616667e+01,1.039381e+02,9.248924e+01,7.323172e+01,6.309573e-06,6.623454e-11
5.633333e+01,1.042271e+02,9.279847e+01,7.342706e+01,6.309573e-06,5.293700e-11
5.650000e+01,1.045564e+02,9.312205e+01,7.358295e+01,6.309573e-06,5.983156e-11
5.666667e+01,1.049120e+02,9.352112e+01,7.412601e+01,6.309573e-06,6.393729e-11
5.683333e+01,1.052800e+02,9.381168e+01,7.460754e+01,6.309573e-06,6.525333e-11
5.700000e+01,1.055653e+02,9.422304e+01,7.500964e+01,6.309573e-06,5.009045e-11
5.716667e+01,1.058634e+02,9.445080e+01,7.537159e+01,6.309573e-06,5.202273e-11
5.733333e+01,1.062955e+02,9.470826e+01,7.571290e+01,6.309573e-06,7.520578e-11
5.750000e+01,1.066990e+02,9.511574e+01,7.597730e+01,6.309573e-06,7.016962e-11
5.766667e+01,1.070207e+02,9.543146e+01,7.637218e+01,6.309573e-06,5.583917e-11
5.783333e+01,1.073414e+02,9.583587e+01,7.655951e+01,6.309573e-06,5.540398e-11
5.800000e+01,1.076745e+02,9.617902e+01,7.702583e+01,6.309573e-06,5.731713e-11
5.816667e+01,1.080066e+02,9.650611e+01,7.735984e+01,6.309573e-06,5.678344e-11
5.833333e+01,1.083641e+02,9.684688e+01,7.774770e+01,6.309573e-06,6.092079e-11
5.850000e+01,1.087467e+02,9.709799e+01,7.820693e+01,6.309573e-06,6.499218e-11
5.866667e+01,1.090098e+02,9.740729e+01,7.862706e+01,6.309573e-06,4.458189e-11
5.883333e+01,1.093116e+02,9.765696e+01,7.886353e+01,6.309573e-06,5.117775e-11
5.900000e+01,1.097040e+02,9.802297e+01,7.924404e+01,6.309573e-06,6.678012e-11
5.916667e+01,1.100690e+02,9.841672e+01,7.960473e+01,6.309573e-06,6.226976e-11
5.933333e+01,1.104588e+02,9.880891e+01,7.983831e+01,6.309573e-06,6.661225e-11
5.950000e+01,1.107178e+02,9.904058e+01,8.012485e+01,6.309573e-06,4.430782e-11
5.966667e+01,1.110408e+02,9.938708e+01,8.028559e+01,6.309573e-06,5.515917e-11
5.983333e+01,1.114142e+02,9.966054e+01,8.064162e+01,6.309573e-06,6.367694e-11
6.000000e+01,1.117095e+02,9.997624e+01,8.096071e+01,6.309573e-06,5.008292e-11
6.016667e+01,1.120424e+02,1.002909e+02,8.138423e+01,6.309573e-06,5.616578e-11
6.033333e+01,1.123871e+02,1.006047e+02,8.175300e+01,6.309573e-06,5.781554e-11
6.050000e+01,1.127815e+02,1.008180e+02,8.222470e+01,6.309573e-06,6.587012e-11
6.066667e+01,1.131239e+02,1.012716e+02,8.262440e+01,6.309573e-06,5.701066e-11
6.083333e+01,1.134652e+02,1.016810e+02,8.298767e+01,6.309573e-06,5.680148e-11
6.100000e+01,1.137930e+02,1.019342e+02,8.326337e+01,6.309573e-06,5.460241e-11
6.116667e+01,1.141575e+02,1.022429e+02,8.362386e+01,6.309573e-06,6.083203e-11
6.133333e+01,1.145208e+02,1.025646e+02,8.394868e+01,6.309573e-06,6.071995e-11
6.150000e+01,1.148206e+02,1.028157e+02,8.432322e+01,6.309573e-06,5.018046e-11
6.166667e+01,1.151320e+02,1.032189e+02,8.469611e+01,6.309573e-06,5.224532e-11
6.183333e+01,1.154054e+02,1.034269e+02,8.510104e+01,6.309573e-06,4.599955e-11
6.200000e+01,1.157276e+02,1.036897e+02,8.553754e+01,6.309573e-06,5.445215e-11
6.216667e+01,1.160490e+02,1.041308e+02,8.583844e+01,6.309573e-06,5.465478e-11
6.233333e+01,1.164802e+02,1.045290e+02,8.608838e+01,6.309573e-06,7.410038e-11
6.250000e+01,1.169221e+02,1.048846e+02,8.648679e+01,6.309573e-06,7.664441e-11
6.266667e+01,1.173379e+02,1.053344e+02,8.688336e+01,6.309573e-06,7.262428e-11
6.283333e+01,1.177157e+02,1.056331e+02,8.740934e+01,6.309573e-06,6.645796e-11
6.300000e+01,1.181408e+02,1.058904e+02,8.760576e+01,6.309573e-06,7.534101e-11
6.316667e+01,1.184556e+02,1.061201e+02,8.786698e+01,6.309573e-06,5.639952e-11
6.333333e+01,1.187093e+02,1.064167e+02,8.812742e+01,6.309573e-06,4.576902e-11
6.350000e+01,1.190346e+02,1.067661e+02,8.845190e+01,6.309573e-06,5.901813e-11
6.366667e+01,1.193111e+02,1.071277e+02,8.877519e+01,6.309573e-06,5.033346e-11
6.383333e+01,1.196109e+02,1.075414e+02,8.922583e+01,6.309573e-06,5.473834e-11
6.400000e+01,1.199099e+02,1.079933e+02,8.946631e+01,6.309573e-06,5.470589e-11
6.416667e+01,1.203391e+02,1.082847e+02,8.976999e+01,6.309573e-06,7.885451e-11
6.433333e+01,1.205888e+02,1.086677e+02,9.002493e+01,6.309573e-06,4.591081e-11
6.450000e+01,1.208617e+02,1.089967e+02,9.034259e+01,6.309573e-06,5.015793e-11
6.466667e+01,1.212522e+02,1.093247e+02,9.053265e+01,6.309573e-06,7.161864e-11
6.483333e+01,1.214411e+02,1.097040e+02,9.075389e+01,6.309573e-06,3.452284e-11
6.500000e+01,1.217003e+02,1.100300e+02,9.111618e+01,6.309573e-06,4.710913e-11
6.516667e+01,1.220059e+02,1.104847e+02,9.152400e+01,6.309573e-06,5.515373e-11
6.533333e+01,1.223810e+02,1.107825e+02,9.186767e+01,6.309573e-06,6.741131e-11
6.550000e+01,1.227433e+02,1.111439e+02,9.217898e+01,6.309573e-06,6.501727e-11
6.566667e+01,1.230813e+02,1.115170e+02,9.250473e+01,6.309573e-06,6.057055e-11
6.583333e+01,1.234299e+02,1.117993e+02,9.284476e+01,6.309573e-06,6.241212e-11
6.600000e+01,1.237544e+02,1.121063e+02,9.310667e+01,6.309573e-06,5.800778e-11
6.616667e+01,1.241243e+02,1.125017e+02,9.356706e+01,6.309573e-06,6.609145e-11
6.633333e+01,1.244585e+02,1.127307e+02,9.394900e+01,6.309573e-06,5.965052e-11
6.650000e+01,1.248492e+02,1.130352e+02,9.439011e+01,6.309573e-06,6.981738e-11
6.666667e+01,1.251815e+02,1.134652e+02,9.475362e+01,6.309573e-06,5.946233e-11
6.683333e+01,1.255927e+02,1.137804e+02,9.505548e+01,6.309573e-06,7.384767e-11
6.700000e+01,1.259799e+02,1.140445e+02,9.543146e+01,6.309573e-06,6.987417e-11
6.716667e+01,1.262752e+02,1.144582e+02,9.564137e+01,6.309573e-06,5.347987e-11
6.733333e+01,1.266489e+02,1.146957e+02,9.598521e+01,6.309573e-06,6.808846e-11
6.750000e+01,1.269652e+02,1.150075e+02,9.635757e+01,6.309573e-06,5.773767e-11
6.766667e+01,1.272132e+02,1.153309e+02,9.662478e+01,6.309573e-06,4.533040e-11
6.783333e+01,1.275281e+02,1.156162e+02,9.687646e+01,6.309573e-06,5.774720e-11
6.800000e+01,1.279094e+02,1.159255e+02,9.717173e+01,6.309573e-06,7.009485e-11
6.816667e+01,1.281220e+02,1.162587e+02,9.745140e+01,6.309573e-06,3.904700e-11
6.833333e+01,1.284569e+02,1.166031e+02,9.774493e+01,6.309573e-06,6.144724e-11
6.850000e+01,1.288244e+02,1.169711e+02,9.815440e+01,6.309573e-06,6.730844e-11
6.866667e+01,1.290688e+02,1.173501e+02,9.840217e+01,6.309573e-06,4.458673e-11
6.883333e+01,1.294124e+02,1.175696e+02,9.880891e+01,6.309573e-06,6.250907e-11
6.900000e+01,1.298543e+02,1.179224e+02,9.922842e+01,6.309573e-06,8.013507e-11
6.916667e+01,1.301518e+02,1.182862e+02,9.960303e+01,6.309573e-06,5.383100e-11
6.933333e+01,1.305035e+02,1.185765e+02,9.987590e+01,6.309573e-06,6.368925e-11
6.950000e+01,1.308433e+02,1.189624e+02,1.001766e+02,6.309573e-06,6.167634e-11
6.966667e+01,1.312369e+02,1.192510e+02,1.004907e+02,6.309573e-06,7.150839e-11
6.983333e+01,1.316074e+02,1.196228e+02,1.009032e+02,6.309573e-06,6.738572e-11
7.000000e+01,1.318901e+02,1.200054e+02,1.012292e+02,6.309573e-06,5.140426e-11
7.016667e+01,1.322588e+02,1.205651e+02,1.015964e+02,6.309573e-06,6.717437e-11
7.033333e+01,1.326266e+02,1.208736e+02,1.019904e+02,6.309573e-06,6.708365e-11
7.050000e+01,1.330686e+02,1.212876e+02,1.022289e+02,6.309573e-06,8.084447e-11
7.066667e+01,1.334341e+02,1.216179e+02,1.025367e+02,6.309573e-06,6.708333e-11
7.083333e+01,1.338200e+02,1.219942e+02,1.028436e+02,6.309573e-06,7.092764e-11
7.100000e+01,1.341941e+02,1.224395e+02,1.032606e+02,6.309573e-06,6.883615e-11
7.116667e+01,1.344501e+02,1.227783e+02,1.035376e+02,6.309573e-06,4.706809e-11
7.133333e+01,1.347480e+02,1.231627e+02,1.037725e+02,6.309573e-06,5.488233e-11
7.150000e+01,1.351514e+02,1.234879e+02,1.041583e+02,6.309573e-06,7.446077e-11
7.166667e+01,1.355007e+02,1.237544e+02,1.044604e+02,6.309573e-06,6.448284e-11
7.183333e+01,1.358491e+02,1.241935e+02,1.047343e+02,6.309573e-06,6.440265e-11
7.200000e+01,1.361124e+02,1.245275e+02,1.049938e+02,6.309573e-06,4.870977e-11
7.216667e+01,1.364278e+02,1.248033e+02,1.053480e+02,6.309573e-06,5.825732e-11
7.233333e+01,1.366795e+02,1.251929e+02,1.057144e+02,6.309573e-06,4.641711e-11
7.250000e+01,1.370354e+02,1.255813e+02,1.061066e+02,6.309573e-06,6.559763e-11
7.266667e+01,1.373590e+02,1.258775e+02,1.063359e+02,6.309573e-06,5.965364e-11
7.283333e+01,1.376923e+02,1.261730e+02,1.066587e+02,6.309573e-06,6.148303e-11
7.300000e+01,1.380040e+02,1.264905e+02,1.071010e+02,6.309573e-06,5.744350e-11
7.316667e+01,1.383358e+02,1.267846e+02,1.074348e+02,6.309573e-06,6.109109e-11
7.333333e+01,1.386047e+02,1.272470e+02,1.076878e+02,6.309573e-06,4.958287e-11
7.350000e+01,1.389041e+02,1.276403e+02,1.080729e+02,6.309573e-06,5.523646e-11
7.366667e+01,1.392337e+02,1.279094e+02,1.083905e+02,6.309573e-06,6.073280e-11
7.383333e+01,1.395112e+02,1.283231e+02,1.087862e+02,6.309573e-06,5.110696e-11
7.400000e+01,1.398189e+02,1.286464e+02,1.091280e+02,6.309573e-06,5.667296e-11
7.416667e+01,1.401054e+02,1.289689e+02,1.094295e+02,6.309573e-06,5.281030e-11
7.433333e+01,1.404118e+02,1.293238e+02,1.097302e+02,6.309573e-06,5.650471e-11
7.450000e+01,1.408295e+02,1.296335e+02,1.101211e+02,6.309573e-06,7.713844e-11
7.466667e+01,1.411343e+02,1.298984e+02,1.105495e+02,6.309573e-06,5.628763e-11
7.483333e+01,1.415396e+02,1.303058e+02,1.108342e+02,6.309573e-06,7.494488e-11
7.500000e+01,1.418833e+02,1.305803e+02,1.111955e+02,6.309573e-06,6.376191e-11
7.516667e+01,1.422161e+02,1.309309e+02,1.114913e+02,6.309573e-06,6.179061e-11
7.533333e+01,1.426184e+02,1.312150e+02,1.118889e+02,6.309573e-06,7.487631e-11
7.550000e+01,1.430296e+02,1.315421e+02,1.121702e+02,6.309573e-06,7.663586e-11
7.566667e+01,1.433497e+02,1.318901e+02,1.125654e+02,6.309573e-06,5.979556e-11
7.583333e+01,1.436691e+02,1.322047e+02,1.129718e+02,6.309573e-06,5.965960e-11
7.600000e+01,1.439778e+02,1.325509e+02,1.134147e+02,6.309573e-06,5.772816e-11
7.616667e+01,1.443752e+02,1.329178e+02,1.138433e+02,6.309573e-06,7.457040e-11
7.633333e+01,1.446627e+02,1.333482e+02,1.140947e+02,6.309573e-06,5.425895e-11
7.650000e+01,1.450088e+02,1.336594e+02,1.143831e+02,6.309573e-06,6.581866e-11
7.666667e+01,1.454329e+02,1.339698e+02,1.146832e+02,6.309573e-06,8.109867e-11
7.683333e+01,1.457969e+02,1.343115e+02,1.150698e+02,6.309573e-06,6.987677e-11
7.700000e+01,1.460815e+02,1.346736e+02,1.153681e+02,6.309573e-06,5.483668e-11
7.716667e+01,1.464341e+02,1.349180e+02,1.157153e+02,6.309573e-06,6.828278e-11
7.733333e+01,1.467565e+02,1.351938e+02,1.159873e+02,6.309573e-06,6.268140e-11
7.750000e+01,1.470783e+02,1.355430e+02,1.162956e+02,6.309573e-06,6.277351e-11
7.766667e+01,1.473702e+02,1.357963e+02,1.167259e+02,6.309573e-06,5.707581e-11
7.783333e+01,1.477778e+02,1.361229e+02,1.170690e+02,6.309573e-06,7.986776e-11
7.800000e+01,1.481554e+02,1.365327e+02,1.174721e+02,6.309573e-06,7.430249e-11
7.816667e+01,1.485416e+02,1.368576e+02,1.176914e+02,6.309573e-06,7.642267e-11
7.833333e+01,1.488499e+02,1.371712e+02,1.179709e+02,6.309573e-06,6.133841e-11
7.850000e+01,1.492055e+02,1.375987e+02,1.182135e+02,6.309573e-06,7.095976e-11
7.866667e+01,1.495124e+02,1.379521e+02,1.185040e+02,6.309573e-06,6.132022e-11
7.883333e+01,1.498091e+02,1.382322e+02,1.188540e+02,6.309573e-06,5.923305e-11
7.900000e+01,1.501910e+02,1.385220e+02,1.192510e+02,6.309573e-06,7.607863e-11
7.916667e+01,1.504674e+02,1.389144e+02,1.196348e+02,6.309573e-06,5.488281e-11
7.933333e+01,1.507527e+02,1.392337e+02,1.200770e+02,6.309573e-06,5.656723e-11
7.950000e+01,1.511323e+02,1.394496e+02,1.203867e+02,6.309573e-06,7.526313e-11
7.966667e+01,1.514825e+02,1.397984e+02,1.208262e+02,6.309573e-06,6.959030e-11
7.983333e+01,1.518603e+02,1.401157e+02,1.212286e+02,6.309573e-06,7.513234e-11
