Time,avgI1rd,avgI2rd,avgDrd,Beta,Beff
0.000000e+00,1.692569e+00,0.000000e+00,0.000000e+00,6.309573e-06,0.000000e+00
1.666667e-01,1.692569e+00,0.000000e+00,0.000000e+00,6.309573e-06,0.000000e+00
3.333333e-01,1.692569e+00,0.000000e+00,0.000000e+00,6.309573e-06,0.000000e+00
5.000000e-01,1.692569e+00,0.000000e+00,0.000000e+00,6.309573e-06,0.000000e+00
6.666667e-01,1.692569e+00,0.000000e+00,0.000000e+00,6.309573e-06,0.000000e+00
8.333333e-01,1.692569e+00,0.000000e+00,0.000000e+00,6.309573e-06,0.000000e+00
1.000000e+00,1.692569e+00,0.000000e+00,0.000000e+00,6.309573e-06,0.000000e+00
1.166667e+00,1.692569e+00,0.000000e+00,0.000000e+00,6.309573e-06,0.000000e+00
1.333333e+00,1.692569e+00,0.000000e+00,0.000000e+00,6.309573e-06,0.000000e+00
1.500000e+00,1.692569e+00,0.000000e+00,0.000000e+00,6.309573e-06,0.000000e+00
1.666667e+00,1.692569e+00,1.692569e+00,0.000000e+00,6.309573e-06,0.000000e+00
1.833333e+00,1.692569e+00,1.692569e+00,0.000000e+00,6.309573e-06,0.000000e+00
2.000000e+00,1.692569e+00,1.692569e+00,0.000000e+00,6.309573e-06,0.000000e+00
2.166667e+00,1.692569e+00,1.692569e+00,0.000000e+00,6.309573e-06,0.000000e+00
2.333333e+00,1.692569e+00,1.692569e+00,0.000000e+00,6.309573e-06,0.000000e+00
2.500000e+00,1.692569e+00,1.692569e+00,0.000000e+00,6.309573e-06,0.000000e+00
2.666667e+00,1.692569e+00,1.692569e+00,0.000000e+00,6.309573e-06,0.000000e+00
2.833333e+00,1.692569e+00,1.692569e+00,0.000000e+00,6.309573e-06,0.000000e+00
3.000000e+00,1.692569e+00,1.692569e+00,0.000000e+00,6.309573e-06,0.000000e+00
3.166667e+00,1.692569e+00,1.692569e+00,0.000000e+00,6.309573e-06,0.000000e+00
3.333333e+00,1.692569e+00,1.692569e+00,0.000000e+00,6.309573e-06,0.000000e+00
3.500000e+00,1.692569e+00,1.692569e+00,0.000000e+00,6.309573e-06,0.000000e+00
3.666667e+00,1.692569e+00,1.692569e+00,0.000000e+00,6.309573e-06,0.000000e+00
3.833333e+00,2.393654e+00,1.692569e+00,0.000000e+00,6.309573e-06,1.927798e-04
4.000000e+00,2.393654e+00,1.692569e+00,0.000000e+00,6.309573e-06,0.000000e+00
4.166667e+00,2.393654e+00,1.692569e+00,0.000000e+00,6.309573e-06,0.000000e+00
4.333333e+00,2.393654e+00,1.692569e+00,0.000000e+00,6.309573e-06,0.000000e+00
4.500000e+00,2.393654e+00,2.393654e+00,0.000000e+00,6.309573e-06,0.000000e+00
4.666667e+00,2.393654e+00,2.393654e+00,0.000000e+00,6.309573e-06,0.000000e+00
4.833333e+00,2.393654e+00,2.393654e+00,0.000000e+00,6.309573e-06,0.000000e+00
5.000000e+00,3.385138e+00,2.393654e+00,0.000000e+00,6.309573e-06,7.888268e-05
5.166667e+00,3.385138e+00,2.393654e+00,0.000000e+00,6.309573e-06,0.000000e+00
5.333333e+00,3.385138e+00,2.393654e+00,0.000000e+00,6.309573e-06,0.000000e+00
5.500000e+00,3.385138e+00,2.393654e+00,0.000000e+00,6.309573e-06,0.000000e+00
5.666667e+00,3.784699e+00,2.393654e+00,0.000000e+00,6.309573e-06,1.607820e-05
5.833333e+00,3.784699e+00,2.393654e+00,0.000000e+00,6.309573e-06,0.000000e+00
6.000000e+00,3.784699e+00,2.393654e+00,0.000000e+00,6.309573e-06,0.000000e+00
6.166667e+00,3.784699e+00,2.393654e+00,0.000000e+00,6.309573e-06,0.000000e+00
6.333333e+00,3.784699e+00,2.393654e+00,0.000000e+00,6.309573e-06,0.000000e+00
6.500000e+00,4.145930e+00,2.393654e+00,0.000000e+00,6.309573e-06,5.257278e-06
6.666667e+00,4.478116e+00,2.393654e+00,0.000000e+00,6.309573e-06,4.204899e-06
6.833333e+00,4.478116e+00,2.393654e+00,0.000000e+00,6.309573e-06,0.000000e+00
7.000000e+00,5.077706e+00,2.393654e+00,0.000000e+00,6.309573e-06,5.380390e-06
7.166667e+00,5.077706e+00,2.393654e+00,0.000000e+00,6.309573e-06,0.000000e+00
7.333333e+00,5.613615e+00,2.393654e+00,0.000000e+00,6.309573e-06,3.442590e-06
7.500000e+00,5.863230e+00,2.393654e+00,0.000000e+00,6.309573e-06,1.376915e-06
7.666667e+00,5.863230e+00,2.393654e+00,0.000000e+00,6.309573e-06,0.000000e+00
7.833333e+00,6.333012e+00,2.393654e+00,0.000000e+00,6.309573e-06,1.762293e-06
8.000000e+00,6.555291e+00,3.385138e+00,0.000000e+00,6.309573e-06,7.049232e-07
8.166667e+00,6.978640e+00,3.385138e+00,0.000000e+00,6.309573e-06,1.127979e-06
8.333333e+00,6.978640e+00,3.385138e+00,0.000000e+00,6.309573e-06,0.000000e+00
8.500000e+00,7.180961e+00,3.385138e+00,0.000000e+00,6.309573e-06,3.610238e-07
8.666667e+00,7.756324e+00,3.385138e+00,0.000000e+00,6.309573e-06,8.667342e-07
8.833333e+00,7.938851e+00,3.385138e+00,0.000000e+00,6.309573e-06,2.312123e-07
9.000000e+00,8.291860e+00,3.784699e+00,0.000000e+00,6.309573e-06,3.701368e-07
9.166667e+00,8.956232e+00,4.145930e+00,0.000000e+00,6.309573e-06,5.926772e-07
9.333333e+00,9.574615e+00,4.145930e+00,0.000000e+00,6.309573e-06,4.744505e-07
9.500000e+00,1.001337e+01,4.145930e+00,0.000000e+00,6.309573e-06,2.848502e-07
9.666667e+00,1.001337e+01,4.478116e+00,0.000000e+00,6.309573e-06,0.000000e+00
9.833333e+00,1.096910e+01,4.478116e+00,0.000000e+00,6.309573e-06,4.265540e-07
1.000000e+01,1.135410e+01,5.077706e+00,0.000000e+00,6.309573e-06,1.465688e-07
1.016667e+01,1.147956e+01,5.077706e+00,0.000000e+00,6.309573e-06,3.919472e-08
1.033333e+01,1.208736e+01,5.352372e+00,0.000000e+00,6.309573e-06,1.573677e-07
1.050000e+01,1.243779e+01,5.352372e+00,0.000000e+00,6.309573e-06,7.588905e-08
1.066667e+01,1.255243e+01,5.863230e+00,0.000000e+00,6.309573e-06,2.035359e-08
1.083333e+01,1.277861e+01,6.102643e+00,0.000000e+00,6.309573e-06,3.280239e-08
1.100000e+01,1.300087e+01,6.102643e+00,0.000000e+00,6.309573e-06,2.647964e-08
1.116667e+01,1.354055e+01,6.102643e+00,0.000000e+00,6.309573e-06,5.356039e-08
1.133333e+01,1.385427e+01,6.555291e+00,0.000000e+00,6.309573e-06,2.606695e-08
1.150000e+01,1.426184e+01,6.555291e+00,0.000000e+00,6.309573e-06,2.828161e-08
1.166667e+01,1.456003e+01,6.770275e+00,0.000000e+00,6.309573e-06,1.732392e-08
1.183333e+01,1.513880e+01,7.377736e+00,0.000000e+00,6.309573e-06,2.842698e-08
1.200000e+01,1.578723e+01,7.569398e+00,0.000000e+00,6.309573e-06,2.735276e-08
1.216667e+01,1.614608e+01,7.938851e+00,0.000000e+00,6.309573e-06,1.296695e-08
1.233333e+01,1.641006e+01,8.117275e+00,0.000000e+00,6.309573e-06,8.123078e-09
1.250000e+01,1.658372e+01,8.291860e+00,0.000000e+00,6.309573e-06,4.557669e-09
1.266667e+01,1.701011e+01,8.630441e+00,0.000000e+00,6.309573e-06,9.671456e-09
1.283333e+01,1.734367e+01,8.956232e+00,0.000000e+00,6.309573e-06,6.626892e-09
1.300000e+01,1.783232e+01,9.423824e+00,0.000000e+00,6.309573e-06,8.596606e-09
1.316667e+01,1.815078e+01,9.574615e+00,0.000000e+00,6.309573e-06,5.005528e-09
1.333333e+01,1.830793e+01,9.723067e+00,0.000000e+00,6.309573e-06,2.207975e-09
1.350000e+01,1.846375e+01,1.015541e+01,0.000000e+00,6.309573e-06,1.967640e-09
1.366667e+01,1.892349e+01,1.070474e+01,1.692569e+00,6.309573e-06,5.313250e-09
1.383333e+01,1.973857e+01,1.135410e+01,1.692569e+00,6.309573e-06,8.851712e-09
1.400000e+01,2.009814e+01,1.184798e+01,1.692569e+00,6.309573e-06,4.368050e-09
1.416667e+01,2.038123e+01,1.208736e+01,1.692569e+00,6.309573e-06,3.781481e-09
1.433333e+01,2.052131e+01,1.232209e+01,1.692569e+00,6.309573e-06,2.037270e-09
1.450000e+01,2.093592e+01,1.277861e+01,1.692569e+00,6.309573e-06,6.550090e-09
1.466667e+01,2.114018e+01,1.311058e+01,1.692569e+00,6.309573e-06,3.484520e-09
1.483333e+01,2.160927e+01,1.332730e+01,1.692569e+00,6.309573e-06,8.573620e-09
1.500000e+01,2.193820e+01,1.385427e+01,1.692569e+00,6.309573e-06,6.384856e-09
1.516667e+01,2.213321e+01,1.416105e+01,1.692569e+00,6.309573e-06,3.939621e-09
1.533333e+01,2.258168e+01,1.416105e+01,1.692569e+00,6.309573e-06,9.302774e-09
1.550000e+01,2.308356e+01,1.446131e+01,1.692569e+00,6.309573e-06,1.056821e-08
1.566667e+01,2.326897e+01,1.456003e+01,1.692569e+00,6.309573e-06,3.863490e-09
1.583333e+01,2.339177e+01,1.485223e+01,1.692569e+00,6.309573e-06,2.461690e-09
1.600000e+01,2.339177e+01,1.523312e+01,1.692569e+00,6.309573e-06,0.000000e+00
1.616667e+01,2.363544e+01,1.578723e+01,1.692569e+00,6.309573e-06,4.254664e-09
1.633333e+01,2.393654e+01,1.578723e+01,1.692569e+00,6.309573e-06,4.828893e-09
1.650000e+01,2.405592e+01,1.578723e+01,1.692569e+00,6.309573e-06,1.732672e-09
1.666667e+01,2.429293e+01,1.614608e+01,1.692569e+00,6.309573e-06,3.081020e-09
1.683333e+01,2.481793e+01,1.632254e+01,1.692569e+00,6.309573e-06,6.127283e-09
1.700000e+01,2.521871e+01,1.658372e+01,1.692569e+00,6.309573e-06,4.196395e-09
1.716667e+01,2.544489e+01,1.684085e+01,1.692569e+00,6.309573e-06,2.108365e-09
1.733333e+01,2.550112e+01,1.717770e+01,1.692569e+00,6.309573e-06,4.635223e-10
1.750000e+01,2.594659e+01,1.734367e+01,1.692569e+00,6.309573e-06,3.266826e-09
1.766667e+01,2.627573e+01,1.767094e+01,1.692569e+00,6.309573e-06,2.163039e-09
1.783333e+01,2.649289e+01,1.799225e+01,1.692569e+00,6.309573e-06,1.276868e-09
1.800000e+01,2.686870e+01,1.815078e+01,2.393654e+00,6.309573e-06,1.985532e-09
1.816667e+01,2.718668e+01,1.854116e+01,2.393654e+00,6.309573e-06,1.517157e-09
1.833333e+01,2.755302e+01,1.861826e+01,2.393654e+00,6.309573e-06,1.666968e-09
1.850000e+01,2.781174e+01,1.914923e+01,2.393654e+00,6.309573e-06,1.110756e-09
1.866667e+01,2.801700e+01,1.944613e+01,2.393654e+00,6.309573e-06,8.224747e-10
1.883333e+01,2.822076e+01,1.973857e+01,2.393654e+00,6.309573e-06,7.563588e-10
1.900000e+01,2.837262e+01,1.995509e+01,2.393654e+00,6.309573e-06,5.190083e-10
1.916667e+01,2.867393e+01,2.024018e+01,3.385138e+00,6.309573e-06,9.460864e-10
1.933333e+01,2.887306e+01,2.059099e+01,3.784699e+00,6.309573e-06,5.730971e-10
1.950000e+01,2.912005e+01,2.079863e+01,3.784699e+00,6.309573e-06,6.803860e-10
1.966667e+01,2.926725e+01,2.127526e+01,3.784699e+00,6.309573e-06,3.905059e-10
1.983333e+01,2.965620e+01,2.147629e+01,3.784699e+00,6.309573e-06,9.845272e-10
2.000000e+01,2.984878e+01,2.200339e+01,3.784699e+00,6.309573e-06,4.602908e-10
2.016667e+01,3.008776e+01,2.219783e+01,4.478116e+00,6.309573e-06,5.318522e-10
2.033333e+01,3.037206e+01,2.251816e+01,4.478116e+00,6.309573e-06,5.853931e-10
2.050000e+01,3.065372e+01,2.289665e+01,4.478116e+00,6.309573e-06,5.443968e-10
2.066667e+01,3.097909e+01,2.333045e+01,4.478116e+00,6.309573e-06,5.862553e-10
2.083333e+01,3.134681e+01,2.363544e+01,4.787307e+00,6.309573e-06,6.053291e-10
2.100000e+01,3.152906e+01,2.381655e+01,5.077706e+00,6.309573e-06,2.731067e-10
2.116667e+01,3.157446e+01,2.399630e+01,5.613615e+00,6.309573e-06,6.136732e-11
2.133333e+01,3.193532e+01,2.417472e+01,5.613615e+00,6.309573e-06,4.477119e-10
2.150000e+01,3.215881e+01,2.441057e+01,6.102643e+00,6.309573e-06,2.606477e-10
2.166667e+01,3.238075e+01,2.493309e+01,6.555291e+00,6.309573e-06,2.413190e-10
2.183333e+01,3.260118e+01,2.510485e+01,7.180961e+00,6.309573e-06,2.257147e-10
2.200000e+01,3.286374e+01,2.538853e+01,7.377736e+00,6.309573e-06,2.549991e-10
2.216667e+01,3.325370e+01,2.561321e+01,8.117275e+00,6.309573e-06,3.632214e-10
2.233333e+01,3.372419e+01,2.583594e+01,8.291860e+00,6.309573e-06,4.208505e-10
2.250000e+01,3.402021e+01,2.611168e+01,8.291860e+00,6.309573e-06,2.586891e-10
2.266667e+01,3.452176e+01,2.643877e+01,8.794845e+00,6.309573e-06,4.269760e-10
2.283333e+01,3.497520e+01,2.649289e+01,8.794845e+00,6.309573e-06,3.732877e-10
2.300000e+01,3.542284e+01,2.708110e+01,9.114762e+00,6.309573e-06,3.560641e-10
2.316667e+01,3.582493e+01,2.739662e+01,9.723067e+00,6.309573e-06,3.060693e-10
2.333333e+01,3.614338e+01,2.760496e+01,9.869287e+00,6.309573e-06,2.306849e-10
2.350000e+01,3.649831e+01,2.796583e+01,9.869287e+00,6.309573e-06,2.476730e-10
2.366667e+01,3.657672e+01,2.837262e+01,1.001337e+01,6.309573e-06,5.228204e-11
2.383333e+01,3.692749e+01,2.857385e+01,1.029549e+01,6.309573e-06,2.219224e-10
2.400000e+01,3.719803e+01,2.867393e+01,1.057009e+01,6.309573e-06,1.624161e-10
2.416667e+01,3.758113e+01,2.892263e+01,1.096910e+01,6.309573e-06,2.167425e-10
2.433333e+01,3.792261e+01,2.916920e+01,1.135410e+01,6.309573e-06,1.819978e-10
2.450000e+01,3.818609e+01,2.946237e+01,1.135410e+01,6.309573e-06,1.327539e-10
2.466667e+01,3.855938e+01,2.965620e+01,1.160367e+01,6.309573e-06,1.791527e-10
2.483333e+01,3.900260e+01,2.984878e+01,1.196827e+01,6.309573e-06,2.022742e-10
2.500000e+01,3.911262e+01,3.018282e+01,1.232209e+01,6.309573e-06,4.765074e-11
2.516667e+01,3.958585e+01,3.032486e+01,1.266602e+01,6.309573e-06,1.953566e-10
2.533333e+01,4.005349e+01,3.093282e+01,1.343435e+01,6.309573e-06,1.856798e-10
2.550000e+01,4.030304e+01,3.134681e+01,1.405953e+01,6.309573e-06,9.544740e-11
2.566667e+01,4.058637e+01,3.152906e+01,1.405953e+01,6.309573e-06,1.053603e-10
2.583333e+01,4.086774e+01,3.171027e+01,1.416105e+01,6.309573e-06,1.026140e-10
2.600000e+01,4.128619e+01,3.184549e+01,1.465808e+01,6.309573e-06,1.489894e-10
2.616667e+01,4.187184e+01,3.238075e+01,1.513880e+01,6.309573e-06,2.037520e-10
2.633333e+01,4.204254e+01,3.260118e+01,1.569624e+01,6.309573e-06,5.813622e-11
2.650000e+01,4.234806e+01,3.277645e+01,1.614608e+01,6.309573e-06,1.019551e-10
2.666667e+01,4.278551e+01,3.299424e+01,1.658372e+01,6.309573e-06,1.440924e-10
2.683333e+01,4.315221e+01,3.316744e+01,1.717770e+01,6.309573e-06,1.197283e-10
2.700000e+01,4.341695e+01,3.355387e+01,1.734367e+01,6.309573e-06,8.561679e-11
2.716667e+01,4.371286e+01,3.389366e+01,1.783232e+01,6.309573e-06,9.530012e-11
2.733333e+01,4.423405e+01,3.435539e+01,1.822952e+01,6.309573e-06,1.667762e-10
2.750000e+01,4.474916e+01,3.460465e+01,1.861826e+01,6.309573e-06,1.647774e-10
2.766667e+01,4.500451e+01,3.476983e+01,1.892349e+01,6.309573e-06,8.139804e-11
2.783333e+01,4.538484e+01,3.509785e+01,1.922389e+01,6.309573e-06,1.210692e-10
2.800000e+01,4.573069e+01,3.554394e+01,1.973857e+01,6.309573e-06,1.101999e-10
2.816667e+01,4.588703e+01,3.586489e+01,2.002674e+01,6.309573e-06,4.980393e-11
2.833333e+01,4.644552e+01,3.614338e+01,2.016928e+01,6.309573e-06,1.789741e-10
2.850000e+01,4.675290e+01,3.641974e+01,2.045139e+01,6.309573e-06,9.906486e-11
2.866667e+01,4.714951e+01,3.677201e+01,2.086739e+01,6.309573e-06,1.279551e-10
2.883333e+01,4.748251e+01,3.723651e+01,2.114018e+01,6.309573e-06,1.076016e-10
2.900000e+01,4.775324e+01,3.735174e+01,2.140949e+01,6.309573e-06,8.788262e-11
2.916667e+01,4.817135e+01,3.765728e+01,2.160927e+01,6.309573e-06,1.364014e-10
2.933333e+01,4.849734e+01,3.807339e+01,2.174144e+01,6.309573e-06,1.070041e-10
2.950000e+01,4.879180e+01,3.844777e+01,2.206840e+01,6.309573e-06,9.706115e-11
2.966667e+01,4.917196e+01,3.889227e+01,2.232652e+01,6.309573e-06,1.252851e-10
2.983333e+01,4.946241e+01,3.936814e+01,2.245446e+01,6.309573e-06,9.564930e-11
3.000000e+01,4.972236e+01,3.965815e+01,2.251816e+01,6.309573e-06,8.532239e-11
3.016667e+01,5.012405e+01,3.998190e+01,2.277118e+01,6.309573e-06,1.310479e-10
3.033333e+01,5.035214e+01,4.023190e+01,2.289665e+01,6.309573e-06,7.358483e-11
3.050000e+01,5.063582e+01,4.048036e+01,2.302142e+01,6.309573e-06,9.045424e-11
3.066667e+01,5.100224e+01,4.083267e+01,2.326897e+01,6.309573e-06,1.152850e-10
3.083333e+01,5.131024e+01,4.104261e+01,2.345292e+01,6.309573e-06,9.541018e-11
3.100000e+01,5.172729e+01,4.149383e+01,2.393654e+01,6.309573e-06,1.271912e-10
3.116667e+01,5.211353e+01,4.183762e+01,2.452765e+01,6.309573e-06,1.160662e-10
3.133333e+01,5.241500e+01,4.214462e+01,2.476015e+01,6.309573e-06,8.990287e-11
3.150000e+01,5.274192e+01,4.244941e+01,2.516184e+01,6.309573e-06,9.761694e-11
3.166667e+01,5.320161e+01,4.281898e+01,2.538853e+01,6.309573e-06,1.377520e-10
3.183333e+01,5.352372e+01,4.325167e+01,2.561321e+01,6.309573e-06,9.729276e-11
3.200000e+01,5.371073e+01,4.377835e+01,2.589132e+01,6.309573e-06,5.664099e-11
3.216667e+01,5.408280e+01,4.420165e+01,2.616648e+01,6.309573e-06,1.129719e-10
3.233333e+01,5.432065e+01,4.458883e+01,2.643877e+01,6.309573e-06,7.242194e-11
3.250000e+01,5.484550e+01,4.503633e+01,2.654690e+01,6.309573e-06,1.605948e-10
3.266667e+01,5.528770e+01,4.529005e+01,2.670828e+01,6.309573e-06,1.363160e-10
3.283333e+01,5.564923e+01,4.551090e+01,2.702816e+01,6.309573e-06,1.114613e-10
3.300000e+01,5.608510e+01,4.582456e+01,2.729185e+01,6.309573e-06,1.337417e-10
3.316667e+01,5.644152e+01,4.622913e+01,2.760496e+01,6.309573e-06,1.089169e-10
3.333333e+01,5.692167e+01,4.653795e+01,2.786320e+01,6.309573e-06,1.462003e-10
3.350000e+01,5.724787e+01,4.666090e+01,2.796583e+01,6.309573e-06,9.903534e-11
3.366667e+01,5.757222e+01,4.708871e+01,2.811906e+01,6.309573e-06,9.817103e-11
3.383333e+01,5.789476e+01,4.724056e+01,2.816996e+01,6.309573e-06,9.683682e-11
3.400000e+01,5.819090e+01,4.748251e+01,2.837262e+01,6.309573e-06,8.780558e-11
3.416667e+01,5.836295e+01,4.778323e+01,2.867393e+01,6.309573e-06,5.010632e-11
3.433333e+01,5.870555e+01,4.808206e+01,2.921827e+01,6.309573e-06,9.803058e-11
3.450000e+01,5.909465e+01,4.837905e+01,2.936497e+01,6.309573e-06,1.099511e-10
3.466667e+01,5.938481e+01,4.873305e+01,2.970446e+01,6.309573e-06,8.151006e-11
3.483333e+01,5.960150e+01,4.911367e+01,2.999239e+01,6.309573e-06,6.005665e-11
3.500000e+01,5.991311e+01,4.960699e+01,3.041919e+01,6.309573e-06,8.550737e-11
3.516667e+01,6.024689e+01,4.989491e+01,3.060696e+01,6.309573e-06,9.077024e-11
3.533333e+01,6.067334e+01,5.020970e+01,3.097909e+01,6.309573e-06,1.154910e-10
3.550000e+01,6.109681e+01,5.046580e+01,3.120943e+01,6.309573e-06,1.138432e-10
3.566667e+01,6.147078e+01,5.080526e+01,3.152906e+01,6.309573e-06,9.975341e-11
3.583333e+01,6.184249e+01,5.117047e+01,3.180048e+01,6.309573e-06,9.810561e-11
3.600000e+01,6.202751e+01,5.158865e+01,3.202490e+01,6.309573e-06,4.824568e-11
3.616667e+01,6.251058e+01,5.200347e+01,3.242495e+01,6.309573e-06,1.245865e-10
3.633333e+01,6.283056e+01,5.233296e+01,3.260118e+01,6.309573e-06,8.140707e-11
3.650000e+01,6.303541e+01,5.274192e+01,3.299424e+01,6.309573e-06,5.129787e-11
3.666667e+01,6.339794e+01,5.322853e+01,3.338267e+01,6.309573e-06,8.907526e-11
3.683333e+01,6.384822e+01,5.347017e+01,3.380903e+01,6.309573e-06,1.089965e-10
3.700000e+01,6.404981e+01,5.363066e+01,3.431367e+01,6.309573e-06,4.805881e-11
3.716667e+01,6.429534e+01,5.418864e+01,3.452176e+01,6.309573e-06,5.775433e-11
3.733333e+01,6.449553e+01,5.466237e+01,3.476983e+01,6.309573e-06,4.674402e-11
3.750000e+01,6.480571e+01,5.505403e+01,3.501613e+01,6.309573e-06,7.174570e-11
3.766667e+01,6.507041e+01,5.533949e+01,3.522007e+01,6.309573e-06,6.066498e-11
3.783333e+01,6.557475e+01,5.554618e+01,3.562445e+01,6.309573e-06,1.147060e-10
3.800000e+01,6.587986e+01,5.595725e+01,3.610373e+01,6.309573e-06,6.870979e-11
3.816667e+01,6.611859e+01,5.623813e+01,3.618299e+01,6.309573e-06,5.317499e-11
3.833333e+01,6.631328e+01,5.636533e+01,3.653754e+01,6.309573e-06,4.294075e-11
3.850000e+01,6.657198e+01,5.672000e+01,3.688868e+01,6.309573e-06,5.616594e-11
3.866667e+01,6.693676e+01,5.704735e+01,3.719803e+01,6.309573e-06,7.815811e-11
3.883333e+01,6.732084e+01,5.734787e+01,3.780912e+01,6.309573e-06,8.129504e-11
3.900000e+01,6.763925e+01,5.774612e+01,3.803575e+01,6.309573e-06,6.649709e-11
3.916667e+01,6.799830e+01,5.791949e+01,3.848501e+01,6.309573e-06,7.450110e-11
3.933333e+01,6.837643e+01,5.811700e+01,3.881854e+01,6.309573e-06,7.786871e-11
3.950000e+01,6.873163e+01,5.838749e+01,3.925884e+01,6.309573e-06,7.281481e-11
3.966667e+01,6.916789e+01,5.870555e+01,3.965815e+01,6.309573e-06,8.907671e-11
3.983333e+01,6.949845e+01,5.911888e+01,3.987428e+01,6.309573e-06,6.721969e-11
4.000000e+01,6.984795e+01,5.936068e+01,4.001771e+01,6.309573e-06,7.083671e-11
4.016667e+01,7.003227e+01,5.957746e+01,4.037406e+01,6.309573e-06,3.706042e-11
4.033333e+01,7.041981e+01,5.993701e+01,4.079758e+01,6.309573e-06,7.712466e-11
4.050000e+01,7.068375e+01,6.019932e+01,4.104261e+01,6.309573e-06,5.197007e-11
4.066667e+01,7.098707e+01,6.036565e+01,4.163169e+01,6.309573e-06,5.925221e-11
4.083333e+01,7.140955e+01,6.067334e+01,4.204254e+01,6.309573e-06,8.190825e-11
4.100000e+01,7.174974e+01,6.109681e+01,4.234806e+01,6.309573e-06,6.587728e-11
4.116667e+01,7.202869e+01,6.144747e+01,4.285242e+01,6.309573e-06,5.390192e-11
4.133333e+01,7.236597e+01,6.165691e+01,4.331786e+01,6.309573e-06,6.495173e-11
4.150000e+01,7.270169e+01,6.205060e+01,4.371286e+01,6.309573e-06,6.463611e-11
4.166667e+01,7.311427e+01,6.230401e+01,4.423405e+01,6.309573e-06,7.968162e-11
4.183333e+01,7.340755e+01,6.267077e+01,4.452453e+01,6.309573e-06,5.682817e-11
4.200000e+01,7.371909e+01,6.298994e+01,4.484509e+01,6.309573e-06,6.069245e-11
4.216667e+01,7.410668e+01,6.326223e+01,4.532167e+01,6.309573e-06,7.593206e-11
4.233333e+01,7.451148e+01,6.348825e+01,4.560523e+01,6.309573e-06,7.973192e-11
4.250000e+01,7.483757e+01,6.389307e+01,4.601173e+01,6.309573e-06,6.471237e-11
4.266667e+01,7.516225e+01,6.404981e+01,4.638380e+01,6.309573e-06,6.477944e-11
4.283333e+01,7.561824e+01,6.445110e+01,4.669159e+01,6.309573e-06,9.159537e-11
4.300000e+01,7.601499e+01,6.465081e+01,4.693637e+01,6.309573e-06,8.027073e-11
4.316667e+01,7.625957e+01,6.489407e+01,4.721023e+01,6.309573e-06,4.966140e-11
4.333333e+01,7.648463e+01,6.533403e+01,4.730116e+01,6.309573e-06,4.571517e-11
4.350000e+01,7.693279e+01,6.564025e+01,4.760303e+01,6.309573e-06,9.117507e-11
4.366667e+01,7.739686e+01,6.585811e+01,4.793288e+01,6.309573e-06,9.420826e-11
4.383333e+01,7.767397e+01,6.624845e+01,4.834943e+01,6.309573e-06,5.603709e-11
4.400000e+01,7.804192e+01,6.650740e+01,4.879180e+01,6.309573e-06,7.415402e-11
4.416667e+01,7.840814e+01,6.682968e+01,4.917196e+01,6.309573e-06,7.377134e-11
4.433333e+01,7.871810e+01,6.706503e+01,4.940446e+01,6.309573e-06,6.244011e-11
4.450000e+01,7.897244e+01,6.732084e+01,4.957811e+01,6.309573e-06,5.123690e-11
4.466667e+01,7.926211e+01,6.778733e+01,4.977994e+01,6.309573e-06,5.821343e-11
4.483333e+01,7.967667e+01,6.808251e+01,5.023822e+01,6.309573e-06,8.294324e-11
4.500000e+01,7.989211e+01,6.833452e+01,5.057921e+01,6.309573e-06,4.275645e-11
4.516667e+01,8.026774e+01,6.854381e+01,5.108642e+01,6.309573e-06,7.414912e-11
4.533333e+01,8.067714e+01,6.885656e+01,5.142179e+01,6.309573e-06,8.056003e-11
4.550000e+01,8.113745e+01,6.931271e+01,5.169959e+01,6.309573e-06,9.074154e-11
4.566667e+01,8.164780e+01,6.974533e+01,5.189318e+01,6.309573e-06,1.009408e-10
4.583333e+01,8.191054e+01,7.001181e+01,5.225078e+01,6.309573e-06,5.191724e-11
4.600000e+01,8.215499e+01,7.037912e+01,5.276907e+01,6.309573e-06,4.800599e-11
4.616667e+01,8.246823e+01,7.078500e+01,5.312078e+01,6.309573e-06,6.114415e-11
4.633333e+01,8.281488e+01,7.116844e+01,5.349695e+01,6.309573e-06,6.767255e-11
4.650000e+01,8.319453e+01,7.164986e+01,5.365737e+01,6.309573e-06,7.422829e-11
4.666667e+01,8.353817e+01,7.192919e+01,5.402981e+01,6.309573e-06,6.734472e-11
4.683333e+01,8.393162e+01,7.232638e+01,5.429427e+01,6.309573e-06,7.697861e-11
4.700000e+01,8.434021e+01,7.266227e+01,5.460994e+01,6.309573e-06,7.990545e-11
4.716667e+01,8.467920e+01,7.303586e+01,5.492379e+01,6.309573e-06,6.605792e-11
4.733333e+01,8.494942e+01,7.330992e+01,5.541709e+01,6.309573e-06,5.242117e-11
4.750000e+01,8.518515e+01,7.366078e+01,5.572640e+01,6.309573e-06,4.554138e-11
4.766667e+01,8.558776e+01,7.402933e+01,5.600843e+01,6.309573e-06,7.796709e-11
4.783333e+01,8.592183e+01,7.431900e+01,5.641614e+01,6.309573e-06,6.472568e-11
4.800000e+01,8.623800e+01,7.460754e+01,5.677048e+01,6.309573e-06,6.127179e-11
4.816667e+01,8.647022e+01,7.495233e+01,5.712263e+01,6.309573e-06,4.505781e-11
4.833333e+01,8.689985e+01,7.518131e+01,5.744769e+01,6.309573e-06,8.366337e-11
4.850000e+01,8.737656e+01,7.556140e+01,5.769649e+01,6.309573e-06,9.335097e-11
4.866667e+01,8.772014e+01,7.586410e+01,5.791949e+01,6.309573e-06,6.767430e-11
4.883333e+01,8.799730e+01,7.620320e+01,5.828928e+01,6.309573e-06,5.462004e-11
4.900000e+01,8.833847e+01,7.661562e+01,5.875433e+01,6.309573e-06,6.716595e-11
4.916667e+01,8.874291e+01,7.695141e+01,5.911888e+01,6.309573e-06,7.972761e-11
4.933333e+01,8.903298e+01,7.721157e+01,5.943303e+01,6.309573e-06,5.733099e-11
4.950000e+01,8.938622e+01,7.758171e+01,5.960150e+01,6.309573e-06,6.997856e-11
4.966667e+01,8.980190e+01,7.798684e+01,5.993701e+01,6.309573e-06,8.255984e-11
4.983333e+01,9.016802e+01,7.828016e+01,6.031817e+01,6.309573e-06,7.267322e-11
5.000000e+01,9.056429e+01,7.866349e+01,6.072054e+01,6.309573e-06,7.872582e-11
5.016667e+01,9.088007e+01,7.895430e+01,6.100296e+01,6.309573e-06,6.276830e-11
5.033333e+01,9.124186e+01,7.926211e+01,6.128408e+01,6.309573e-06,7.207191e-11
5.050000e+01,9.169600e+01,7.971262e+01,6.156392e+01,6.309573e-06,9.078902e-11
5.066667e+01,9.203902e+01,8.005331e+01,6.181932e+01,6.309573e-06,6.873871e-11
5.083333e+01,9.238077e+01,8.039256e+01,6.209675e+01,6.309573e-06,6.848129e-11
5.100000e+01,9.264398e+01,8.065938e+01,6.251058e+01,6.309573e-06,5.260596e-11
5.116667e+01,9.298351e+01,8.111979e+01,6.280776e+01,6.309573e-06,6.761034e-11
5.133333e+01,9.310667e+01,8.150733e+01,6.321693e+01,6.309573e-06,2.448200e-11
5.150000e+01,9.345984e+01,8.184056e+01,6.357843e+01,6.309573e-06,6.993906e-11
5.166667e+01,9.382695e+01,8.212011e+01,6.384822e+01,6.309573e-06,7.271550e-11
5.183333e+01,9.416221e+01,8.245086e+01,6.418385e+01,6.309573e-06,6.653050e-11
5.200000e+01,9.440529e+01,8.284947e+01,6.431761e+01,6.309573e-06,4.822658e-11
5.216667e+01,9.464774e+01,8.326337e+01,6.462865e+01,6.309573e-06,4.811338e-11
5.233333e+01,9.493485e+01,8.369235e+01,6.491613e+01,6.309573e-06,5.676371e-11
5.250000e+01,9.528125e+01,8.415318e+01,6.520235e+01,6.309573e-06,6.829427e-11
5.266667e+01,9.567132e+01,8.447597e+01,6.570568e+01,6.309573e-06,7.658317e-11
5.283333e+01,9.610452e+01,8.484819e+01,6.627006e+01,6.309573e-06,8.461843e-11
5.300000e+01,9.634270e+01,8.508420e+01,6.652893e+01,6.309573e-06,4.646614e-11
5.316667e+01,9.681730e+01,8.545377e+01,6.695816e+01,6.309573e-06,9.304315e-11
5.333333e+01,9.703897e+01,8.585512e+01,6.723568e+01,6.309573e-06,4.355730e-11
5.350000e+01,9.731902e+01,8.603845e+01,6.757569e+01,6.309573e-06,5.527371e-11
5.366667e+01,9.774493e+01,8.625461e+01,6.787180e+01,6.309573e-06,8.443963e-11
5.383333e+01,9.800835e+01,8.665225e+01,6.816662e+01,6.309573e-06,5.243070e-11
5.400000e+01,9.841672e+01,8.706453e+01,6.848109e+01,6.309573e-06,8.152819e-11
5.416667e+01,9.875091e+01,8.740934e+01,6.868994e+01,6.309573e-06,6.683018e-11
5.433333e+01,9.904058e+01,8.788328e+01,6.896049e+01,6.309573e-06,5.787957e-11
5.450000e+01,9.937267e+01,8.827359e+01,6.912646e+01,6.309573e-06,6.607497e-11
5.466667e+01,9.974674e+01,8.866217e+01,6.931271e+01,6.309573e-06,7.410807e-11
5.483333e+01,1.001051e+02,8.900080e+01,6.958084e+01,6.309573e-06,7.043441e-11
5.500000e+01,1.004479e+02,8.925793e+01,6.982744e+01,6.309573e-06,6.664967e-11
5.516667e+01,1.008180e+02,8.959430e+01,7.021611e+01,6.309573e-06,7.100171e-11
5.533333e+01,1.012150e+02,8.997718e+01,7.041981e+01,6.309573e-06,7.513706e-11
5.550000e+01,1.015541e+02,9.027915e+01,7.080523e+01,6.309573e-06,6.339434e-11
5.566667e+01,1.018780e+02,9.075389e+01,7.116844e+01,6.309573e-06,5.972740e-11
5.583333e+01,1.022149e+02,9.110046e+01,7.154983e+01,6.309573e-06,6.137170e-11
5.600000e+01,1.026344e+02,9.144572e+01,7.186943e+01,6.309573e-06,7.564095e-11
5.616667e+01,1.029410e+02,9.175846e+01,7.218761e+01,6.309573e-06,5.477624e-11
5.633333e+01,1.032606e+02,9.214789e+01,7.270169e+01,6.309573e-06,5.660178e-11
5.650000e+01,1.038139e+02,9.244277e+01,7.301625e+01,6.309573e-06,9.742159e-11
5.666667e+01,1.040758e+02,9.278303e+01,7.329038e+01,6.309573e-06,4.593193e-11
5.683333e+01,1.043095e+02,9.304511e+01,7.377736e+01,6.309573e-06,4.081668e-11
5.700000e+01,1.045564e+02,9.332180e+01,7.410668e+01,6.309573e-06,4.291422e-11
5.716667e+01,1.048437e+02,9.368945e+01,7.443455e+01,6.309573e-06,4.991557e-11
5.733333e+01,1.052119e+02,9.385748e+01,7.485671e+01,6.309573e-06,6.401522e-11
5.750000e+01,1.055110e+02,9.417742e+01,7.508598e+01,6.309573e-06,5.202711e-11
5.766667e+01,1.058228e+02,9.464774e+01,7.548553e+01,6.309573e-06,5.437923e-11
5.783333e+01,1.061471e+02,9.502534e+01,7.588297e+01,6.309573e-06,5.662443e-11
5.800000e+01,1.066184e+02,9.528125e+01,7.618440e+01,6.309573e-06,8.254697e-11
5.816667e+01,1.069136e+02,9.558144e+01,7.648463e+01,6.309573e-06,5.188312e-11
5.833333e+01,1.072613e+02,9.586576e+01,7.689554e+01,6.309573e-06,6.130737e-11
5.850000e+01,1.075414e+02,9.625345e+01,7.730427e+01,6.309573e-06,4.948398e-11
5.866667e+01,1.078606e+02,9.652095e+01,7.765553e+01,6.309573e-06,5.658558e-11
5.883333e+01,1.082053e+02,9.686167e+01,7.787656e+01,6.309573e-06,6.137102e-11
5.900000e+01,1.085358e+02,9.712749e+01,7.822525e+01,6.309573e-06,5.899808e-11
5.916667e+01,1.088784e+02,9.737788e+01,7.859062e+01,6.309573e-06,6.116035e-11
5.933333e+01,1.092592e+02,9.773027e+01,7.893615e+01,6.309573e-06,6.800015e-11
5.950000e+01,1.095211e+02,9.803758e+01,7.918979e+01,6.309573e-06,4.676264e-11
5.966667e+01,1.098606e+02,9.838761e+01,7.967667e+01,6.309573e-06,6.065964e-11
5.983333e+01,1.103290e+02,9.863480e+01,7.989211e+01,6.309573e-06,8.360536e-11
6.000000e+01,1.105884e+02,9.901166e+01,8.024989e+01,6.309573e-06,4.635192e-11
6.016667e+01,1.109762e+02,9.938708e+01,8.060609e+01,6.309573e-06,6.923631e-11
6.033333e+01,1.114014e+02,9.981852e+01,8.088991e+01,6.309573e-06,7.587421e-11
6.050000e+01,1.116711e+02,1.003195e+02,8.124330e+01,6.309573e-06,4.811311e-11
6.066667e+01,1.120169e+02,1.004907e+02,8.170042e+01,6.309573e-06,6.154592e-11
6.083333e+01,1.124508e+02,1.008038e+02,8.199793e+01,6.309573e-06,7.720307e-11
6.100000e+01,1.127561e+02,1.010734e+02,8.225954e+01,6.309573e-06,5.441597e-11
6.116667e+01,1.132251e+02,1.013282e+02,8.245086e+01,6.309573e-06,8.373883e-11
6.133333e+01,1.135788e+02,1.017936e+02,8.269372e+01,6.309573e-06,6.309224e-11
6.150000e+01,1.138685e+02,1.022149e+02,8.307392e+01,6.309573e-06,5.142921e-11
6.166667e+01,1.142327e+02,1.025227e+02,8.338371e+01,6.309573e-06,6.415688e-11
6.183333e+01,1.144957e+02,1.029410e+02,8.379497e+01,6.309573e-06,4.599584e-11
6.200000e+01,1.147956e+02,1.032606e+02,8.418722e+01,6.309573e-06,5.205663e-11
6.216667e+01,1.151071e+02,1.035930e+02,8.457765e+01,6.309573e-06,5.383418e-11
6.233333e+01,1.155294e+02,1.039794e+02,8.491569e+01,6.309573e-06,7.271927e-11
6.250000e+01,1.159008e+02,1.042545e+02,8.545377e+01,6.309573e-06,6.378315e-11
6.266667e+01,1.161847e+02,1.045838e+02,8.582175e+01,6.309573e-06,4.862562e-11
6.283333e+01,1.165786e+02,1.049256e+02,8.607174e+01,6.309573e-06,6.754854e-11
6.300000e+01,1.168240e+02,1.052936e+02,8.637077e+01,6.309573e-06,4.211620e-11
6.316667e+01,1.172402e+02,1.055517e+02,8.671834e+01,6.309573e-06,7.135224e-11
6.333333e+01,1.176670e+02,1.057280e+02,8.698223e+01,6.309573e-06,7.315294e-11
6.350000e+01,1.179467e+02,1.060661e+02,8.736016e+01,6.309573e-06,4.788857e-11
6.366667e+01,1.182620e+02,1.064705e+02,8.775279e+01,6.309573e-06,5.387771e-11
6.383333e+01,1.187093e+02,1.066990e+02,8.824113e+01,6.309573e-06,7.641536e-11
6.400000e+01,1.190828e+02,1.070742e+02,8.854901e+01,6.309573e-06,6.394296e-11
6.416667e+01,1.195150e+02,1.073948e+02,8.890418e+01,6.309573e-06,7.449759e-11
6.433333e+01,1.198979e+02,1.078075e+02,8.924188e+01,6.309573e-06,6.642003e-11
6.450000e+01,1.202081e+02,1.080861e+02,8.962627e+01,6.309573e-06,5.411522e-11
6.466667e+01,1.204938e+02,1.083244e+02,9.000902e+01,6.309573e-06,5.010115e-11
6.483333e+01,1.207550e+02,1.086677e+02,9.039014e+01,6.309573e-06,4.611666e-11
6.500000e+01,1.210512e+02,1.091149e+02,9.067494e+01,6.309573e-06,5.271465e-11
6.516667e+01,1.213467e+02,1.094688e+02,9.097459e+01,6.309573e-06,5.307076e-11
6.533333e+01,1.216767e+02,1.097432e+02,9.119475e+01,6.309573e-06,5.981122e-11
6.550000e+01,1.221233e+02,1.100820e+02,9.155530e+01,6.309573e-06,8.170366e-11
6.566667e+01,1.224863e+02,1.103809e+02,9.188326e+01,6.309573e-06,6.691940e-11
6.583333e+01,1.228250e+02,1.107695e+02,9.211680e+01,6.309573e-06,6.282319e-11
6.600000e+01,1.232557e+02,1.112083e+02,9.234975e+01,6.309573e-06,8.045583e-11
6.616667e+01,1.237081e+02,1.115941e+02,9.270581e+01,6.309573e-06,8.488407e-11
6.633333e+01,1.240204e+02,1.119273e+02,9.307589e+01,6.309573e-06,5.860021e-11
6.650000e+01,1.243433e+02,1.122213e+02,9.338318e+01,6.309573e-06,6.056934e-11
6.666667e+01,1.245735e+02,1.126035e+02,9.375059e+01,6.309573e-06,4.311554e-11
6.683333e+01,1.249753e+02,1.129718e+02,9.405567e+01,6.309573e-06,7.518141e-11
6.700000e+01,1.253415e+02,1.133010e+02,9.437494e+01,6.309573e-06,6.853475e-11
6.716667e+01,1.257181e+02,1.137300e+02,9.476874e+01,6.309573e-06,7.039051e-11
6.733333e+01,1.260935e+02,1.141198e+02,9.505548e+01,6.309573e-06,7.003771e-11
6.750000e+01,1.263205e+02,1.145833e+02,9.546148e+01,6.309573e-06,4.225477e-11
6.766667e+01,1.266037e+02,1.149702e+02,9.583587e+01,6.309573e-06,5.254698e-11
6.783333e+01,1.268749e+02,1.152439e+02,9.613433e+01,6.309573e-06,5.022408e-11
6.800000e+01,1.271569e+02,1.155046e+02,9.643187e+01,6.309573e-06,5.217116e-11
6.816667e+01,1.274944e+02,1.158514e+02,9.677291e+01,6.309573e-06,6.236904e-11
6.833333e+01,1.279318e+02,1.162463e+02,9.703897e+01,6.309573e-06,8.080944e-11
6.850000e+01,1.283900e+02,1.166891e+02,9.734846e+01,6.309573e-06,8.474871e-11
6.866667e+01,1.286575e+02,1.170200e+02,9.767163e+01,6.309573e-06,4.936340e-11
6.883333e+01,1.290133e+02,1.173379e+02,9.800835e+01,6.309573e-06,6.547450e-11
6.900000e+01,1.294013e+02,1.175452e+02,9.837305e+01,6.309573e-06,7.123808e-11
6.916667e+01,1.298102e+02,1.180195e+02,9.875091e+01,6.309573e-06,7.493309e-11
6.933333e+01,1.300637e+02,1.183952e+02,9.906951e+01,6.309573e-06,4.638049e-11
6.950000e+01,1.303937e+02,1.186610e+02,9.940149e+01,6.309573e-06,6.031106e-11
6.966667e+01,1.307886e+02,1.190828e+02,9.973238e+01,6.309573e-06,7.210067e-11
6.983333e+01,1.310512e+02,1.192751e+02,1.000479e+02,6.309573e-06,4.788182e-11
7.000000e+01,1.312805e+02,1.195030e+02,1.004051e+02,6.309573e-06,4.174571e-11
7.016667e+01,1.316618e+02,1.198262e+02,1.007754e+02,6.309573e-06,6.940702e-11
7.033333e+01,1.319552e+02,1.202081e+02,1.011726e+02,6.309573e-06,5.346816e-11
7.050000e+01,1.322155e+02,1.205888e+02,1.014695e+02,6.309573e-06,4.752646e-11
7.066667e+01,1.324753e+02,1.208617e+02,1.017655e+02,6.309573e-06,4.759530e-11
7.083333e+01,1.327561e+02,1.212522e+02,1.021728e+02,6.309573e-06,5.162228e-11
7.100000e+01,1.331009e+02,1.215000e+02,1.024948e+02,6.309573e-06,6.357569e-11
7.116667e+01,1.333804e+02,1.218414e+02,1.027460e+02,6.309573e-06,5.175865e-11
7.133333e+01,1.337236e+02,1.221702e+02,1.030106e+02,6.309573e-06,6.380115e-11
7.150000e+01,1.341087e+02,1.226383e+02,1.034407e+02,6.309573e-06,7.180488e-11
7.166667e+01,1.344501e+02,1.229416e+02,1.038967e+02,6.309573e-06,6.372685e-11
7.183333e+01,1.347268e+02,1.232790e+02,1.042820e+02,6.309573e-06,5.178614e-11
7.200000e+01,1.350029e+02,1.235691e+02,1.045016e+02,6.309573e-06,5.196102e-11
7.216667e+01,1.354161e+02,1.239626e+02,1.048437e+02,6.309573e-06,7.831438e-11
7.233333e+01,1.358280e+02,1.242166e+02,1.051574e+02,6.309573e-06,7.839151e-11
7.250000e+01,1.361019e+02,1.245620e+02,1.054974e+02,6.309573e-06,5.220207e-11
7.266667e+01,1.364802e+02,1.248951e+02,1.058363e+02,6.309573e-06,7.209917e-11
7.283333e+01,1.367947e+02,1.253644e+02,1.061741e+02,6.309573e-06,5.987755e-11
7.300000e+01,1.370772e+02,1.256155e+02,1.065781e+02,6.309573e-06,5.367447e-11
7.316667e+01,1.374111e+02,1.259458e+02,1.067661e+02,6.309573e-06,6.336726e-11
7.333333e+01,1.377547e+02,1.263205e+02,1.071010e+02,6.309573e-06,6.514304e-11
7.350000e+01,1.381182e+02,1.266942e+02,1.074081e+02,6.309573e-06,6.868484e-11
7.366667e+01,1.383979e+02,1.270442e+02,1.077942e+02,6.309573e-06,5.265984e-11
7.383333e+01,1.386874e+02,1.274607e+02,1.082980e+02,6.309573e-06,5.428266e-11
7.400000e+01,1.389763e+02,1.276964e+02,1.087335e+02,6.309573e-06,5.401621e-11
7.416667e+01,1.392851e+02,1.280213e+02,1.090624e+02,6.309573e-06,5.782464e-11
7.433333e+01,1.397369e+02,1.284458e+02,1.093247e+02,6.309573e-06,8.502212e-11
7.450000e+01,1.400543e+02,1.287688e+02,1.097693e+02,6.309573e-06,5.999781e-11
7.466667e+01,1.403914e+02,1.290910e+02,1.100690e+02,6.309573e-06,6.384164e-11
7.483333e+01,1.406666e+02,1.295893e+02,1.104198e+02,6.309573e-06,5.230994e-11
7.500000e+01,1.409515e+02,1.299536e+02,1.106660e+02,6.309573e-06,5.420907e-11
7.516667e+01,1.412864e+02,1.302838e+02,1.109375e+02,6.309573e-06,6.382176e-11
7.533333e+01,1.416408e+02,1.305913e+02,1.113371e+02,6.309573e-06,6.747593e-11
7.550000e+01,1.419439e+02,1.308214e+02,1.116711e+02,6.309573e-06,5.753924e-11
7.566667e+01,1.422765e+02,1.311058e+02,1.120296e+02,6.309573e-06,6.302752e-11
7.583333e+01,1.426585e+02,1.314005e+02,1.124380e+02,6.309573e-06,7.230969e-11
7.600000e+01,1.430095e+02,1.316836e+02,1.128577e+02,6.309573e-06,6.641420e-11
7.616667e+01,1.433297e+02,1.319770e+02,1.132125e+02,6.309573e-06,6.059160e-11
7.633333e+01,1.436591e+02,1.322805e+02,1.136418e+02,6.309573e-06,6.246959e-11
7.650000e+01,1.439878e+02,1.325077e+02,1.139565e+02,6.309573e-06,6.244968e-11
7.666667e+01,1.444050e+02,1.328100e+02,1.142954e+02,6.309573e-06,7.966689e-11
7.683333e+01,1.447319e+02,1.332192e+02,1.146333e+02,6.309573e-06,6.269213e-11
7.700000e+01,1.450286e+02,1.334878e+02,1.149203e+02,6.309573e-06,5.699723e-11
7.716667e+01,1.454920e+02,1.337772e+02,1.152564e+02,6.309573e-06,8.929405e-11
7.733333e+01,1.459246e+02,1.340873e+02,1.155046e+02,6.309573e-06,8.352235e-11
7.750000e+01,1.462481e+02,1.343861e+02,1.157771e+02,6.309573e-06,6.258566e-11
7.766667e+01,1.465710e+02,1.347799e+02,1.160614e+02,6.309573e-06,6.241744e-11
7.783333e+01,1.469029e+02,1.350772e+02,1.164064e+02,6.309573e-06,6.403221e-11
7.800000e+01,1.472146e+02,1.353314e+02,1.167014e+02,6.309573e-06,5.990730e-11
7.816667e+01,1.476712e+02,1.356908e+02,1.170078e+02,6.309573e-06,8.757991e-11
7.833333e+01,1.481070e+02,1.360071e+02,1.174111e+02,6.309573e-06,8.345515e-11
7.850000e+01,1.485994e+02,1.363963e+02,1.176548e+02,6.309573e-06,9.416045e-11
7.866667e+01,1.489653e+02,1.367319e+02,1.180074e+02,6.309573e-06,6.991751e-11
7.883333e+01,1.492919e+02,1.371921e+02,1.183225e+02,6.309573e-06,6.223962e-11
7.900000e+01,1.496560e+02,1.375258e+02,1.187455e+02,6.309573e-06,6.926824e-11
7.916667e+01,1.499238e+02,1.377963e+02,1.192150e+02,6.309573e-06,5.077666e-11
7.933333e+01,1.503054e+02,1.381804e+02,1.194791e+02,6.309573e-06,7.234523e-11
7.950000e+01,1.506671e+02,1.385014e+02,1.197904e+02,6.309573e-06,6.877353e-11
7.966667e+01,1.511133e+02,1.389144e+02,1.199935e+02,6.309573e-06,8.501652e-11
7.983333e+01,1.513880e+02,1.393468e+02,1.202915e+02,6.309573e-06,5.240362e-11
