Time,avgI1rd,avgI2rd,avgDrd,Beta,Beff
0.000000e+00,1.692569e+00,0.000000e+00,0.000000e+00,3.162278e-06,0.000000e+00
1.666667e-01,1.692569e+00,0.000000e+00,0.000000e+00,3.162278e-06,0.000000e+00
3.333333e-01,1.692569e+00,0.000000e+00,0.000000e+00,3.162278e-06,0.000000e+00
5.000000e-01,1.692569e+00,0.000000e+00,0.000000e+00,3.162278e-06,0.000000e+00
6.666667e-01,1.692569e+00,0.000000e+00,0.000000e+00,3.162278e-06,0.000000e+00
8.333333e-01,1.692569e+00,0.000000e+00,0.000000e+00,3.162278e-06,0.000000e+00
1.000000e+00,1.692569e+00,0.000000e+00,0.000000e+00,3.162278e-06,0.000000e+00
1.166667e+00,1.692569e+00,0.000000e+00,0.000000e+00,3.162278e-06,0.000000e+00
1.333333e+00,1.692569e+00,0.000000e+00,0.000000e+00,3.162278e-06,0.000000e+00
1.500000e+00,1.692569e+00,0.000000e+00,0.000000e+00,3.162278e-06,0.000000e+00
1.666667e+00,1.692569e+00,0.000000e+00,0.000000e+00,3.162278e-06,0.000000e+00
1.833333e+00,1.692569e+00,0.000000e+00,0.000000e+00,3.162278e-06,0.000000e+00
2.000000e+00,1.692569e+00,0.000000e+00,0.000000e+00,3.162278e-06,0.000000e+00
2.166667e+00,1.692569e+00,0.000000e+00,0.000000e+00,3.162278e-06,0.000000e+00
2.333333e+00,1.692569e+00,0.000000e+00,0.000000e+00,3.162278e-06,0.000000e+00
2.500000e+00,1.692569e+00,0.000000e+00,0.000000e+00,3.162278e-06,0.000000e+00
2.666667e+00,1.692569e+00,1.692569e+00,0.000000e+00,3.162278e-06,0.000000e+00
2.833333e+00,1.692569e+00,1.692569e+00,0.000000e+00,3.162278e-06,0.000000e+00
3.000000e+00,1.692569e+00,1.692569e+00,0.000000e+00,3.162278e-06,0.000000e+00
3.166667e+00,1.692569e+00,1.692569e+00,0.000000e+00,3.162278e-06,0.000000e+00
3.333333e+00,1.692569e+00,1.692569e+00,0.000000e+00,3.162278e-06,0.000000e+00
3.500000e+00,1.692569e+00,1.692569e+00,0.000000e+00,3.162278e-06,0.000000e+00
3.666667e+00,1.692569e+00,1.692569e+00,0.000000e+00,3.162278e-06,0.000000e+00
3.833333e+00,1.692569e+00,1.692569e+00,0.000000e+00,3.162278e-06,0.000000e+00
4.000000e+00,1.692569e+00,1.692569e+00,0.000000e+00,3.162278e-06,0.000000e+00
4.166667e+00,1.692569e+00,1.692569e+00,0.000000e+00,3.162278e-06,0.000000e+00
4.333333e+00,1.692569e+00,1.692569e+00,0.000000e+00,3.162278e-06,0.000000e+00
4.500000e+00,1.692569e+00,1.692569e+00,0.000000e+00,3.162278e-06,0.000000e+00
4.666667e+00,1.692569e+00,1.692569e+00,0.000000e+00,3.162278e-06,0.000000e+00
4.833333e+00,1.692569e+00,1.692569e+00,0.000000e+00,3.162278e-06,0.000000e+00
5.000000e+00,1.692569e+00,1.692569e+00,0.000000e+00,3.162278e-06,0.000000e+00
5.166667e+00,1.692569e+00,1.692569e+00,0.000000e+00,3.162278e-06,0.000000e+00
5.333333e+00,1.692569e+00,1.692569e+00,0.000000e+00,3.162278e-06,0.000000e+00
5.500000e+00,1.692569e+00,1.692569e+00,0.000000e+00,3.162278e-06,0.000000e+00
5.666667e+00,2.393654e+00,1.692569e+00,0.000000e+00,3.162278e-06,1.622238e-05
5.833333e+00,2.393654e+00,1.692569e+00,0.000000e+00,3.162278e-06,0.000000e+00
6.000000e+00,2.393654e+00,1.692569e+00,0.000000e+00,3.162278e-06,0.000000e+00
6.166667e+00,2.393654e+00,1.692569e+00,0.000000e+00,3.162278e-06,0.000000e+00
6.333333e+00,2.931615e+00,1.692569e+00,0.000000e+00,3.162278e-06,6.617413e-06
6.500000e+00,3.385138e+00,1.692569e+00,0.000000e+00,3.162278e-06,5.291274e-06
6.666667e+00,3.385138e+00,2.393654e+00,0.000000e+00,3.162278e-06,0.000000e+00
6.833333e+00,4.145930e+00,2.393654e+00,0.000000e+00,3.162278e-06,6.767995e-06
7.000000e+00,4.478116e+00,2.393654e+00,0.000000e+00,3.162278e-06,2.706138e-06
7.166667e+00,4.787307e+00,2.393654e+00,0.000000e+00,3.162278e-06,2.164251e-06
7.333333e+00,4.787307e+00,2.393654e+00,0.000000e+00,3.162278e-06,0.000000e+00
7.500000e+00,4.787307e+00,2.393654e+00,0.000000e+00,3.162278e-06,0.000000e+00
7.666667e+00,5.077706e+00,2.393654e+00,0.000000e+00,3.162278e-06,1.107421e-06
7.833333e+00,5.077706e+00,2.931615e+00,0.000000e+00,3.162278e-06,0.000000e+00
8.000000e+00,5.352372e+00,2.931615e+00,0.000000e+00,3.162278e-06,7.086519e-07
8.166667e+00,6.102643e+00,2.931615e+00,0.000000e+00,3.162278e-06,1.700889e-06
8.333333e+00,6.555291e+00,3.385138e+00,0.000000e+00,3.162278e-06,9.072395e-07
8.500000e+00,6.978640e+00,3.784699e+00,0.000000e+00,3.162278e-06,7.259287e-07
8.666667e+00,7.377736e+00,4.145930e+00,0.000000e+00,3.162278e-06,5.808816e-07
8.833333e+00,7.569398e+00,4.145930e+00,0.000000e+00,3.162278e-06,2.324236e-07
9.000000e+00,7.938851e+00,4.145930e+00,0.000000e+00,3.162278e-06,3.720598e-07
9.166667e+00,8.117275e+00,4.145930e+00,0.000000e+00,3.162278e-06,1.489186e-07
9.333333e+00,8.462844e+00,4.145930e+00,0.000000e+00,3.162278e-06,2.384823e-07
9.500000e+00,8.630441e+00,4.145930e+00,0.000000e+00,3.162278e-06,9.550014e-08
9.666667e+00,8.630441e+00,4.145930e+00,0.000000e+00,3.162278e-06,0.000000e+00
9.833333e+00,9.114762e+00,4.145930e+00,0.000000e+00,3.162278e-06,1.839752e-07
1.000000e+01,9.114762e+00,4.145930e+00,0.000000e+00,3.162278e-06,0.000000e+00
1.016667e+01,9.574615e+00,4.145930e+00,0.000000e+00,3.162278e-06,1.183800e-07
1.033333e+01,1.015541e+01,4.145930e+00,0.000000e+00,3.162278e-06,1.267612e-07
1.050000e+01,1.057009e+01,4.478116e+00,0.000000e+00,3.162278e-06,7.642153e-08
1.066667e+01,1.109892e+01,5.077706e+00,0.000000e+00,3.162278e-06,8.200672e-08
1.083333e+01,1.160367e+01,5.077706e+00,0.000000e+00,3.162278e-06,6.609550e-08
1.100000e+01,1.220529e+01,5.077706e+00,0.000000e+00,3.162278e-06,6.670915e-08
1.116667e+01,1.243779e+01,5.352372e+00,0.000000e+00,3.162278e-06,2.158954e-08
1.133333e+01,1.277861e+01,5.352372e+00,0.000000e+00,3.162278e-06,2.627178e-08
1.150000e+01,1.300087e+01,5.613615e+00,0.000000e+00,3.162278e-06,1.425310e-08
1.166667e+01,1.311058e+01,6.555291e+00,0.000000e+00,3.162278e-06,5.821258e-09
1.183333e+01,1.332730e+01,6.770275e+00,0.000000e+00,3.162278e-06,9.553058e-09
1.200000e+01,1.385427e+01,6.770275e+00,0.000000e+00,3.162278e-06,1.970143e-08
1.216667e+01,1.405953e+01,7.180961e+00,0.000000e+00,3.162278e-06,6.539662e-09
1.233333e+01,1.465808e+01,7.569398e+00,0.000000e+00,3.162278e-06,1.639576e-08
1.250000e+01,1.523312e+01,7.938851e+00,0.000000e+00,3.162278e-06,1.380840e-08
1.266667e+01,1.560471e+01,7.938851e+00,0.000000e+00,3.162278e-06,7.818631e-09
1.283333e+01,1.614608e+01,8.462844e+00,0.000000e+00,3.162278e-06,1.005377e-08
1.300000e+01,1.658372e+01,8.794845e+00,0.000000e+00,3.162278e-06,7.252395e-09
1.316667e+01,1.684085e+01,8.956232e+00,1.692569e+00,3.162278e-06,3.804950e-09
1.333333e+01,1.717770e+01,9.270581e+00,1.692569e+00,3.162278e-06,4.482542e-09
1.350000e+01,1.767094e+01,9.423824e+00,1.692569e+00,3.162278e-06,7.361419e-09
1.366667e+01,1.807169e+01,1.001337e+01,1.692569e+00,3.162278e-06,6.714091e-09
1.383333e+01,1.830793e+01,1.015541e+01,1.692569e+00,3.162278e-06,4.407107e-09
1.400000e+01,1.869503e+01,1.029549e+01,1.692569e+00,3.162278e-06,8.032102e-09
1.416667e+01,1.877150e+01,1.070474e+01,1.692569e+00,3.162278e-06,1.755192e-09
1.433333e+01,1.899904e+01,1.122723e+01,1.692569e+00,3.162278e-06,5.748244e-09
1.450000e+01,1.944613e+01,1.147956e+01,1.692569e+00,3.162278e-06,1.252324e-08
1.466667e+01,1.988318e+01,1.172646e+01,1.692569e+00,3.162278e-06,1.361337e-08
1.483333e+01,2.024018e+01,1.220529e+01,1.692569e+00,3.162278e-06,1.229669e-08
1.500000e+01,2.052131e+01,1.243779e+01,1.692569e+00,3.162278e-06,1.062131e-08
1.516667e+01,2.100423e+01,1.266602e+01,1.692569e+00,3.162278e-06,1.997012e-08
1.533333e+01,2.127526e+01,1.277861e+01,1.692569e+00,3.162278e-06,1.217855e-08
1.550000e+01,2.174144e+01,1.311058e+01,1.692569e+00,3.162278e-06,2.255397e-08
1.566667e+01,2.206840e+01,1.311058e+01,1.692569e+00,3.162278e-06,1.686305e-08
1.583333e+01,2.219783e+01,1.332730e+01,1.692569e+00,3.162278e-06,6.964842e-09
1.600000e+01,2.239058e+01,1.385427e+01,1.692569e+00,3.162278e-06,1.061321e-08
1.616667e+01,2.277118e+01,1.405953e+01,1.692569e+00,3.162278e-06,2.115701e-08
1.633333e+01,2.320733e+01,1.436192e+01,1.692569e+00,3.162278e-06,2.407002e-08
1.650000e+01,2.357475e+01,1.494836e+01,1.692569e+00,3.162278e-06,1.966168e-08
1.666667e+01,2.381655e+01,1.523312e+01,1.692569e+00,3.162278e-06,1.220170e-08
1.683333e+01,2.411539e+01,1.560471e+01,1.692569e+00,3.162278e-06,1.387738e-08
1.700000e+01,2.435182e+01,1.569624e+01,1.692569e+00,3.162278e-06,9.893027e-09
1.716667e+01,2.441057e+01,1.623455e+01,1.692569e+00,3.162278e-06,2.164090e-09
1.733333e+01,2.441057e+01,1.658372e+01,1.692569e+00,3.162278e-06,0.000000e+00
1.750000e+01,2.452765e+01,1.666987e+01,1.692569e+00,3.162278e-06,3.178721e-09
1.766667e+01,2.470223e+01,1.701011e+01,1.692569e+00,3.162278e-06,4.026504e-09
1.783333e+01,2.481793e+01,1.742606e+01,1.692569e+00,3.162278e-06,2.254191e-09
1.800000e+01,2.499048e+01,1.775181e+01,1.692569e+00,3.162278e-06,2.830819e-09
1.816667e+01,2.504773e+01,1.799225e+01,1.692569e+00,3.162278e-06,7.890432e-10
1.833333e+01,2.544489e+01,1.815078e+01,1.692569e+00,3.162278e-06,4.623213e-09
1.850000e+01,2.572482e+01,1.838600e+01,1.692569e+00,3.162278e-06,2.770034e-09
1.866667e+01,2.594659e+01,1.854116e+01,1.692569e+00,3.162278e-06,1.864740e-09
1.883333e+01,2.611168e+01,1.869503e+01,1.692569e+00,3.162278e-06,1.181496e-09
1.900000e+01,2.643877e+01,1.907428e+01,1.692569e+00,3.162278e-06,2.005102e-09
1.916667e+01,2.660081e+01,1.929825e+01,1.692569e+00,3.162278e-06,8.552567e-10
1.933333e+01,2.692195e+01,1.951966e+01,1.692569e+00,3.162278e-06,1.457193e-09
1.950000e+01,2.713394e+01,1.973857e+01,1.692569e+00,3.162278e-06,8.332993e-10
1.966667e+01,2.723932e+01,1.988318e+01,1.692569e+00,3.162278e-06,3.597324e-10
1.983333e+01,2.744885e+01,2.031083e+01,1.692569e+00,3.162278e-06,6.248128e-10
2.000000e+01,2.750099e+01,2.093592e+01,1.692569e+00,3.162278e-06,1.364364e-10
2.016667e+01,2.760496e+01,2.120783e+01,2.931615e+00,3.162278e-06,2.355971e-10
2.033333e+01,2.776019e+01,2.147629e+01,2.931615e+00,3.162278e-06,3.078861e-10
2.050000e+01,2.791456e+01,2.180722e+01,4.145930e+00,3.162278e-06,2.781447e-10
2.066667e+01,2.822076e+01,2.206840e+01,4.145930e+00,3.162278e-06,5.028530e-10
2.083333e+01,2.862393e+01,2.264503e+01,4.145930e+00,3.162278e-06,6.365583e-10
2.100000e+01,2.882341e+01,2.295912e+01,4.145930e+00,3.162278e-06,2.989103e-10
2.116667e+01,2.912005e+01,2.302142e+01,4.145930e+00,3.162278e-06,4.173469e-10
2.133333e+01,2.941371e+01,2.314553e+01,4.787307e+00,3.162278e-06,3.856943e-10
2.150000e+01,2.975264e+01,2.345292e+01,4.787307e+00,3.162278e-06,4.135901e-10
2.166667e+01,3.004012e+01,2.369596e+01,5.077706e+00,3.162278e-06,3.313404e-10
2.183333e+01,3.023024e+01,2.399630e+01,5.352372e+00,3.162278e-06,2.048882e-10
2.200000e+01,3.051322e+01,2.405592e+01,5.613615e+00,3.162278e-06,2.853472e-10
2.216667e+01,3.093282e+01,2.435182e+01,5.613615e+00,3.162278e-06,3.984049e-10
2.233333e+01,3.116350e+01,2.458598e+01,5.863230e+00,3.162278e-06,2.068109e-10
2.250000e+01,3.166506e+01,2.476015e+01,5.863230e+00,3.162278e-06,4.231389e-10
2.266667e+01,3.206960e+01,2.516184e+01,5.863230e+00,3.162278e-06,3.231961e-10
2.283333e+01,3.246910e+01,2.527544e+01,5.863230e+00,3.162278e-06,3.002956e-10
2.300000e+01,3.264508e+01,2.566908e+01,6.333012e+00,3.162278e-06,1.227824e-10
2.316667e+01,3.299424e+01,2.589132e+01,6.555291e+00,3.162278e-06,2.256217e-10
2.333333e+01,3.329675e+01,2.611168e+01,6.555291e+00,3.162278e-06,1.832035e-10
2.350000e+01,3.376664e+01,2.638454e+01,6.555291e+00,3.162278e-06,2.677582e-10
2.366667e+01,3.410432e+01,2.654690e+01,6.770275e+00,3.162278e-06,1.806498e-10
2.383333e+01,3.443868e+01,2.702816e+01,7.377736e+00,3.162278e-06,1.673547e-10
2.400000e+01,3.476983e+01,2.729185e+01,8.462844e+00,3.162278e-06,1.555913e-10
2.416667e+01,3.509785e+01,2.755302e+01,8.956232e+00,3.162278e-06,1.460288e-10
2.433333e+01,3.566464e+01,2.765680e+01,9.423824e+00,3.162278e-06,2.436548e-10
2.450000e+01,3.626208e+01,2.786320e+01,9.869287e+00,3.162278e-06,2.503118e-10
2.466667e+01,3.645905e+01,2.827147e+01,1.015541e+01,3.162278e-06,8.013733e-11
2.483333e+01,3.704368e+01,2.842306e+01,1.029549e+01,3.162278e-06,2.316406e-10
2.500000e+01,3.735174e+01,2.872384e+01,1.083773e+01,3.162278e-06,1.187887e-10
2.516667e+01,3.761922e+01,2.897211e+01,1.147956e+01,3.162278e-06,9.970046e-11
2.533333e+01,3.803575e+01,2.921827e+01,1.220529e+01,3.162278e-06,1.511996e-10
2.550000e+01,3.859651e+01,2.965620e+01,1.266602e+01,3.162278e-06,2.001638e-10
2.566667e+01,3.907598e+01,2.999239e+01,1.289022e+01,3.162278e-06,1.693386e-10
2.583333e+01,3.951342e+01,3.008776e+01,1.375049e+01,3.162278e-06,1.527958e-10
2.600000e+01,3.969426e+01,3.074704e+01,1.405953e+01,3.162278e-06,6.211384e-11
2.616667e+01,3.998190e+01,3.097909e+01,1.426184e+01,3.162278e-06,9.820385e-11
2.633333e+01,4.033857e+01,3.116350e+01,1.465808e+01,3.162278e-06,1.210873e-10
2.650000e+01,4.062165e+01,3.148360e+01,1.523312e+01,3.162278e-06,9.511224e-11
2.666667e+01,4.093778e+01,3.189044e+01,1.532686e+01,3.162278e-06,1.054125e-10
2.683333e+01,4.135552e+01,3.202490e+01,1.560471e+01,3.162278e-06,1.392023e-10
2.700000e+01,4.173478e+01,3.238075e+01,1.596766e+01,3.162278e-06,1.256417e-10
2.716667e+01,4.211062e+01,3.268893e+01,1.632254e+01,3.162278e-06,1.235874e-10
2.733333e+01,4.244941e+01,3.282013e+01,1.649712e+01,3.162278e-06,1.107211e-10
2.750000e+01,4.268496e+01,3.299424e+01,1.701011e+01,3.162278e-06,7.646385e-11
2.766667e+01,4.291922e+01,3.325370e+01,1.717770e+01,3.162278e-06,7.527415e-11
2.783333e+01,4.321854e+01,3.355387e+01,1.742606e+01,3.162278e-06,9.592463e-11
2.800000e+01,4.374562e+01,3.368169e+01,1.783232e+01,3.162278e-06,1.685413e-10
2.816667e+01,4.400679e+01,3.431367e+01,1.807169e+01,3.162278e-06,8.283413e-11
2.833333e+01,4.433109e+01,3.481100e+01,1.822952e+01,3.162278e-06,1.021280e-10
2.850000e+01,4.458883e+01,3.509785e+01,1.854116e+01,3.162278e-06,8.063345e-11
2.866667e+01,4.490892e+01,3.530132e+01,1.869503e+01,3.162278e-06,9.855821e-11
2.883333e+01,4.547942e+01,3.566464e+01,1.899904e+01,3.162278e-06,1.738951e-10
2.900000e+01,4.594942e+01,3.598451e+01,1.937233e+01,3.162278e-06,1.416396e-10
2.916667e+01,4.607395e+01,3.653754e+01,1.944613e+01,3.162278e-06,3.692920e-11
2.933333e+01,4.638380e+01,3.696626e+01,1.995509e+01,3.162278e-06,9.083945e-11
2.950000e+01,4.669159e+01,3.719803e+01,2.031083e+01,3.162278e-06,8.922225e-11
2.966667e+01,4.696688e+01,3.739007e+01,2.072965e+01,3.162278e-06,7.943934e-11
2.983333e+01,4.754281e+01,3.769530e+01,2.093592e+01,3.162278e-06,1.668314e-10
3.000000e+01,4.778323e+01,3.803575e+01,2.107231e+01,3.162278e-06,7.022892e-11
3.016667e+01,4.820108e+01,3.829846e+01,2.134248e+01,3.162278e-06,1.227704e-10
3.033333e+01,4.834943e+01,3.878162e+01,2.160927e+01,3.162278e-06,4.363304e-11
3.050000e+01,4.858586e+01,3.903931e+01,2.193820e+01,3.162278e-06,6.971358e-11
3.066667e+01,4.896763e+01,3.933174e+01,2.232652e+01,3.162278e-06,1.133531e-10
3.083333e+01,4.949136e+01,3.954965e+01,2.258168e+01,3.162278e-06,1.575873e-10
3.100000e+01,4.972236e+01,3.987428e+01,2.277118e+01,3.162278e-06,7.065036e-11
3.116667e+01,4.992361e+01,4.023190e+01,2.302142e+01,3.162278e-06,6.229931e-11
3.133333e+01,5.015261e+01,4.048036e+01,2.333045e+01,3.162278e-06,7.162793e-11
3.150000e+01,5.049418e+01,4.051573e+01,2.351392e+01,3.162278e-06,1.077993e-10
3.166667e+01,5.088978e+01,4.100770e+01,2.387662e+01,3.162278e-06,1.265690e-10
3.183333e+01,5.122643e+01,4.114718e+01,2.399630e+01,3.162278e-06,1.088032e-10
3.200000e+01,5.161641e+01,4.152834e+01,2.411539e+01,3.162278e-06,1.277774e-10
3.216667e+01,5.208604e+01,4.187184e+01,2.435182e+01,3.162278e-06,1.556507e-10
3.233333e+01,5.255147e+01,4.231422e+01,2.452765e+01,3.162278e-06,1.555679e-10
3.250000e+01,5.271475e+01,4.268496e+01,2.481793e+01,3.162278e-06,5.487371e-11
3.266667e+01,5.309381e+01,4.288583e+01,2.516184e+01,3.162278e-06,1.278394e-10
3.283333e+01,5.344338e+01,4.318539e+01,2.544489e+01,3.162278e-06,1.188689e-10
3.300000e+01,5.363066e+01,4.351581e+01,2.572482e+01,3.162278e-06,6.420641e-11
3.316667e+01,5.387050e+01,4.384374e+01,2.578044e+01,3.162278e-06,8.286723e-11
3.333333e+01,5.410928e+01,4.416923e+01,2.583594e+01,3.162278e-06,8.320963e-11
3.350000e+01,5.447863e+01,4.455669e+01,2.616648e+01,3.162278e-06,1.291109e-10
3.366667e+01,5.484550e+01,4.474916e+01,2.633019e+01,3.162278e-06,1.277650e-10
3.383333e+01,5.520992e+01,4.509989e+01,2.660081e+01,3.162278e-06,1.267998e-10
3.400000e+01,5.536537e+01,4.551090e+01,2.692195e+01,3.162278e-06,5.373179e-11
3.416667e+01,5.572640e+01,4.588703e+01,2.702816e+01,3.162278e-06,1.237880e-10
3.433333e+01,5.593165e+01,4.610503e+01,2.718668e+01,3.162278e-06,6.976072e-11
3.450000e+01,5.623813e+01,4.632199e+01,2.744885e+01,3.162278e-06,1.026558e-10
3.466667e+01,5.656827e+01,4.672226e+01,2.776019e+01,3.162278e-06,1.084173e-10
3.483333e+01,5.712263e+01,4.696688e+01,2.796583e+01,3.162278e-06,1.791117e-10
3.500000e+01,5.739780e+01,4.721023e+01,2.832209e+01,3.162278e-06,8.749327e-11
3.516667e+01,5.774612e+01,4.757293e+01,2.862393e+01,3.162278e-06,1.086177e-10
3.533333e+01,5.806769e+01,4.817135e+01,2.892263e+01,3.162278e-06,9.869797e-11
3.550000e+01,5.828928e+01,4.870365e+01,2.921827e+01,3.162278e-06,6.686158e-11
3.566667e+01,5.848554e+01,4.896763e+01,2.941371e+01,3.162278e-06,5.821458e-11
3.583333e+01,5.858342e+01,4.928835e+01,2.975264e+01,3.162278e-06,2.850728e-11
3.600000e+01,5.890042e+01,4.963586e+01,2.994460e+01,3.162278e-06,9.043501e-11
3.616667e+01,5.931240e+01,4.998096e+01,3.023024e+01,3.162278e-06,1.154782e-10
3.633333e+01,5.964954e+01,5.052254e+01,3.046624e+01,3.162278e-06,9.245562e-11
3.650000e+01,5.979345e+01,5.097415e+01,3.060696e+01,3.162278e-06,3.846569e-11
3.666667e+01,6.022311e+01,5.136605e+01,3.107143e+01,3.162278e-06,1.120519e-10
3.683333e+01,6.057883e+01,5.156088e+01,3.143807e+01,3.162278e-06,9.038219e-11
3.700000e+01,6.081482e+01,5.197592e+01,3.180048e+01,3.162278e-06,5.833394e-11
3.716667e+01,6.107336e+01,5.244232e+01,3.215881e+01,3.162278e-06,6.229538e-11
3.733333e+01,6.137750e+01,5.260595e+01,3.238075e+01,3.162278e-06,7.169131e-11
3.750000e+01,6.165691e+01,5.287754e+01,3.282013e+01,3.162278e-06,6.438098e-11
3.766667e+01,6.193507e+01,5.309381e+01,3.303762e+01,3.162278e-06,6.244541e-11
3.783333e+01,6.228101e+01,5.336291e+01,3.329675e+01,3.162278e-06,7.605728e-11
3.800000e+01,6.253349e+01,5.347017e+01,3.380903e+01,3.162278e-06,5.426280e-11
3.816667e+01,6.269362e+01,5.384391e+01,3.427191e+01,3.162278e-06,3.358085e-11
3.833333e+01,6.296720e+01,5.405631e+01,3.489320e+01,3.162278e-06,5.631186e-11
3.850000e+01,6.330750e+01,5.442602e+01,3.526072e+01,3.162278e-06,6.900469e-11
3.866667e+01,6.369098e+01,5.458370e+01,3.582493e+01,3.162278e-06,7.716711e-11
3.883333e+01,6.411686e+01,5.489770e+01,3.602429e+01,3.162278e-06,8.514153e-11
3.900000e+01,6.433988e+01,5.533949e+01,3.638039e+01,3.162278e-06,4.449973e-11
3.916667e+01,6.458431e+01,5.562349e+01,3.669402e+01,3.162278e-06,4.846599e-11
3.933333e+01,6.491613e+01,5.600843e+01,3.708232e+01,3.162278e-06,6.548746e-11
3.950000e+01,6.526823e+01,5.623813e+01,3.735174e+01,3.162278e-06,6.920098e-11
3.966667e+01,6.553105e+01,5.651761e+01,3.765728e+01,3.162278e-06,5.153382e-11
3.983333e+01,6.585811e+01,5.687132e+01,3.803575e+01,3.162278e-06,6.394540e-11
4.000000e+01,6.609692e+01,5.729789e+01,3.852221e+01,3.162278e-06,4.651872e-11
4.016667e+01,6.646431e+01,5.749753e+01,3.878162e+01,3.162278e-06,7.142680e-11
4.033333e+01,6.667948e+01,5.764681e+01,3.925884e+01,3.162278e-06,4.186670e-11
4.050000e+01,6.710774e+01,5.794422e+01,3.991018e+01,3.162278e-06,8.335307e-11
4.066667e+01,6.742715e+01,5.824011e+01,4.023190e+01,3.162278e-06,6.235625e-11
4.083333e+01,6.785069e+01,5.853450e+01,4.048036e+01,3.162278e-06,8.336358e-11
4.100000e+01,6.812458e+01,5.902189e+01,4.072730e+01,3.162278e-06,5.415391e-11
4.116667e+01,6.856470e+01,5.921572e+01,4.104261e+01,3.162278e-06,8.731348e-11
4.133333e+01,6.891894e+01,5.957746e+01,4.132087e+01,3.162278e-06,7.022037e-11
4.150000e+01,6.939532e+01,5.967355e+01,4.142473e+01,3.162278e-06,9.445268e-11
4.166667e+01,6.970425e+01,5.998479e+01,4.159727e+01,3.162278e-06,6.112502e-11
4.183333e+01,6.992993e+01,6.036565e+01,4.183762e+01,3.162278e-06,4.427520e-11
4.200000e+01,7.019571e+01,6.062610e+01,4.207659e+01,3.162278e-06,5.152418e-11
4.216667e+01,7.046048e+01,6.097947e+01,4.271850e+01,3.162278e-06,5.065862e-11
4.233333e+01,7.078500e+01,6.135416e+01,4.295258e+01,3.162278e-06,6.129906e-11
4.250000e+01,7.114831e+01,6.158718e+01,4.335091e+01,3.162278e-06,6.830143e-11
4.266667e+01,7.148974e+01,6.177296e+01,4.368008e+01,3.162278e-06,6.382390e-11
4.283333e+01,7.192919e+01,6.209675e+01,4.397423e+01,3.162278e-06,8.195187e-11
4.300000e+01,7.230657e+01,6.232699e+01,4.436339e+01,3.162278e-06,7.029940e-11
4.316667e+01,7.268198e+01,6.269362e+01,4.490892e+01,3.162278e-06,6.976779e-11
4.333333e+01,7.295737e+01,6.296720e+01,4.513164e+01,3.162278e-06,5.106634e-11
4.350000e+01,7.329038e+01,6.314892e+01,4.551090e+01,3.162278e-06,6.174261e-11
4.366667e+01,7.362188e+01,6.339794e+01,4.588703e+01,3.162278e-06,6.136543e-11
4.383333e+01,7.395189e+01,6.378088e+01,4.622913e+01,3.162278e-06,6.109053e-11
4.400000e+01,7.439605e+01,6.409452e+01,4.656872e+01,3.162278e-06,8.240664e-11
4.416667e+01,7.470347e+01,6.438439e+01,4.699736e+01,3.162278e-06,5.714847e-11
4.433333e+01,7.512413e+01,6.465081e+01,4.727087e+01,3.162278e-06,7.825953e-11
4.450000e+01,7.537159e+01,6.482781e+01,4.769321e+01,3.162278e-06,4.612008e-11
4.466667e+01,7.575072e+01,6.511442e+01,4.799261e+01,3.162278e-06,7.063832e-11
4.483333e+01,7.612797e+01,6.531210e+01,4.849734e+01,3.162278e-06,7.048037e-11
4.500000e+01,7.657822e+01,6.557475e+01,4.899687e+01,3.162278e-06,8.434917e-11
4.516667e+01,7.704442e+01,6.601018e+01,4.923019e+01,3.162278e-06,8.791138e-11
4.533333e+01,7.735984e+01,6.637805e+01,4.949136e+01,3.162278e-06,6.001668e-11
4.550000e+01,7.780295e+01,6.687253e+01,4.975116e+01,3.162278e-06,8.493108e-11
4.566667e+01,7.817029e+01,6.734212e+01,5.006686e+01,3.162278e-06,7.088750e-11
4.583333e+01,7.838987e+01,6.759688e+01,5.029522e+01,3.162278e-06,4.245669e-11
4.600000e+01,7.860884e+01,6.795616e+01,5.063582e+01,3.162278e-06,4.238481e-11
4.616667e+01,7.904495e+01,6.831355e+01,5.097415e+01,3.162278e-06,8.441877e-11
4.633333e+01,7.944262e+01,6.860647e+01,5.117047e+01,3.162278e-06,7.714982e-11
4.650000e+01,7.976651e+01,6.881494e+01,5.144964e+01,3.162278e-06,6.289525e-11
4.666667e+01,7.996380e+01,6.918860e+01,5.167188e+01,3.162278e-06,3.817837e-11
4.683333e+01,8.035692e+01,6.947783e+01,5.192077e+01,3.162278e-06,7.592377e-11
4.700000e+01,8.078360e+01,6.968369e+01,5.230558e+01,3.162278e-06,8.223374e-11
4.716667e+01,8.110213e+01,6.997088e+01,5.260595e+01,3.162278e-06,6.121855e-11
4.733333e+01,8.141942e+01,7.027728e+01,5.298578e+01,3.162278e-06,6.091066e-11
4.750000e+01,8.170042e+01,7.070401e+01,5.336291e+01,3.162278e-06,5.390122e-11
4.766667e+01,8.194550e+01,7.106774e+01,5.371073e+01,3.162278e-06,4.707973e-11
4.783333e+01,8.220728e+01,7.136942e+01,5.400329e+01,3.162278e-06,5.043535e-11
4.800000e+01,8.250296e+01,7.176971e+01,5.426788e+01,3.162278e-06,5.721806e-11
4.816667e+01,8.291860e+01,7.214791e+01,5.447863e+01,3.162278e-06,8.084107e-11
4.833333e+01,8.341806e+01,7.252415e+01,5.481937e+01,3.162278e-06,9.780620e-11
4.850000e+01,8.386332e+01,7.289845e+01,5.520992e+01,3.162278e-06,8.764590e-11
4.866667e+01,8.430624e+01,7.329038e+01,5.541709e+01,3.162278e-06,8.769922e-11
4.883333e+01,8.454377e+01,7.362188e+01,5.567496e+01,3.162278e-06,4.736944e-11
4.900000e+01,8.479753e+01,7.385498e+01,5.613615e+01,3.162278e-06,5.077719e-11
4.916667e+01,8.510104e+01,7.418396e+01,5.631449e+01,3.162278e-06,6.083165e-11
4.933333e+01,8.558776e+01,7.458834e+01,5.651761e+01,3.162278e-06,9.833039e-11
4.950000e+01,8.583844e+01,7.500964e+01,5.694683e+01,3.162278e-06,5.088066e-11
4.966667e+01,8.620477e+01,7.525748e+01,5.719781e+01,3.162278e-06,7.444353e-11
4.983333e+01,8.663572e+01,7.559930e+01,5.744769e+01,3.162278e-06,8.808211e-11
5.000000e+01,8.693281e+01,7.584521e+01,5.777092e+01,3.162278e-06,6.098058e-11
5.016667e+01,8.724531e+01,7.622199e+01,5.816628e+01,3.162278e-06,6.420150e-11
5.033333e+01,8.760576e+01,7.672771e+01,5.855897e+01,3.162278e-06,7.424553e-11
5.050000e+01,8.798102e+01,7.711875e+01,5.894904e+01,3.162278e-06,7.764628e-11
5.066667e+01,8.830603e+01,7.743386e+01,5.923991e+01,3.162278e-06,6.762648e-11
5.083333e+01,8.862986e+01,7.774770e+01,5.957746e+01,3.162278e-06,6.785509e-11
5.100000e+01,8.888806e+01,7.807862e+01,5.986527e+01,3.162278e-06,5.446735e-11
5.116667e+01,8.930606e+01,7.840814e+01,6.012789e+01,3.162278e-06,8.899257e-11
5.133333e+01,8.956232e+01,7.886353e+01,6.031817e+01,3.162278e-06,5.496528e-11
5.150000e+01,8.976999e+01,7.897244e+01,6.055518e+01,3.162278e-06,4.472974e-11
5.166667e+01,9.012035e+01,7.935242e+01,6.090896e+01,3.162278e-06,7.553083e-11
5.183333e+01,9.042183e+01,7.967667e+01,6.116710e+01,3.162278e-06,6.498712e-11
5.200000e+01,9.084854e+01,7.999962e+01,6.142416e+01,3.162278e-06,9.215257e-11
5.216667e+01,9.114762e+01,8.026774e+01,6.174977e+01,3.162278e-06,6.457241e-11
5.233333e+01,9.130463e+01,8.060609e+01,6.211981e+01,3.162278e-06,3.380282e-11
5.250000e+01,9.175846e+01,8.076586e+01,6.232699e+01,3.162278e-06,9.768255e-11
5.266667e+01,9.208570e+01,8.108447e+01,6.248766e+01,3.162278e-06,7.056439e-11
5.283333e+01,9.236526e+01,8.152491e+01,6.269362e+01,3.162278e-06,6.014493e-11
5.300000e+01,9.273671e+01,8.185806e+01,6.303541e+01,3.162278e-06,7.942977e-11
5.316667e+01,9.306050e+01,8.222470e+01,6.323959e+01,3.162278e-06,6.864939e-11
5.333333e+01,9.332180e+01,8.276298e+01,6.355590e+01,3.162278e-06,5.485045e-11
5.350000e+01,9.370474e+01,8.309116e+01,6.398268e+01,3.162278e-06,7.937707e-11
5.366667e+01,9.397949e+01,8.346956e+01,6.438439e+01,3.162278e-06,5.629320e-11
5.383333e+01,9.426863e+01,8.376078e+01,6.487199e+01,3.162278e-06,5.874026e-11
5.400000e+01,9.454175e+01,8.410210e+01,6.513641e+01,3.162278e-06,5.512903e-11
5.416667e+01,9.485938e+01,8.430624e+01,6.531210e+01,3.162278e-06,6.397322e-11
5.433333e+01,9.520605e+01,8.459458e+01,6.561843e+01,3.162278e-06,6.955880e-11
5.450000e+01,9.546148e+01,8.484819e+01,6.592333e+01,3.162278e-06,5.085104e-11
5.466667e+01,9.576111e+01,8.501684e+01,6.622682e+01,3.162278e-06,5.921843e-11
5.483333e+01,9.604489e+01,8.535314e+01,6.661500e+01,3.162278e-06,5.570911e-11
5.500000e+01,9.635757e+01,8.572155e+01,6.682968e+01,3.162278e-06,6.102075e-11
5.516667e+01,9.663960e+01,8.630441e+01,6.712908e+01,3.162278e-06,5.480800e-11
5.533333e+01,9.686167e+01,8.658610e+01,6.742715e+01,3.162278e-06,4.286162e-11
5.550000e+01,9.714224e+01,8.689985e+01,6.774505e+01,3.162278e-06,5.373440e-11
5.566667e+01,9.739259e+01,8.716318e+01,6.797724e+01,3.162278e-06,4.754202e-11
5.583333e+01,9.773027e+01,8.740934e+01,6.833452e+01,3.162278e-06,6.369782e-11
5.600000e+01,9.808140e+01,8.775279e+01,6.852291e+01,3.162278e-06,6.571700e-11
5.616667e+01,9.837305e+01,8.806239e+01,6.900202e+01,3.162278e-06,5.425645e-11
5.633333e+01,9.864932e+01,8.848428e+01,6.943659e+01,3.162278e-06,5.078446e-11
5.650000e+01,9.889585e+01,8.871063e+01,6.966314e+01,3.162278e-06,4.496192e-11
5.666667e+01,9.922842e+01,8.895250e+01,6.997088e+01,3.162278e-06,6.033232e-11
5.683333e+01,9.966054e+01,8.927398e+01,7.019571e+01,3.162278e-06,7.790734e-11
5.700000e+01,1.000908e+02,8.957831e+01,7.058235e+01,3.162278e-06,7.701682e-11
5.716667e+01,1.003766e+02,8.991348e+01,7.108789e+01,3.162278e-06,5.065807e-11
5.733333e+01,1.009458e+02,9.023154e+01,7.142961e+01,3.162278e-06,1.002804e-10
5.750000e+01,1.011584e+02,9.046934e+01,7.186943e+01,3.162278e-06,3.731122e-11
5.766667e+01,1.015400e+02,9.078545e+01,7.224711e+01,3.162278e-06,6.665948e-11
5.783333e+01,1.018780e+02,9.106901e+01,7.254390e+01,3.162278e-06,5.890621e-11
5.800000e+01,1.022009e+02,9.135168e+01,7.283948e+01,3.162278e-06,5.615609e-11
5.816667e+01,1.024249e+02,9.166475e+01,7.313386e+01,3.162278e-06,3.882791e-11
5.833333e+01,1.026484e+02,9.197675e+01,7.354401e+01,3.162278e-06,3.854975e-11
5.850000e+01,1.028993e+02,9.234975e+01,7.385498e+01,3.162278e-06,4.305077e-11
5.866667e+01,1.032051e+02,9.269036e+01,7.400998e+01,3.162278e-06,5.236083e-11
5.883333e+01,1.035515e+02,9.304511e+01,7.433827e+01,3.162278e-06,5.922066e-11
5.900000e+01,1.038002e+02,9.344451e+01,7.476097e+01,3.162278e-06,4.228714e-11
5.916667e+01,1.041583e+02,9.358237e+01,7.516225e+01,3.162278e-06,6.061078e-11
5.933333e+01,1.046385e+02,9.385748e+01,7.546655e+01,3.162278e-06,8.113204e-11
5.950000e+01,1.051438e+02,9.417742e+01,7.575072e+01,3.162278e-06,8.546071e-11
5.966667e+01,1.056195e+02,9.442046e+01,7.612797e+01,3.162278e-06,8.055251e-11
5.983333e+01,1.059445e+02,9.469313e+01,7.655951e+01,3.162278e-06,5.495895e-11
6.000000e+01,1.063224e+02,9.490467e+01,7.689554e+01,3.162278e-06,6.389810e-11
6.016667e+01,1.066856e+02,9.514585e+01,7.715589e+01,3.162278e-06,6.158468e-11
6.033333e+01,1.070073e+02,9.546148e+01,7.745236e+01,3.162278e-06,5.470151e-11
6.050000e+01,1.072747e+02,9.579102e+01,7.785816e+01,3.162278e-06,4.541066e-11
6.066667e+01,1.075680e+02,9.614923e+01,7.824356e+01,3.162278e-06,4.976752e-11
6.083333e+01,1.079004e+02,9.644672e+01,7.869990e+01,3.162278e-06,5.644275e-11
6.100000e+01,1.082583e+02,9.678771e+01,7.900870e+01,3.162278e-06,6.085942e-11
6.116667e+01,1.085094e+02,9.720120e+01,7.929825e+01,3.162278e-06,4.285593e-11
6.133333e+01,1.088520e+02,9.743670e+01,7.958674e+01,3.162278e-06,5.868487e-11
6.150000e+01,1.092854e+02,9.771562e+01,7.983831e+01,3.162278e-06,7.446989e-11
6.166667e+01,1.095865e+02,9.802297e+01,8.030342e+01,3.162278e-06,5.182003e-11
6.183333e+01,1.098997e+02,9.837305e+01,8.049940e+01,3.162278e-06,5.387827e-11
6.200000e+01,1.103420e+02,9.860575e+01,8.081905e+01,3.162278e-06,7.633846e-11
6.216667e+01,1.106531e+02,9.885239e+01,8.111979e+01,3.162278e-06,5.367538e-11
6.233333e+01,1.109762e+02,9.931500e+01,8.154247e+01,3.162278e-06,5.569786e-11
6.250000e+01,1.111310e+02,9.963179e+01,8.184056e+01,3.162278e-06,2.662300e-11
6.266667e+01,1.114528e+02,9.984721e+01,8.229436e+01,3.162278e-06,5.527901e-11
6.283333e+01,1.118377e+02,1.002624e+02,8.262440e+01,3.162278e-06,6.612834e-11
6.300000e+01,1.121447e+02,1.005762e+02,8.295314e+01,3.162278e-06,5.290040e-11
6.316667e+01,1.124508e+02,1.008890e+02,8.326337e+01,3.162278e-06,5.291594e-11
6.333333e+01,1.127815e+02,1.011018e+02,8.362386e+01,3.162278e-06,5.733562e-11
6.350000e+01,1.130986e+02,1.015541e+02,8.408507e+01,3.162278e-06,5.500507e-11
6.366667e+01,1.133137e+02,1.018499e+02,8.449292e+01,3.162278e-06,3.731188e-11
6.383333e+01,1.136797e+02,1.022009e+02,8.481442e+01,3.162278e-06,6.370358e-11
6.400000e+01,1.139439e+02,1.024948e+02,8.515152e+01,3.162278e-06,4.624792e-11
6.416667e+01,1.143079e+02,1.028993e+02,8.548729e+01,3.162278e-06,6.408979e-11
6.433333e+01,1.145833e+02,1.031634e+02,8.568812e+01,3.162278e-06,4.881400e-11
6.450000e+01,1.147582e+02,1.036068e+02,8.602180e+01,3.162278e-06,3.119261e-11
6.466667e+01,1.151320e+02,1.038967e+02,8.615491e+01,3.162278e-06,6.700534e-11
6.483333e+01,1.154922e+02,1.042133e+02,8.658610e+01,3.162278e-06,6.490832e-11
6.500000e+01,1.157895e+02,1.044604e+02,8.696576e+01,3.162278e-06,5.361007e-11
6.516667e+01,1.162094e+02,1.046659e+02,8.734376e+01,3.162278e-06,7.600386e-11
6.533333e+01,1.166031e+02,1.050075e+02,8.758941e+01,3.162278e-06,7.159031e-11
6.550000e+01,1.168363e+02,1.053208e+02,8.778543e+01,3.162278e-06,4.260998e-11
6.566667e+01,1.172768e+02,1.056602e+02,8.793216e+01,3.162278e-06,8.085061e-11
6.583333e+01,1.175574e+02,1.060661e+02,8.832225e+01,3.162278e-06,5.159074e-11
6.600000e+01,1.179345e+02,1.064840e+02,8.850047e+01,3.162278e-06,6.920329e-11
6.616667e+01,1.184193e+02,1.068063e+02,8.885583e+01,3.162278e-06,8.906850e-11
6.633333e+01,1.186610e+02,1.071544e+02,8.912946e+01,3.162278e-06,4.427821e-11
6.650000e+01,1.189383e+02,1.075414e+02,8.941826e+01,3.162278e-06,5.075945e-11
6.666667e+01,1.193351e+02,1.078207e+02,8.970614e+01,3.162278e-06,7.254516e-11
6.683333e+01,1.197066e+02,1.080331e+02,8.999310e+01,3.162278e-06,6.780959e-11
6.700000e+01,1.199696e+02,1.082715e+02,9.037430e+01,3.162278e-06,4.781622e-11
6.716667e+01,1.203034e+02,1.085885e+02,9.070653e+01,3.162278e-06,6.049513e-11
6.733333e+01,1.206720e+02,1.087731e+02,9.102181e+01,3.162278e-06,6.668309e-11
6.750000e+01,1.210749e+02,1.090624e+02,9.136736e+01,3.162278e-06,7.294698e-11
6.766667e+01,1.213821e+02,1.093771e+02,9.171162e+01,3.162278e-06,5.565632e-11
6.783333e+01,1.216414e+02,1.096126e+02,9.207014e+01,3.162278e-06,4.701533e-11
6.800000e+01,1.219355e+02,1.099128e+02,9.234975e+01,3.162278e-06,5.346398e-11
6.816667e+01,1.223693e+02,1.102381e+02,9.264398e+01,3.162278e-06,7.923523e-11
6.833333e+01,1.226966e+02,1.105884e+02,9.286019e+01,3.162278e-06,5.996222e-11
6.850000e+01,1.231395e+02,1.110150e+02,9.318356e+01,3.162278e-06,8.145190e-11
6.866667e+01,1.234647e+02,1.113113e+02,9.339851e+01,3.162278e-06,5.990064e-11
6.883333e+01,1.239511e+02,1.116197e+02,9.372002e+01,3.162278e-06,8.986977e-11
6.900000e+01,1.242742e+02,1.119785e+02,9.400997e+01,3.162278e-06,5.981074e-11
6.916667e+01,1.245160e+02,1.123361e+02,9.443563e+01,3.162278e-06,4.475513e-11
6.933333e+01,1.248951e+02,1.127180e+02,9.469313e+01,3.162278e-06,7.013197e-11
6.950000e+01,1.252158e+02,1.130606e+02,9.508561e+01,3.162278e-06,5.947696e-11
6.966667e+01,1.255585e+02,1.134905e+02,9.543146e+01,3.162278e-06,6.359817e-11
6.983333e+01,1.258548e+02,1.136797e+02,9.580597e+01,3.162278e-06,5.506883e-11
7.000000e+01,1.261617e+02,1.139817e+02,9.607471e+01,3.162278e-06,5.718461e-11
7.016667e+01,1.264678e+02,1.143706e+02,9.638730e+01,3.162278e-06,5.727822e-11
7.033333e+01,1.267055e+02,1.146458e+02,9.666924e+01,3.162278e-06,4.454417e-11
7.050000e+01,1.270329e+02,1.149577e+02,9.715698e+01,3.162278e-06,6.155500e-11
7.066667e+01,1.272244e+02,1.154302e+02,9.751018e+01,3.162278e-06,3.607741e-11
7.083333e+01,1.276291e+02,1.157400e+02,9.778888e+01,3.162278e-06,7.662365e-11
7.100000e+01,1.278646e+02,1.160490e+02,9.812520e+01,3.162278e-06,4.481775e-11
7.116667e+01,1.282002e+02,1.163202e+02,9.853309e+01,3.162278e-06,6.413799e-11
7.133333e+01,1.285238e+02,1.167750e+02,9.889585e+01,3.162278e-06,6.203075e-11
7.150000e+01,1.287243e+02,1.171913e+02,9.927172e+01,3.162278e-06,3.851087e-11
7.166667e+01,1.290910e+02,1.175087e+02,9.954549e+01,3.162278e-06,7.062229e-11
7.183333e+01,1.293459e+02,1.178252e+02,9.989024e+01,3.162278e-06,4.920835e-11
7.200000e+01,1.297329e+02,1.182862e+02,1.001194e+02,3.162278e-06,7.483169e-11
7.216667e+01,1.300968e+02,1.185765e+02,1.004764e+02,3.162278e-06,7.050684e-11
7.233333e+01,1.303937e+02,1.189263e+02,1.007469e+02,3.162278e-06,5.744157e-11
7.250000e+01,1.307338e+02,1.192150e+02,1.010593e+02,3.162278e-06,6.574182e-11
7.266667e+01,1.311604e+02,1.195150e+02,1.013847e+02,3.162278e-06,8.235310e-11
7.283333e+01,1.314985e+02,1.198382e+02,1.016810e+02,3.162278e-06,6.506091e-11
7.300000e+01,1.318467e+02,1.202439e+02,1.019764e+02,3.162278e-06,6.679391e-11
7.316667e+01,1.320746e+02,1.206601e+02,1.023829e+02,3.162278e-06,4.354607e-11
7.333333e+01,1.324861e+02,1.208736e+02,1.027600e+02,3.162278e-06,7.827528e-11
7.350000e+01,1.328208e+02,1.211931e+02,1.030662e+02,3.162278e-06,6.353937e-11
7.366667e+01,1.331762e+02,1.215590e+02,1.034407e+02,3.162278e-06,6.736792e-11
7.383333e+01,1.335736e+02,1.218885e+02,1.037725e+02,3.162278e-06,7.513605e-11
7.400000e+01,1.339591e+02,1.222522e+02,1.041858e+02,3.162278e-06,7.277291e-11
7.416667e+01,1.342902e+02,1.226266e+02,1.045564e+02,3.162278e-06,6.242467e-11
7.433333e+01,1.345672e+02,1.229416e+02,1.048983e+02,3.162278e-06,5.218908e-11
7.450000e+01,1.349392e+02,1.233254e+02,1.051438e+02,3.162278e-06,7.004158e-11
7.466667e+01,1.352573e+02,1.236271e+02,1.054567e+02,3.162278e-06,5.989922e-11
7.483333e+01,1.355958e+02,1.239164e+02,1.057822e+02,3.162278e-06,6.361919e-11
7.500000e+01,1.359439e+02,1.242627e+02,1.060931e+02,3.162278e-06,6.538294e-11
7.516667e+01,1.362702e+02,1.244815e+02,1.064436e+02,3.162278e-06,6.121760e-11
7.533333e+01,1.365537e+02,1.248033e+02,1.067392e+02,3.162278e-06,5.311153e-11
7.550000e+01,1.369413e+02,1.251128e+02,1.070474e+02,3.162278e-06,7.257692e-11
7.566667e+01,1.371399e+02,1.254900e+02,1.074215e+02,3.162278e-06,3.713636e-11
7.583333e+01,1.375362e+02,1.257751e+02,1.077676e+02,3.162278e-06,7.414053e-11
7.600000e+01,1.379106e+02,1.261617e+02,1.081656e+02,3.162278e-06,7.021739e-11
7.616667e+01,1.382840e+02,1.264565e+02,1.084301e+02,3.162278e-06,7.028178e-11
7.633333e+01,1.386667e+02,1.268072e+02,1.088389e+02,3.162278e-06,7.248704e-11
7.650000e+01,1.389041e+02,1.271569e+02,1.090755e+02,3.162278e-06,4.514471e-11
7.666667e+01,1.392851e+02,1.273482e+02,1.094557e+02,3.162278e-06,7.294768e-11
7.683333e+01,1.396241e+02,1.276740e+02,1.097171e+02,3.162278e-06,6.517606e-11
7.700000e+01,1.399418e+02,1.280213e+02,1.100820e+02,3.162278e-06,6.137557e-11
7.716667e+01,1.403200e+02,1.283231e+02,1.103809e+02,3.162278e-06,7.330523e-11
7.733333e+01,1.405749e+02,1.286130e+02,1.107307e+02,3.162278e-06,4.952653e-11
7.750000e+01,1.409006e+02,1.289355e+02,1.109633e+02,3.162278e-06,6.338351e-11
7.766667e+01,1.411748e+02,1.292351e+02,1.113113e+02,3.162278e-06,5.350985e-11
7.783333e+01,1.414485e+02,1.296114e+02,1.116839e+02,3.162278e-06,5.338474e-11
7.800000e+01,1.417318e+02,1.299315e+02,1.119529e+02,3.162278e-06,5.527064e-11
7.816667e+01,1.419640e+02,1.302398e+02,1.122213e+02,3.162278e-06,4.533280e-11
7.833333e+01,1.423067e+02,1.306352e+02,1.124380e+02,3.162278e-06,6.678261e-11
7.850000e+01,1.426585e+02,1.309418e+02,1.127561e+02,3.162278e-06,6.849440e-11
7.866667e+01,1.430196e+02,1.312914e+02,1.130352e+02,3.162278e-06,7.003732e-11
7.883333e+01,1.433597e+02,1.315965e+02,1.132378e+02,3.162278e-06,6.580259e-11
7.900000e+01,1.437887e+02,1.319552e+02,1.135914e+02,3.162278e-06,8.268865e-11
7.916667e+01,1.441369e+02,1.322263e+02,1.139062e+02,3.162278e-06,6.671637e-11
7.933333e+01,1.444942e+02,1.324645e+02,1.142703e+02,3.162278e-06,6.806901e-11
7.950000e+01,1.448408e+02,1.328208e+02,1.146957e+02,3.162278e-06,6.567460e-11
7.966667e+01,1.450878e+02,1.332085e+02,1.149452e+02,3.162278e-06,4.662343e-11
7.983333e+01,1.454132e+02,1.335307e+02,1.152936e+02,3.162278e-06,6.129816e-11
