Time,avgI1rd,avgI2rd,avgDrd,Beta,Beff
0.000000e+00,1.692569e+00,0.000000e+00,0.000000e+00,3.981072e-06,0.000000e+00
1.666667e-01,1.692569e+00,0.000000e+00,0.000000e+00,3.981072e-06,0.000000e+00
3.333333e-01,1.692569e+00,0.000000e+00,0.000000e+00,3.981072e-06,0.000000e+00
5.000000e-01,1.692569e+00,0.000000e+00,0.000000e+00,3.981072e-06,0.000000e+00
6.666667e-01,1.692569e+00,0.000000e+00,0.000000e+00,3.981072e-06,0.000000e+00
8.333333e-01,1.692569e+00,0.000000e+00,0.000000e+00,3.981072e-06,0.000000e+00
1.000000e+00,1.692569e+00,0.000000e+00,0.000000e+00,3.981072e-06,0.000000e+00
1.166667e+00,1.692569e+00,0.000000e+00,0.000000e+00,3.981072e-06,0.000000e+00
1.333333e+00,1.692569e+00,0.000000e+00,0.000000e+00,3.981072e-06,0.000000e+00
1.500000e+00,1.692569e+00,0.000000e+00,0.000000e+00,3.981072e-06,0.000000e+00
1.666667e+00,1.692569e+00,0.000000e+00,0.000000e+00,3.981072e-06,0.000000e+00
1.833333e+00,1.692569e+00,0.000000e+00,0.000000e+00,3.981072e-06,0.000000e+00
2.000000e+00,1.692569e+00,0.000000e+00,0.000000e+00,3.981072e-06,0.000000e+00
2.166667e+00,1.692569e+00,0.000000e+00,0.000000e+00,3.981072e-06,0.000000e+00
2.333333e+00,1.692569e+00,0.000000e+00,0.000000e+00,3.981072e-06,0.000000e+00
2.500000e+00,1.692569e+00,0.000000e+00,0.000000e+00,3.981072e-06,0.000000e+00
2.666667e+00,1.692569e+00,1.692569e+00,0.000000e+00,3.981072e-06,0.000000e+00
2.833333e+00,1.692569e+00,1.692569e+00,0.000000e+00,3.981072e-06,0.000000e+00
3.000000e+00,1.692569e+00,1.692569e+00,0.000000e+00,3.981072e-06,0.000000e+00
3.166667e+00,1.692569e+00,1.692569e+00,0.000000e+00,3.981072e-06,0.000000e+00
3.333333e+00,1.692569e+00,1.692569e+00,0.000000e+00,3.981072e-06,0.000000e+00
3.500000e+00,1.692569e+00,1.692569e+00,0.000000e+00,3.981072e-06,0.000000e+00
3.666667e+00,1.692569e+00,1.692569e+00,0.000000e+00,3.981072e-06,0.000000e+00
3.833333e+00,1.692569e+00,1.692569e+00,0.000000e+00,3.981072e-06,0.000000e+00
4.000000e+00,1.692569e+00,1.692569e+00,0.000000e+00,3.981072e-06,0.000000e+00
4.166667e+00,1.692569e+00,1.692569e+00,0.000000e+00,3.981072e-06,0.000000e+00
4.333333e+00,1.692569e+00,1.692569e+00,0.000000e+00,3.981072e-06,0.000000e+00
4.500000e+00,1.692569e+00,1.692569e+00,0.000000e+00,3.981072e-06,0.000000e+00
4.666667e+00,1.692569e+00,1.692569e+00,0.000000e+00,3.981072e-06,0.000000e+00
4.833333e+00,1.692569e+00,1.692569e+00,0.000000e+00,3.981072e-06,0.000000e+00
5.000000e+00,1.692569e+00,1.692569e+00,0.000000e+00,3.981072e-06,0.000000e+00
5.166667e+00,1.692569e+00,1.692569e+00,0.000000e+00,3.981072e-06,0.000000e+00
5.333333e+00,1.692569e+00,1.692569e+00,0.000000e+00,3.981072e-06,0.000000e+00
5.500000e+00,2.393654e+00,1.692569e+00,0.000000e+00,3.981072e-06,2.031775e-05
5.666667e+00,2.931615e+00,1.692569e+00,0.000000e+00,3.981072e-06,1.622296e-05
5.833333e+00,3.385138e+00,1.692569e+00,0.000000e+00,3.981072e-06,1.295967e-05
6.000000e+00,4.145930e+00,1.692569e+00,0.000000e+00,3.981072e-06,2.071363e-05
6.166667e+00,4.145930e+00,1.692569e+00,0.000000e+00,3.981072e-06,0.000000e+00
6.333333e+00,4.145930e+00,1.692569e+00,0.000000e+00,3.981072e-06,0.000000e+00
6.500000e+00,4.145930e+00,1.692569e+00,0.000000e+00,3.981072e-06,0.000000e+00
6.666667e+00,4.478116e+00,1.692569e+00,0.000000e+00,3.981072e-06,4.231643e-06
6.833333e+00,4.787307e+00,1.692569e+00,0.000000e+00,3.981072e-06,3.384240e-06
7.000000e+00,4.787307e+00,1.692569e+00,0.000000e+00,3.981072e-06,0.000000e+00
7.166667e+00,4.787307e+00,1.692569e+00,0.000000e+00,3.981072e-06,0.000000e+00
7.333333e+00,4.787307e+00,1.692569e+00,0.000000e+00,3.981072e-06,0.000000e+00
7.500000e+00,5.077706e+00,1.692569e+00,0.000000e+00,3.981072e-06,1.384999e-06
7.666667e+00,5.077706e+00,1.692569e+00,0.000000e+00,3.981072e-06,0.000000e+00
7.833333e+00,5.352372e+00,1.692569e+00,0.000000e+00,3.981072e-06,8.862479e-07
8.000000e+00,5.863230e+00,1.692569e+00,0.000000e+00,3.981072e-06,1.418041e-06
8.166667e+00,6.555291e+00,1.692569e+00,0.000000e+00,3.981072e-06,1.701848e-06
8.333333e+00,6.555291e+00,1.692569e+00,0.000000e+00,3.981072e-06,0.000000e+00
8.500000e+00,6.770275e+00,1.692569e+00,0.000000e+00,3.981072e-06,3.631500e-07
8.666667e+00,7.377736e+00,1.692569e+00,0.000000e+00,3.981072e-06,8.718532e-07
8.833333e+00,7.756324e+00,2.393654e+00,0.000000e+00,3.981072e-06,4.651787e-07
9.000000e+00,8.291860e+00,2.931615e+00,0.000000e+00,3.981072e-06,5.585384e-07
9.166667e+00,8.630441e+00,3.784699e+00,0.000000e+00,3.981072e-06,2.980587e-07
9.333333e+00,8.956232e+00,4.145930e+00,0.000000e+00,3.981072e-06,2.386424e-07
9.500000e+00,9.270581e+00,4.478116e+00,0.000000e+00,3.981072e-06,1.911240e-07
9.666667e+00,9.574615e+00,4.478116e+00,0.000000e+00,3.981072e-06,1.531159e-07
9.833333e+00,1.015541e+01,4.478116e+00,0.000000e+00,3.981072e-06,2.454462e-07
1.000000e+01,1.043369e+01,4.787307e+00,0.000000e+00,3.981072e-06,9.840796e-08
1.016667e+01,1.070474e+01,5.077706e+00,0.000000e+00,3.981072e-06,7.896100e-08
1.033333e+01,1.109892e+01,5.077706e+00,0.000000e+00,3.981072e-06,9.511354e-08
1.050000e+01,1.122723e+01,5.352372e+00,0.000000e+00,3.981072e-06,2.548052e-08
1.066667e+01,1.184798e+01,5.352372e+00,0.000000e+00,3.981072e-06,1.025303e-07
1.083333e+01,1.208736e+01,5.613615e+00,0.000000e+00,3.981072e-06,3.305048e-08
1.100000e+01,1.232209e+01,5.613615e+00,0.000000e+00,3.981072e-06,2.668214e-08
1.116667e+01,1.255243e+01,5.863230e+00,0.000000e+00,3.981072e-06,2.158777e-08
1.133333e+01,1.266602e+01,6.102643e+00,0.000000e+00,3.981072e-06,8.755742e-09
1.150000e+01,1.321938e+01,6.555291e+00,0.000000e+00,3.981072e-06,3.562994e-08
1.166667e+01,1.343435e+01,7.377736e+00,0.000000e+00,3.981072e-06,1.164188e-08
1.183333e+01,1.395728e+01,7.938851e+00,0.000000e+00,3.981072e-06,2.388367e-08
1.200000e+01,1.426184e+01,8.794845e+00,0.000000e+00,3.981072e-06,1.182016e-08
1.216667e+01,1.456003e+01,8.956232e+00,0.000000e+00,3.981072e-06,9.808972e-09
1.233333e+01,1.475547e+01,9.114762e+00,0.000000e+00,3.981072e-06,5.464018e-09
1.250000e+01,1.513880e+01,9.114762e+00,0.000000e+00,3.981072e-06,9.202599e-09
1.266667e+01,1.560471e+01,9.270581e+00,0.000000e+00,3.981072e-06,9.768654e-09
1.283333e+01,1.623455e+01,9.574615e+00,0.000000e+00,3.981072e-06,1.172239e-08
1.300000e+01,1.666987e+01,9.723067e+00,0.000000e+00,3.981072e-06,7.246963e-09
1.316667e+01,1.692569e+01,9.869287e+00,0.000000e+00,3.981072e-06,3.801518e-09
1.333333e+01,1.717770e+01,1.029549e+01,0.000000e+00,3.981072e-06,3.358213e-09
1.350000e+01,1.750807e+01,1.057009e+01,0.000000e+00,3.981072e-06,3.996835e-09
1.366667e+01,1.791246e+01,1.083773e+01,0.000000e+00,3.981072e-06,4.505542e-09
1.383333e+01,1.838600e+01,1.109892e+01,0.000000e+00,3.981072e-06,4.924473e-09
1.400000e+01,1.877150e+01,1.135410e+01,0.000000e+00,3.981072e-06,3.773019e-09
1.416667e+01,1.914923e+01,1.184798e+01,0.000000e+00,3.981072e-06,3.499998e-09
1.433333e+01,1.951966e+01,1.184798e+01,0.000000e+00,3.981072e-06,3.273800e-09
1.450000e+01,1.981101e+01,1.196827e+01,1.692569e+00,3.981072e-06,2.466320e-09
1.466667e+01,2.024018e+01,1.220529e+01,1.692569e+00,3.981072e-06,3.508327e-09
1.483333e+01,2.086739e+01,1.255243e+01,1.692569e+00,3.981072e-06,5.736269e-09
1.500000e+01,2.114018e+01,1.289022e+01,1.692569e+00,3.981072e-06,2.773186e-09
1.516667e+01,2.160927e+01,1.343435e+01,1.692569e+00,3.981072e-06,5.266164e-09
1.533333e+01,2.187281e+01,1.354055e+01,1.692569e+00,3.981072e-06,3.253960e-09
1.550000e+01,2.200339e+01,1.375049e+01,1.692569e+00,3.981072e-06,1.751243e-09
1.566667e+01,2.232652e+01,1.395728e+01,1.692569e+00,3.981072e-06,4.685141e-09
1.583333e+01,2.258168e+01,1.426184e+01,1.692569e+00,3.981072e-06,3.980089e-09
1.600000e+01,2.295912e+01,1.446131e+01,1.692569e+00,3.981072e-06,6.278197e-09
1.616667e+01,2.333045e+01,1.465808e+01,1.692569e+00,3.981072e-06,6.521851e-09
1.633333e+01,2.369596e+01,1.485223e+01,1.692569e+00,3.981072e-06,6.675047e-09
1.650000e+01,2.405592e+01,1.523312e+01,1.692569e+00,3.981072e-06,6.710714e-09
1.666667e+01,2.405592e+01,1.542004e+01,1.692569e+00,3.981072e-06,0.000000e+00
1.683333e+01,2.458598e+01,1.560471e+01,1.692569e+00,3.981072e-06,9.562120e-09
1.700000e+01,2.481793e+01,1.587770e+01,1.692569e+00,3.981072e-06,4.008497e-09
1.716667e+01,2.516184e+01,1.605712e+01,1.692569e+00,3.981072e-06,5.552270e-09
1.733333e+01,2.521871e+01,1.649712e+01,1.692569e+00,3.981072e-06,8.378372e-10
1.750000e+01,2.561321e+01,1.666987e+01,1.692569e+00,3.981072e-06,5.222382e-09
1.766667e+01,2.605676e+01,1.684085e+01,2.393654e+00,3.981072e-06,5.242777e-09
1.783333e+01,2.627573e+01,1.717770e+01,2.393654e+00,3.981072e-06,2.278935e-09
1.800000e+01,2.665460e+01,1.750807e+01,2.393654e+00,3.981072e-06,3.588141e-09
1.816667e+01,2.697511e+01,1.807169e+01,2.393654e+00,3.981072e-06,2.734478e-09
1.833333e+01,2.734429e+01,1.822952e+01,2.393654e+00,3.981072e-06,2.812154e-09
1.850000e+01,2.765680e+01,1.830793e+01,2.393654e+00,3.981072e-06,2.112725e-09
1.866667e+01,2.791456e+01,1.884765e+01,2.393654e+00,3.981072e-06,1.538455e-09
1.883333e+01,2.806808e+01,1.914923e+01,2.393654e+00,3.981072e-06,8.058353e-10
1.900000e+01,2.816996e+01,1.959290e+01,2.931615e+00,3.981072e-06,4.692207e-10
1.916667e+01,2.842306e+01,1.973857e+01,2.931615e+00,3.981072e-06,1.026696e-09
1.933333e+01,2.867393e+01,1.981101e+01,3.385138e+00,3.981072e-06,9.196018e-10
1.950000e+01,2.882341e+01,2.002674e+01,3.385138e+00,3.981072e-06,4.931522e-10
1.966667e+01,2.907082e+01,2.016928e+01,3.784699e+00,3.981072e-06,7.573708e-10
1.983333e+01,2.941371e+01,2.024018e+01,3.784699e+00,3.981072e-06,9.706939e-10
2.000000e+01,2.965620e+01,2.045139e+01,3.784699e+00,3.981072e-06,6.484364e-10
2.016667e+01,2.989672e+01,2.086739e+01,3.784699e+00,3.981072e-06,6.001463e-10
2.033333e+01,3.008776e+01,2.114018e+01,3.784699e+00,3.981072e-06,4.403706e-10
2.050000e+01,3.027759e+01,2.154288e+01,3.784699e+00,3.981072e-06,4.008559e-10
2.066667e+01,3.051322e+01,2.167546e+01,4.145930e+00,3.981072e-06,4.534597e-10
2.083333e+01,3.065372e+01,2.180722e+01,4.478116e+00,3.981072e-06,2.446908e-10
2.100000e+01,3.074704e+01,2.213321e+01,4.478116e+00,3.981072e-06,1.482827e-10
2.116667e+01,3.111750e+01,2.251816e+01,4.787307e+00,3.981072e-06,5.395006e-10
2.133333e+01,3.139247e+01,2.295912e+01,5.352372e+00,3.981072e-06,3.665125e-10
2.150000e+01,3.166506e+01,2.314553e+01,5.863230e+00,3.981072e-06,3.343089e-10
2.166667e+01,3.198014e+01,2.333045e+01,6.102643e+00,3.981072e-06,3.625547e-10
2.183333e+01,3.220332e+01,2.339177e+01,6.555291e+00,3.981072e-06,2.427559e-10
2.200000e+01,3.246910e+01,2.387662e+01,6.978640e+00,3.981072e-06,2.730528e-10
2.216667e+01,3.282013e+01,2.417472e+01,7.377736e+00,3.981072e-06,3.447026e-10
2.233333e+01,3.316744e+01,2.423390e+01,7.569398e+00,3.981072e-06,3.269149e-10
2.250000e+01,3.338267e+01,2.452765e+01,7.756324e+00,3.981072e-06,1.939658e-10
2.266667e+01,3.363914e+01,2.476015e+01,7.938851e+00,3.981072e-06,2.200788e-10
2.283333e+01,3.393590e+01,2.516184e+01,7.938851e+00,3.981072e-06,2.417214e-10
2.300000e+01,3.423008e+01,2.533205e+01,8.291860e+00,3.981072e-06,2.279007e-10
2.316667e+01,3.443868e+01,2.561321e+01,8.462844e+00,3.981072e-06,1.526085e-10
2.333333e+01,3.464602e+01,2.594659e+01,9.270581e+00,3.981072e-06,1.433564e-10
2.350000e+01,3.493423e+01,2.605676e+01,9.423824e+00,3.981072e-06,1.888358e-10
2.366667e+01,3.501613e+01,2.633019e+01,9.869287e+00,3.981072e-06,5.179332e-11
2.383333e+01,3.530132e+01,2.660081e+01,1.057009e+01,3.981072e-06,1.735102e-10
2.400000e+01,3.558422e+01,2.697511e+01,1.083773e+01,3.981072e-06,1.672910e-10
2.416667e+01,3.602429e+01,2.729185e+01,1.109892e+01,3.981072e-06,2.564343e-10
2.433333e+01,3.634099e+01,2.739662e+01,1.109892e+01,3.981072e-06,1.819097e-10
2.450000e+01,3.661586e+01,2.770854e+01,1.135410e+01,3.981072e-06,1.543638e-10
2.466667e+01,3.700499e+01,2.781174e+01,1.160367e+01,3.981072e-06,2.120921e-10
2.483333e+01,3.739007e+01,2.801700e+01,1.172646e+01,3.981072e-06,2.039237e-10
2.500000e+01,3.784699e+01,2.842306e+01,1.208736e+01,3.981072e-06,2.354293e-10
2.516667e+01,3.818609e+01,2.882341e+01,1.220529e+01,3.981072e-06,1.691779e-10
2.533333e+01,3.855938e+01,2.907082e+01,1.255243e+01,3.981072e-06,1.802365e-10
2.550000e+01,3.892908e+01,2.936497e+01,1.266602e+01,3.981072e-06,1.716486e-10
2.566667e+01,3.958585e+01,2.970446e+01,1.300087e+01,3.981072e-06,2.954729e-10
2.583333e+01,3.998190e+01,3.037206e+01,1.343435e+01,3.981072e-06,1.721884e-10
2.600000e+01,4.040953e+01,3.060696e+01,1.395728e+01,3.981072e-06,1.793830e-10
2.616667e+01,4.062165e+01,3.079359e+01,1.475547e+01,3.981072e-06,8.577711e-11
2.633333e+01,4.093778e+01,3.084007e+01,1.494836e+01,3.981072e-06,1.240995e-10
2.650000e+01,4.121674e+01,3.107143e+01,1.523312e+01,3.981072e-06,1.074748e-10
2.666667e+01,4.173478e+01,3.143807e+01,1.542004e+01,3.981072e-06,1.960446e-10
2.683333e+01,4.207659e+01,3.161979e+01,1.578723e+01,3.981072e-06,1.267160e-10
2.700000e+01,4.234806e+01,3.189044e+01,1.605712e+01,3.981072e-06,9.816420e-11
2.716667e+01,4.268496e+01,3.220332e+01,1.641006e+01,3.981072e-06,1.192180e-10
2.733333e+01,4.278551e+01,3.268893e+01,1.684085e+01,3.981072e-06,3.470336e-11
2.750000e+01,4.308577e+01,3.308095e+01,1.734367e+01,3.981072e-06,1.013305e-10
2.766667e+01,4.354871e+01,3.329675e+01,1.758969e+01,3.981072e-06,1.540595e-10
2.783333e+01,4.394164e+01,3.363914e+01,1.775181e+01,3.981072e-06,1.298026e-10
2.800000e+01,4.442791e+01,3.376664e+01,1.807169e+01,3.981072e-06,1.592200e-10
2.816667e+01,4.484509e+01,3.423008e+01,1.838600e+01,3.981072e-06,1.348089e-10
2.833333e+01,4.535326e+01,3.448025e+01,1.869503e+01,3.981072e-06,1.621657e-10
2.850000e+01,4.566800e+01,3.489320e+01,1.907428e+01,3.981072e-06,9.922702e-11
2.866667e+01,4.598059e+01,3.517938e+01,1.937233e+01,3.981072e-06,9.733768e-11
2.883333e+01,4.629106e+01,3.534187e+01,1.966587e+01,3.981072e-06,9.567044e-11
2.900000e+01,4.653795e+01,3.586489e+01,1.966587e+01,3.981072e-06,7.533846e-11
2.916667e+01,4.681414e+01,3.614338e+01,2.009814e+01,3.981072e-06,8.358778e-11
2.933333e+01,4.711912e+01,3.653754e+01,2.031083e+01,3.981072e-06,9.068742e-11
2.950000e+01,4.754281e+01,3.681094e+01,2.072965e+01,3.981072e-06,1.246572e-10
2.966667e+01,4.796275e+01,3.735174e+01,2.086739e+01,3.981072e-06,1.222150e-10
2.983333e+01,4.840865e+01,3.765728e+01,2.134248e+01,3.981072e-06,1.287890e-10
3.000000e+01,4.885048e+01,3.796036e+01,2.154288e+01,3.981072e-06,1.261726e-10
3.016667e+01,4.911367e+01,3.841050e+01,2.160927e+01,3.981072e-06,7.456174e-11
3.033333e+01,4.940446e+01,3.859651e+01,2.193820e+01,3.981072e-06,8.153660e-11
3.050000e+01,4.975116e+01,3.885542e+01,2.206840e+01,3.981072e-06,9.579071e-11
3.066667e+01,5.000961e+01,3.922234e+01,2.226227e+01,3.981072e-06,7.050154e-11
3.083333e+01,5.032369e+01,3.962202e+01,2.245446e+01,3.981072e-06,8.445976e-11
3.100000e+01,5.072061e+01,4.016063e+01,2.277118e+01,3.981072e-06,1.049203e-10
3.116667e+01,5.097415e+01,4.062165e+01,2.357475e+01,3.981072e-06,6.588267e-11
3.133333e+01,5.119846e+01,4.090277e+01,2.375633e+01,3.981072e-06,5.731532e-11
3.150000e+01,5.153309e+01,4.107750e+01,2.411539e+01,3.981072e-06,8.534125e-11
3.166667e+01,5.192077e+01,4.139014e+01,2.446918e+01,3.981072e-06,9.883686e-11
3.183333e+01,5.225078e+01,4.166608e+01,2.487558e+01,3.981072e-06,8.441411e-11
3.200000e+01,5.274192e+01,4.194020e+01,2.516184e+01,3.981072e-06,1.263590e-10
3.216667e+01,5.301281e+01,4.231422e+01,2.561321e+01,3.981072e-06,7.037463e-11
3.233333e+01,5.336291e+01,4.265139e+01,2.594659e+01,3.981072e-06,9.177551e-11
3.250000e+01,5.368405e+01,4.305251e+01,2.611168e+01,3.981072e-06,8.543541e-11
3.266667e+01,5.389709e+01,4.335091e+01,2.649289e+01,3.981072e-06,5.743674e-11
3.283333e+01,5.418864e+01,4.371286e+01,2.676186e+01,3.981072e-06,7.949126e-11
3.300000e+01,5.466237e+01,4.397423e+01,2.702816e+01,3.981072e-06,1.312658e-10
3.316667e+01,5.500197e+01,4.423405e+01,2.734429e+01,3.981072e-06,9.552795e-11
3.333333e+01,5.528770e+01,4.465303e+01,2.770854e+01,3.981072e-06,8.149188e-11
3.350000e+01,5.562349e+01,4.497267e+01,2.806808e+01,3.981072e-06,9.712666e-11
3.366667e+01,5.590604e+01,4.535326e+01,2.816996e+01,3.981072e-06,8.311219e-11
3.383333e+01,5.623813e+01,4.569936e+01,2.842306e+01,3.981072e-06,9.956741e-11
3.400000e+01,5.669474e+01,4.610503e+01,2.857385e+01,3.981072e-06,1.389788e-10
3.416667e+01,5.679571e+01,4.653795e+01,2.867393e+01,3.981072e-06,3.111855e-11
3.433333e+01,5.724787e+01,4.687529e+01,2.892263e+01,3.981072e-06,1.403873e-10
3.450000e+01,5.752244e+01,4.714951e+01,2.902151e+01,3.981072e-06,8.554201e-11
3.466667e+01,5.777092e+01,4.769321e+01,2.946237e+01,3.981072e-06,7.736946e-11
3.483333e+01,5.811700e+01,4.793288e+01,2.965620e+01,3.981072e-06,1.072370e-10
3.500000e+01,5.836295e+01,4.823079e+01,2.980075e+01,3.981072e-06,7.628111e-11
3.516667e+01,5.865673e+01,4.864479e+01,2.999239e+01,3.981072e-06,9.083447e-11
3.533333e+01,5.902189e+01,4.887979e+01,3.027759e+01,3.981072e-06,1.122249e-10
3.550000e+01,5.945712e+01,4.923019e+01,3.060696e+01,3.981072e-06,1.329490e-10
3.566667e+01,5.979345e+01,4.952029e+01,3.088648e+01,3.981072e-06,1.020450e-10
3.583333e+01,6.027066e+01,4.977994e+01,3.111750e+01,3.981072e-06,1.441457e-10
3.600000e+01,6.057883e+01,5.015261e+01,3.148360e+01,3.981072e-06,9.264088e-11
3.616667e+01,6.093248e+01,5.049418e+01,3.161979e+01,3.981072e-06,1.052936e-10
3.633333e+01,6.133081e+01,5.086162e+01,3.206960e+01,3.981072e-06,1.180041e-10
3.650000e+01,6.161043e+01,5.125438e+01,3.242495e+01,3.981072e-06,8.205427e-11
3.666667e+01,6.191193e+01,5.153309e+01,3.273272e+01,3.981072e-06,8.809101e-11
3.683333e+01,6.216591e+01,5.200347e+01,3.316744e+01,3.981072e-06,7.395168e-11
3.700000e+01,6.232699e+01,5.241500e+01,3.333974e+01,3.981072e-06,4.667767e-11
3.716667e+01,6.262504e+01,5.274192e+01,3.355387e+01,3.981072e-06,8.602891e-11
3.733333e+01,6.301268e+01,5.314774e+01,3.380903e+01,3.981072e-06,1.110377e-10
3.750000e+01,6.335274e+01,5.341657e+01,3.406229e+01,3.981072e-06,9.646163e-11
3.766667e+01,6.369098e+01,5.365737e+01,3.427191e+01,3.981072e-06,9.479144e-11
3.783333e+01,6.400506e+01,5.397676e+01,3.456323e+01,3.981072e-06,8.668865e-11
3.800000e+01,6.422847e+01,5.432065e+01,3.472861e+01,3.981072e-06,6.044097e-11
3.816667e+01,6.456212e+01,5.460994e+01,3.509785e+01,3.981072e-06,8.852764e-11
3.833333e+01,6.478361e+01,5.481937e+01,3.530132e+01,3.981072e-06,5.746681e-11
3.850000e+01,6.502637e+01,5.510605e+01,3.570478e+01,3.981072e-06,6.165824e-11
3.866667e+01,6.531210e+01,5.523586e+01,3.614338e+01,3.981072e-06,7.081609e-11
3.883333e+01,6.553105e+01,5.564923e+01,3.649831e+01,3.981072e-06,5.306399e-11
3.900000e+01,6.581460e+01,5.616167e+01,3.673303e+01,3.981072e-06,6.737674e-11
3.916667e+01,6.603188e+01,5.651761e+01,3.719803e+01,3.981072e-06,5.072452e-11
3.933333e+01,6.644276e+01,5.682092e+01,3.750482e+01,3.981072e-06,9.413702e-11
3.950000e+01,6.667948e+01,5.692167e+01,3.769530e+01,3.981072e-06,5.341221e-11
3.966667e+01,6.708639e+01,5.739780e+01,3.829846e+01,3.981072e-06,9.047890e-11
3.983333e+01,6.740590e+01,5.777092e+01,3.881854e+01,3.981072e-06,6.995850e-11
4.000000e+01,6.770275e+01,5.814165e+01,3.922234e+01,3.981072e-06,6.443890e-11
4.016667e+01,6.804042e+01,5.855897e+01,3.958585e+01,3.981072e-06,7.292117e-11
4.033333e+01,6.831355e+01,5.892473e+01,4.005349e+01,3.981072e-06,5.881870e-11
4.050000e+01,6.864822e+01,5.916732e+01,4.026749e+01,3.981072e-06,7.185948e-11
4.066667e+01,6.898126e+01,5.948121e+01,4.065690e+01,3.981072e-06,7.123157e-11
4.083333e+01,6.931271e+01,5.974552e+01,4.097275e+01,3.981072e-06,7.029477e-11
4.100000e+01,6.964257e+01,6.000866e+01,4.149383e+01,3.981072e-06,6.938695e-11
4.116667e+01,6.999135e+01,6.034192e+01,4.180336e+01,3.981072e-06,7.275075e-11
4.133333e+01,7.033840e+01,6.076770e+01,4.224646e+01,3.981072e-06,7.204530e-11
4.150000e+01,7.056205e+01,6.104990e+01,4.255052e+01,3.981072e-06,4.615212e-11
4.166667e+01,7.086590e+01,6.142416e+01,4.285242e+01,3.981072e-06,6.244163e-11
4.183333e+01,7.102741e+01,6.172657e+01,4.305251e+01,3.981072e-06,3.303103e-11
4.200000e+01,7.140955e+01,6.216591e+01,4.325167e+01,3.981072e-06,7.767119e-11
4.216667e+01,7.192919e+01,6.251058e+01,4.384374e+01,3.981072e-06,1.050358e-10
4.233333e+01,7.218761e+01,6.271647e+01,4.413679e+01,3.981072e-06,5.172884e-11
4.250000e+01,7.252415e+01,6.287614e+01,4.436339e+01,3.981072e-06,6.701673e-11
4.266667e+01,7.280013e+01,6.323959e+01,4.474916e+01,3.981072e-06,5.463268e-11
4.283333e+01,7.319259e+01,6.351081e+01,4.506812e+01,3.981072e-06,7.720102e-11
4.300000e+01,7.362188e+01,6.380333e+01,4.535326e+01,3.981072e-06,8.415490e-11
4.316667e+01,7.410668e+01,6.425077e+01,4.579329e+01,3.981072e-06,9.470691e-11
4.333333e+01,7.439605e+01,6.456212e+01,4.610503e+01,3.981072e-06,5.625197e-11
4.350000e+01,7.483757e+01,6.480571e+01,4.647635e+01,3.981072e-06,8.565060e-11
4.366667e+01,7.516225e+01,6.509242e+01,4.675290e+01,3.981072e-06,6.287370e-11
4.383333e+01,7.540959e+01,6.533403e+01,4.702783e+01,3.981072e-06,4.783018e-11
4.400000e+01,7.582632e+01,6.555291e+01,4.754281e+01,3.981072e-06,8.040319e-11
4.416667e+01,7.616559e+01,6.577105e+01,4.769321e+01,3.981072e-06,6.528851e-11
4.433333e+01,7.652208e+01,6.609692e+01,4.802244e+01,3.981072e-06,6.875237e-11
4.450000e+01,7.682100e+01,6.637805e+01,4.823079e+01,3.981072e-06,5.756241e-11
4.466667e+01,7.723011e+01,6.670095e+01,4.864479e+01,3.981072e-06,7.874339e-11
4.483333e+01,7.769241e+01,6.706503e+01,4.890909e+01,3.981072e-06,8.883189e-11
4.500000e+01,7.811530e+01,6.736339e+01,4.925928e+01,3.981072e-06,8.128657e-11
4.516667e+01,7.846293e+01,6.761807e+01,4.977994e+01,3.981072e-06,6.676506e-11
4.533333e+01,7.880903e+01,6.789290e+01,5.015261e+01,3.981072e-06,6.637865e-11
4.550000e+01,7.909930e+01,6.833452e+01,5.049418e+01,3.981072e-06,5.582940e-11
4.566667e+01,7.938851e+01,6.856470e+01,5.077706e+01,3.981072e-06,5.581847e-11
4.583333e+01,7.969465e+01,6.881494e+01,5.105838e+01,3.981072e-06,5.930926e-11
4.600000e+01,8.005331e+01,6.902278e+01,5.136605e+01,3.981072e-06,6.972499e-11
4.616667e+01,8.035692e+01,6.949845e+01,5.153309e+01,3.981072e-06,5.911578e-11
4.633333e+01,8.062386e+01,6.982744e+01,5.197592e+01,3.981072e-06,5.197268e-11
4.650000e+01,8.090762e+01,7.011403e+01,5.249692e+01,3.981072e-06,5.504705e-11
4.666667e+01,8.133141e+01,7.027728e+01,5.282333e+01,3.981072e-06,8.230534e-11
4.683333e+01,8.170042e+01,7.066348e+01,5.320161e+01,3.981072e-06,7.211458e-11
4.700000e+01,8.192802e+01,7.096689e+01,5.344338e+01,3.981072e-06,4.464048e-11
4.716667e+01,8.217243e+01,7.126900e+01,5.365737e+01,3.981072e-06,4.807657e-11
4.733333e+01,8.257238e+01,7.172978e+01,5.405631e+01,3.981072e-06,7.885201e-11
4.750000e+01,8.286676e+01,7.204858e+01,5.424148e+01,3.981072e-06,5.808496e-11
4.766667e+01,8.331497e+01,7.242533e+01,5.460994e+01,3.981072e-06,8.878168e-11
4.783333e+01,8.362386e+01,7.276077e+01,5.494986e+01,3.981072e-06,6.125375e-11
4.800000e+01,8.393162e+01,7.311427e+01,5.533949e+01,3.981072e-06,6.102706e-11
4.816667e+01,8.428924e+01,7.340755e+01,5.557196e+01,3.981072e-06,7.095949e-11
4.833333e+01,8.464536e+01,7.360242e+01,5.590604e+01,3.981072e-06,7.077901e-11
4.850000e+01,8.491569e+01,7.395189e+01,5.623813e+01,3.981072e-06,5.367609e-11
4.866667e+01,8.531957e+01,7.418396e+01,5.659359e+01,3.981072e-06,8.026905e-11
4.883333e+01,8.557103e+01,7.462674e+01,5.704735e+01,3.981072e-06,5.006084e-11
4.900000e+01,8.580506e+01,7.491409e+01,5.734787e+01,3.981072e-06,4.665004e-11
4.916667e+01,8.615491e+01,7.523844e+01,5.757222e+01,3.981072e-06,7.011414e-11
4.933333e+01,8.640394e+01,7.558035e+01,5.782049e+01,3.981072e-06,5.017279e-11
4.950000e+01,8.675137e+01,7.590185e+01,5.816628e+01,3.981072e-06,7.028358e-11
4.966667e+01,8.711387e+01,7.625957e+01,5.836295e+01,3.981072e-06,7.351736e-11
4.983333e+01,8.747486e+01,7.655951e+01,5.860787e+01,3.981072e-06,7.355500e-11
5.000000e+01,8.772014e+01,7.693279e+01,5.894904e+01,3.981072e-06,5.001455e-11
5.016667e+01,8.793216e+01,7.713732e+01,5.936068e+01,3.981072e-06,4.321580e-11
5.033333e+01,8.825736e+01,7.748934e+01,5.962552e+01,3.981072e-06,6.632346e-11
5.050000e+01,8.848428e+01,7.772927e+01,5.981740e+01,3.981072e-06,4.643685e-11
5.066667e+01,8.879132e+01,7.807862e+01,6.010407e+01,3.981072e-06,6.295260e-11
5.083333e+01,8.912946e+01,7.835332e+01,6.055518e+01,3.981072e-06,6.926797e-11
5.100000e+01,8.946631e+01,7.868169e+01,6.100296e+01,3.981072e-06,6.897952e-11
5.116667e+01,8.976999e+01,7.895430e+01,6.114368e+01,3.981072e-06,6.232495e-11
5.133333e+01,9.012035e+01,7.929825e+01,6.142416e+01,3.981072e-06,7.236591e-11
5.150000e+01,9.037430e+01,7.955073e+01,6.177296e+01,3.981072e-06,5.253346e-11
5.166667e+01,9.067494e+01,7.976651e+01,6.225801e+01,3.981072e-06,6.222808e-11
5.183333e+01,9.099033e+01,7.999962e+01,6.248766e+01,3.981072e-06,6.543112e-11
5.200000e+01,9.141438e+01,8.037474e+01,6.271647e+01,3.981072e-06,8.871802e-11
5.216667e+01,9.163349e+01,8.073038e+01,6.294444e+01,3.981072e-06,4.609442e-11
5.233333e+01,9.189885e+01,8.108447e+01,6.310354e+01,3.981072e-06,5.596805e-11
5.250000e+01,9.224111e+01,8.138423e+01,6.344311e+01,3.981072e-06,7.223431e-11
5.266667e+01,9.256665e+01,8.187555e+01,6.364599e+01,3.981072e-06,6.844106e-11
5.283333e+01,9.289104e+01,8.224212e+01,6.384822e+01,3.981072e-06,6.792736e-11
5.300000e+01,9.318356e+01,8.260707e+01,6.409452e+01,3.981072e-06,6.073659e-11
5.316667e+01,9.356706e+01,8.298767e+01,6.438439e+01,3.981072e-06,7.879532e-11
5.333333e+01,9.393375e+01,8.322896e+01,6.491613e+01,3.981072e-06,7.447298e-11
5.350000e+01,9.423824e+01,8.352102e+01,6.515840e+01,3.981072e-06,6.113304e-11
5.366667e+01,9.460233e+01,8.374368e+01,6.546544e+01,3.981072e-06,7.267895e-11
5.383333e+01,9.485938e+01,8.408507e+01,6.570568e+01,3.981072e-06,5.097089e-11
5.400000e+01,9.532634e+01,8.430624e+01,6.603188e+01,3.981072e-06,9.209315e-11
5.416667e+01,9.571622e+01,8.454377e+01,6.646431e+01,3.981072e-06,7.642684e-11
5.433333e+01,9.601506e+01,8.489882e+01,6.670095e+01,3.981072e-06,5.815771e-11
5.450000e+01,9.625345e+01,8.520197e+01,6.689395e+01,3.981072e-06,4.619605e-11
5.466667e+01,9.652095e+01,8.555429e+01,6.723568e+01,3.981072e-06,5.157214e-11
5.483333e+01,9.692081e+01,8.585512e+01,6.751207e+01,3.981072e-06,7.653706e-11
5.500000e+01,9.720120e+01,8.625461e+01,6.782957e+01,3.981072e-06,5.336799e-11
5.516667e+01,9.751018e+01,8.653646e+01,6.810355e+01,3.981072e-06,5.841250e-11
5.533333e+01,9.780353e+01,8.683389e+01,6.837643e+01,3.981072e-06,5.507290e-11
5.550000e+01,9.830022e+01,8.719604e+01,6.887736e+01,3.981072e-06,9.256719e-11
5.566667e+01,9.851855e+01,8.752397e+01,6.914718e+01,3.981072e-06,4.034803e-11
5.583333e+01,9.888137e+01,8.781806e+01,6.953966e+01,3.981072e-06,6.667996e-11
5.600000e+01,9.914177e+01,8.814368e+01,6.974533e+01,3.981072e-06,4.756289e-11
5.616667e+01,9.948792e+01,8.851665e+01,7.013446e+01,3.981072e-06,6.291049e-11
5.633333e+01,9.986156e+01,8.880745e+01,7.050113e+01,3.981072e-06,6.749303e-11
5.650000e+01,1.001909e+02,8.908123e+01,7.086590e+01,3.981072e-06,5.918860e-11
5.666667e+01,1.005762e+02,8.941826e+01,7.120868e+01,3.981072e-06,6.898614e-11
5.683333e+01,1.009458e+02,8.975403e+01,7.160986e+01,3.981072e-06,6.593360e-11
5.700000e+01,1.012433e+02,9.000902e+01,7.186943e+01,3.981072e-06,5.284108e-11
5.716667e+01,1.016387e+02,9.031088e+01,7.212806e+01,3.981072e-06,6.992398e-11
5.733333e+01,1.019202e+02,9.058011e+01,7.248464e+01,3.981072e-06,4.948487e-11
5.750000e+01,1.023549e+02,9.084854e+01,7.291809e+01,3.981072e-06,7.592791e-11
5.766667e+01,1.026484e+02,9.124186e+01,7.330992e+01,3.981072e-06,5.093789e-11
5.783333e+01,1.030245e+02,9.171162e+01,7.375794e+01,3.981072e-06,6.503181e-11
5.800000e+01,1.033438e+02,9.210125e+01,7.416465e+01,3.981072e-06,5.509257e-11
5.816667e+01,1.037311e+02,9.242727e+01,7.460754e+01,3.981072e-06,6.691459e-11
5.833333e+01,1.039656e+02,9.281390e+01,7.489497e+01,3.981072e-06,4.055741e-11
5.850000e+01,1.042271e+02,9.309128e+01,7.527651e+01,3.981072e-06,4.536118e-11
5.866667e+01,1.044878e+02,9.339851e+01,7.558035e+01,3.981072e-06,4.533091e-11
5.883333e+01,1.048846e+02,9.370474e+01,7.592072e+01,3.981072e-06,6.930401e-11
5.900000e+01,1.052255e+02,9.400997e+01,7.612797e+01,3.981072e-06,5.984181e-11
5.916667e+01,1.055653e+02,9.425344e+01,7.648463e+01,3.981072e-06,5.991936e-11
5.933333e+01,1.057686e+02,9.458719e+01,7.678369e+01,3.981072e-06,3.587969e-11
5.950000e+01,1.060121e+02,9.491976e+01,7.695141e+01,3.981072e-06,4.294716e-11
5.966667e+01,1.063224e+02,9.529628e+01,7.734132e+01,3.981072e-06,5.476324e-11
5.983333e+01,1.067124e+02,9.565634e+01,7.760017e+01,3.981072e-06,6.871696e-11
6.000000e+01,1.070341e+02,9.591057e+01,7.789495e+01,3.981072e-06,5.660436e-11
6.016667e+01,1.073414e+02,9.617902e+01,7.826186e+01,3.981072e-06,5.397173e-11
6.033333e+01,1.076346e+02,9.655063e+01,7.869990e+01,3.981072e-06,5.134266e-11
6.050000e+01,1.078340e+02,9.686167e+01,7.899057e+01,3.981072e-06,3.483435e-11
6.066667e+01,1.082715e+02,9.717173e+01,7.926211e+01,3.981072e-06,7.650004e-11
6.083333e+01,1.086017e+02,9.745140e+01,7.955073e+01,3.981072e-06,5.776642e-11
6.100000e+01,1.089441e+02,9.780353e+01,7.996380e+01,3.981072e-06,5.986017e-11
6.116667e+01,1.093247e+02,9.816899e+01,8.030342e+01,3.981072e-06,6.654129e-11
6.133333e+01,1.097432e+02,9.846038e+01,8.062386e+01,3.981072e-06,7.334652e-11
6.150000e+01,1.100690e+02,9.889585e+01,8.103145e+01,3.981072e-06,5.726168e-11
6.166667e+01,1.102900e+02,9.928615e+01,8.141942e+01,3.981072e-06,3.892422e-11
6.183333e+01,1.105884e+02,9.957427e+01,8.177052e+01,3.981072e-06,5.275521e-11
6.200000e+01,1.109633e+02,9.989024e+01,8.220728e+01,3.981072e-06,6.672280e-11
6.216667e+01,1.113242e+02,1.001623e+02,8.236395e+01,3.981072e-06,6.462983e-11
6.233333e+01,1.116454e+02,1.005192e+02,8.276298e+01,3.981072e-06,5.800062e-11
6.250000e+01,1.119785e+02,1.008464e+02,8.316009e+01,3.981072e-06,6.041204e-11
6.266667e+01,1.122978e+02,1.012433e+02,8.353817e+01,3.981072e-06,5.829033e-11
6.283333e+01,1.125526e+02,1.014695e+02,8.377788e+01,3.981072e-06,4.682575e-11
6.300000e+01,1.129084e+02,1.017796e+02,8.401690e+01,3.981072e-06,6.597689e-11
6.316667e+01,1.132251e+02,1.020606e+02,8.434021e+01,3.981072e-06,5.913090e-11
6.333333e+01,1.136923e+02,1.024109e+02,8.452682e+01,3.981072e-06,8.763657e-11
6.350000e+01,1.140696e+02,1.027042e+02,8.483130e+01,3.981072e-06,7.114954e-11
6.366667e+01,1.143580e+02,1.029967e+02,8.506737e+01,3.981072e-06,5.435141e-11
6.383333e+01,1.147582e+02,1.033160e+02,8.526919e+01,3.981072e-06,7.533901e-11
6.400000e+01,1.150822e+02,1.035376e+02,8.567140e+01,3.981072e-06,6.089818e-11
6.416667e+01,1.154426e+02,1.038553e+02,8.588848e+01,3.981072e-06,6.748330e-11
6.433333e+01,1.158266e+02,1.041446e+02,8.627121e+01,3.981072e-06,7.184145e-11
6.450000e+01,1.160490e+02,1.044878e+02,8.656956e+01,3.981072e-06,4.143599e-11
6.466667e+01,1.164064e+02,1.048983e+02,8.699869e+01,3.981072e-06,6.649794e-11
6.483333e+01,1.168118e+02,1.052527e+02,8.731096e+01,3.981072e-06,7.534587e-11
6.500000e+01,1.172035e+02,1.054974e+02,8.763846e+01,3.981072e-06,7.290488e-11
6.516667e+01,1.174233e+02,1.059445e+02,8.796474e+01,3.981072e-06,4.090410e-11
6.533333e+01,1.176792e+02,1.063494e+02,8.812742e+01,3.981072e-06,4.762834e-11
6.550000e+01,1.180195e+02,1.065378e+02,8.840330e+01,3.981072e-06,6.333479e-11
6.566667e+01,1.183710e+02,1.069939e+02,8.864602e+01,3.981072e-06,6.527029e-11
6.583333e+01,1.187093e+02,1.073281e+02,8.904906e+01,3.981072e-06,6.266506e-11
6.600000e+01,1.190106e+02,1.075947e+02,8.937019e+01,3.981072e-06,5.552548e-11
6.616667e+01,1.193231e+02,1.078473e+02,8.962627e+01,3.981072e-06,5.746151e-11
6.633333e+01,1.195030e+02,1.080861e+02,8.997718e+01,3.981072e-06,3.297673e-11
6.650000e+01,1.198023e+02,1.083905e+02,9.040599e+01,3.981072e-06,5.466561e-11
6.666667e+01,1.201485e+02,1.086545e+02,9.062753e+01,3.981072e-06,6.317735e-11
6.683333e+01,1.204819e+02,1.089441e+02,9.105328e+01,3.981072e-06,6.093085e-11
6.700000e+01,1.207194e+02,1.093509e+02,9.128894e+01,3.981072e-06,4.336828e-11
6.716667e+01,1.211104e+02,1.096387e+02,9.144572e+01,3.981072e-06,7.142430e-11
6.733333e+01,1.213821e+02,1.100560e+02,9.178967e+01,3.981072e-06,4.957148e-11
6.750000e+01,1.216885e+02,1.104458e+02,9.213235e+01,3.981072e-06,5.560505e-11
6.766667e+01,1.220411e+02,1.107178e+02,9.245826e+01,3.981072e-06,6.375003e-11
6.783333e+01,1.223459e+02,1.109633e+02,9.286019e+01,3.981072e-06,5.490090e-11
6.800000e+01,1.226032e+02,1.112985e+02,9.316818e+01,3.981072e-06,4.619326e-11
6.816667e+01,1.230697e+02,1.115427e+02,9.352112e+01,3.981072e-06,8.375916e-11
6.833333e+01,1.233371e+02,1.119273e+02,9.387274e+01,3.981072e-06,4.793769e-11
6.850000e+01,1.236734e+02,1.121957e+02,9.423824e+01,3.981072e-06,6.024184e-11
6.866667e+01,1.240088e+02,1.125399e+02,9.473850e+01,3.981072e-06,6.012349e-11
6.883333e+01,1.243894e+02,1.129338e+02,9.508561e+01,3.981072e-06,6.832714e-11
6.900000e+01,1.247688e+02,1.132504e+02,9.540144e+01,3.981072e-06,6.849159e-11
6.916667e+01,1.250670e+02,1.134652e+02,9.564137e+01,3.981072e-06,5.407431e-11
6.933333e+01,1.253073e+02,1.138308e+02,9.591057e+01,3.981072e-06,4.376850e-11
6.950000e+01,1.256725e+02,1.141073e+02,9.622369e+01,3.981072e-06,6.675800e-11
6.966667e+01,1.259003e+02,1.144707e+02,9.643187e+01,3.981072e-06,4.171301e-11
6.983333e+01,1.263205e+02,1.148829e+02,9.680250e+01,3.981072e-06,7.715014e-11
7.000000e+01,1.266376e+02,1.152191e+02,9.708324e+01,3.981072e-06,5.820546e-11
7.016667e+01,1.269201e+02,1.156410e+02,9.736317e+01,3.981072e-06,5.181211e-11
7.033333e+01,1.273032e+02,1.160243e+02,9.768629e+01,3.981072e-06,7.025938e-11
7.050000e+01,1.275393e+02,1.164310e+02,9.806680e+01,3.981072e-06,4.318639e-11
7.066667e+01,1.278758e+02,1.167872e+02,9.832936e+01,3.981072e-06,6.142612e-11
7.083333e+01,1.283565e+02,1.171546e+02,9.869287e+01,3.981072e-06,8.779955e-11
7.100000e+01,1.286909e+02,1.174965e+02,9.914177e+01,3.981072e-06,6.100522e-11
7.116667e+01,1.291021e+02,1.178495e+02,9.938708e+01,3.981072e-06,7.502270e-11
7.133333e+01,1.294234e+02,1.181408e+02,9.961741e+01,3.981072e-06,5.880198e-11
7.150000e+01,1.297329e+02,1.185161e+02,9.999057e+01,3.981072e-06,5.669553e-11
7.166667e+01,1.300637e+02,1.188420e+02,1.002052e+02,3.981072e-06,6.060542e-11
7.183333e+01,1.304706e+02,1.191429e+02,1.005619e+02,3.981072e-06,7.463573e-11
7.200000e+01,1.308105e+02,1.194191e+02,1.010025e+02,3.981072e-06,6.229779e-11
7.216667e+01,1.310949e+02,1.197545e+02,1.012292e+02,3.981072e-06,5.208453e-11
7.233333e+01,1.315530e+02,1.199815e+02,1.014977e+02,3.981072e-06,8.413772e-11
7.250000e+01,1.319010e+02,1.203153e+02,1.018077e+02,3.981072e-06,6.400762e-11
7.266667e+01,1.321071e+02,1.206126e+02,1.021588e+02,3.981072e-06,3.790357e-11
7.283333e+01,1.325077e+02,1.209091e+02,1.025088e+02,3.981072e-06,7.363214e-11
7.300000e+01,1.328316e+02,1.212758e+02,1.028436e+02,3.981072e-06,5.960134e-11
7.316667e+01,1.331762e+02,1.216650e+02,1.031218e+02,3.981072e-06,6.355730e-11
7.333333e+01,1.334234e+02,1.220411e+02,1.035515e+02,3.981072e-06,4.569862e-11
7.350000e+01,1.338093e+02,1.224980e+02,1.038415e+02,3.981072e-06,7.144226e-11
7.366667e+01,1.341835e+02,1.228133e+02,1.041858e+02,3.981072e-06,6.946111e-11
7.383333e+01,1.345246e+02,1.231046e+02,1.045290e+02,3.981072e-06,6.347392e-11
7.400000e+01,1.348012e+02,1.234879e+02,1.048163e+02,3.981072e-06,5.157781e-11
7.416667e+01,1.350984e+02,1.237429e+02,1.050348e+02,3.981072e-06,5.552345e-11
7.433333e+01,1.354372e+02,1.240319e+02,1.054023e+02,3.981072e-06,6.339638e-11
7.450000e+01,1.356803e+02,1.243549e+02,1.057551e+02,3.981072e-06,4.539248e-11
7.466667e+01,1.360282e+02,1.246999e+02,1.060256e+02,3.981072e-06,6.502745e-11
7.483333e+01,1.363753e+02,1.249982e+02,1.062685e+02,3.981072e-06,6.499634e-11
7.500000e+01,1.367214e+02,1.253073e+02,1.066990e+02,3.981072e-06,6.486794e-11
7.516667e+01,1.370981e+02,1.257067e+02,1.071812e+02,3.981072e-06,7.043789e-11
7.533333e+01,1.374320e+02,1.261390e+02,1.074215e+02,3.981072e-06,6.242509e-11
7.550000e+01,1.377859e+02,1.264905e+02,1.077144e+02,3.981072e-06,6.629180e-11
7.566667e+01,1.381078e+02,1.268975e+02,1.080729e+02,3.981072e-06,6.021260e-11
7.583333e+01,1.385220e+02,1.272019e+02,1.084301e+02,3.981072e-06,7.731233e-11
7.600000e+01,1.389763e+02,1.274269e+02,1.087467e+02,3.981072e-06,8.470607e-11
7.616667e+01,1.393879e+02,1.278310e+02,1.091280e+02,3.981072e-06,7.673128e-11
7.633333e+01,1.397779e+02,1.280213e+02,1.094164e+02,3.981072e-06,7.265168e-11
7.650000e+01,1.400032e+02,1.283565e+02,1.097171e+02,3.981072e-06,4.193627e-11
7.666667e+01,1.403200e+02,1.286909e+02,1.099388e+02,3.981072e-06,5.891945e-11
7.683333e+01,1.406564e+02,1.290133e+02,1.102641e+02,3.981072e-06,6.246966e-11
7.700000e+01,1.409210e+02,1.293459e+02,1.105495e+02,3.981072e-06,4.889135e-11
7.716667e+01,1.412560e+02,1.296556e+02,1.109892e+02,3.981072e-06,6.172573e-11
7.733333e+01,1.416105e+02,1.300417e+02,1.114142e+02,3.981072e-06,6.509335e-11
7.750000e+01,1.419640e+02,1.303278e+02,1.116582e+02,3.981072e-06,6.494440e-11
7.766667e+01,1.423570e+02,1.307119e+02,1.119529e+02,3.981072e-06,7.232535e-11
7.783333e+01,1.426385e+02,1.309965e+02,1.122851e+02,3.981072e-06,5.181127e-11
7.800000e+01,1.428793e+02,1.312150e+02,1.126290e+02,3.981072e-06,4.428101e-11
7.816667e+01,1.431997e+02,1.315530e+02,1.128704e+02,3.981072e-06,5.895465e-11
7.833333e+01,1.436192e+02,1.319878e+02,1.132504e+02,3.981072e-06,7.740596e-11
7.850000e+01,1.438783e+02,1.322588e+02,1.135536e+02,3.981072e-06,4.781616e-11
7.866667e+01,1.442363e+02,1.325617e+02,1.139565e+02,3.981072e-06,6.620100e-11
7.883333e+01,1.445240e+02,1.328532e+02,1.142829e+02,3.981072e-06,5.330738e-11
7.900000e+01,1.448111e+02,1.331977e+02,1.146583e+02,3.981072e-06,5.337027e-11
7.916667e+01,1.451766e+02,1.335521e+02,1.149577e+02,3.981072e-06,6.826801e-11
7.933333e+01,1.455117e+02,1.338414e+02,1.152191e+02,3.981072e-06,6.296200e-11
7.950000e+01,1.458853e+02,1.341407e+02,1.154798e+02,3.981072e-06,7.058390e-11
7.966667e+01,1.461600e+02,1.344820e+02,1.157648e+02,3.981072e-06,5.209719e-11
7.983333e+01,1.464243e+02,1.348437e+02,1.160737e+02,3.981072e-06,5.027509e-11
