Time,avgI1rd,avgI2rd,avgDrd,Beta,Beff
0.000000e+00,1.692569e+00,0.000000e+00,0.000000e+00,5.011872e-06,0.000000e+00
1.666667e-01,1.692569e+00,0.000000e+00,0.000000e+00,5.011872e-06,0.000000e+00
3.333333e-01,1.692569e+00,0.000000e+00,0.000000e+00,5.011872e-06,0.000000e+00
5.000000e-01,1.692569e+00,0.000000e+00,0.000000e+00,5.011872e-06,0.000000e+00
6.666667e-01,1.692569e+00,0.000000e+00,0.000000e+00,5.011872e-06,0.000000e+00
8.333333e-01,1.692569e+00,0.000000e+00,0.000000e+00,5.011872e-06,0.000000e+00
1.000000e+00,1.692569e+00,0.000000e+00,0.000000e+00,5.011872e-06,0.000000e+00
1.166667e+00,1.692569e+00,0.000000e+00,0.000000e+00,5.011872e-06,0.000000e+00
1.333333e+00,1.692569e+00,0.000000e+00,0.000000e+00,5.011872e-06,0.000000e+00
1.500000e+00,1.692569e+00,0.000000e+00,0.000000e+00,5.011872e-06,0.000000e+00
1.666667e+00,1.692569e+00,0.000000e+00,0.000000e+00,5.011872e-06,0.000000e+00
1.833333e+00,1.692569e+00,0.000000e+00,0.000000e+00,5.011872e-06,0.000000e+00
2.000000e+00,1.692569e+00,0.000000e+00,0.000000e+00,5.011872e-06,0.000000e+00
2.166667e+00,1.692569e+00,0.000000e+00,0.000000e+00,5.011872e-06,0.000000e+00
2.333333e+00,1.692569e+00,0.000000e+00,0.000000e+00,5.011872e-06,0.000000e+00
2.500000e+00,1.692569e+00,0.000000e+00,0.000000e+00,5.011872e-06,0.000000e+00
2.666667e+00,1.692569e+00,0.000000e+00,0.000000e+00,5.011872e-06,0.000000e+00
2.833333e+00,1.692569e+00,0.000000e+00,0.000000e+00,5.011872e-06,0.000000e+00
3.000000e+00,1.692569e+00,0.000000e+00,0.000000e+00,5.011872e-06,0.000000e+00
3.166667e+00,1.692569e+00,0.000000e+00,0.000000e+00,5.011872e-06,0.000000e+00
3.333333e+00,1.692569e+00,0.000000e+00,0.000000e+00,5.011872e-06,0.000000e+00
3.500000e+00,1.692569e+00,0.000000e+00,0.000000e+00,5.011872e-06,0.000000e+00
3.666667e+00,1.692569e+00,0.000000e+00,0.000000e+00,5.011872e-06,0.000000e+00
3.833333e+00,1.692569e+00,0.000000e+00,0.000000e+00,5.011872e-06,0.000000e+00
4.000000e+00,1.692569e+00,0.000000e+00,0.000000e+00,5.011872e-06,0.000000e+00
4.166667e+00,1.692569e+00,0.000000e+00,0.000000e+00,5.011872e-06,0.000000e+00
4.333333e+00,1.692569e+00,0.000000e+00,0.000000e+00,5.011872e-06,0.000000e+00
4.500000e+00,1.692569e+00,0.000000e+00,0.000000e+00,5.011872e-06,0.000000e+00
4.666667e+00,1.692569e+00,0.000000e+00,0.000000e+00,5.011872e-06,0.000000e+00
4.833333e+00,1.692569e+00,0.000000e+00,0.000000e+00,5.011872e-06,0.000000e+00
5.000000e+00,1.692569e+00,1.692569e+00,0.000000e+00,5.011872e-06,0.000000e+00
5.166667e+00,1.692569e+00,1.692569e+00,0.000000e+00,5.011872e-06,0.000000e+00
5.333333e+00,1.692569e+00,1.692569e+00,0.000000e+00,5.011872e-06,0.000000e+00
5.500000e+00,1.692569e+00,1.692569e+00,0.000000e+00,5.011872e-06,0.000000e+00
5.666667e+00,2.393654e+00,1.692569e+00,0.000000e+00,5.011872e-06,2.643855e-05
5.833333e+00,2.393654e+00,1.692569e+00,0.000000e+00,5.011872e-06,0.000000e+00
6.000000e+00,2.393654e+00,1.692569e+00,0.000000e+00,5.011872e-06,0.000000e+00
6.166667e+00,2.393654e+00,1.692569e+00,0.000000e+00,5.011872e-06,0.000000e+00
6.333333e+00,2.393654e+00,1.692569e+00,0.000000e+00,5.011872e-06,0.000000e+00
6.500000e+00,2.931615e+00,1.692569e+00,0.000000e+00,5.011872e-06,5.750659e-06
6.666667e+00,2.931615e+00,1.692569e+00,0.000000e+00,5.011872e-06,0.000000e+00
6.833333e+00,3.385138e+00,1.692569e+00,0.000000e+00,5.011872e-06,3.534293e-06
7.000000e+00,4.478116e+00,1.692569e+00,0.000000e+00,5.011872e-06,8.380131e-06
7.166667e+00,5.077706e+00,1.692569e+00,0.000000e+00,5.011872e-06,4.430274e-06
7.333333e+00,5.077706e+00,2.393654e+00,0.000000e+00,5.011872e-06,0.000000e+00
7.500000e+00,5.077706e+00,2.393654e+00,0.000000e+00,5.011872e-06,0.000000e+00
7.666667e+00,5.613615e+00,2.393654e+00,0.000000e+00,5.011872e-06,2.235600e-06
7.833333e+00,6.102643e+00,2.393654e+00,0.000000e+00,5.011872e-06,1.784136e-06
8.000000e+00,6.102643e+00,2.393654e+00,0.000000e+00,5.011872e-06,0.000000e+00
8.166667e+00,6.333012e+00,2.931615e+00,0.000000e+00,5.011872e-06,5.691883e-07
8.333333e+00,7.180961e+00,2.931615e+00,0.000000e+00,5.011872e-06,1.820082e-06
8.500000e+00,7.377736e+00,3.385138e+00,0.000000e+00,5.011872e-06,3.638211e-07
8.666667e+00,7.569398e+00,3.385138e+00,0.000000e+00,5.011872e-06,2.909825e-07
8.833333e+00,7.569398e+00,3.385138e+00,0.000000e+00,5.011872e-06,0.000000e+00
9.000000e+00,7.756324e+00,3.784699e+00,0.000000e+00,5.011872e-06,1.862615e-07
9.166667e+00,8.630441e+00,3.784699e+00,0.000000e+00,5.011872e-06,7.455032e-07
9.333333e+00,9.423824e+00,4.145930e+00,0.000000e+00,5.011872e-06,5.969246e-07
9.500000e+00,9.574615e+00,4.145930e+00,0.000000e+00,5.011872e-06,9.560664e-08
9.666667e+00,1.001337e+01,4.145930e+00,0.000000e+00,5.011872e-06,2.297901e-07
9.833333e+00,1.070474e+01,4.145930e+00,0.000000e+00,5.011872e-06,3.069857e-07
1.000000e+01,1.070474e+01,4.145930e+00,0.000000e+00,5.011872e-06,0.000000e+00
1.016667e+01,1.109892e+01,4.478116e+00,0.000000e+00,5.011872e-06,1.185118e-07
1.033333e+01,1.122723e+01,4.787307e+00,0.000000e+00,5.011872e-06,3.172162e-08
1.050000e+01,1.184798e+01,4.787307e+00,0.000000e+00,5.011872e-06,1.275026e-07
1.066667e+01,1.208736e+01,4.787307e+00,0.000000e+00,5.011872e-06,4.104301e-08
1.083333e+01,1.232209e+01,5.077706e+00,0.000000e+00,5.011872e-06,3.307728e-08
1.100000e+01,1.266602e+01,5.613615e+00,0.000000e+00,5.011872e-06,4.005894e-08
1.116667e+01,1.321938e+01,6.555291e+00,0.000000e+00,5.011872e-06,5.402551e-08
1.133333e+01,1.343435e+01,6.555291e+00,0.000000e+00,5.011872e-06,1.753088e-08
1.150000e+01,1.364593e+01,6.978640e+00,0.000000e+00,5.011872e-06,1.426663e-08
1.166667e+01,1.426184e+01,6.978640e+00,0.000000e+00,5.011872e-06,3.496761e-08
1.183333e+01,1.426184e+01,7.180961e+00,0.000000e+00,5.011872e-06,0.000000e+00
1.200000e+01,1.436192e+01,7.180961e+00,0.000000e+00,5.011872e-06,3.944140e-09
1.216667e+01,1.485223e+01,7.756324e+00,0.000000e+00,5.011872e-06,1.636742e-08
1.233333e+01,1.542004e+01,7.938851e+00,0.000000e+00,5.011872e-06,1.641470e-08
1.250000e+01,1.569624e+01,8.291860e+00,0.000000e+00,5.011872e-06,6.911748e-09
1.266667e+01,1.587770e+01,8.956232e+00,0.000000e+00,5.011872e-06,3.913526e-09
1.283333e+01,1.641006e+01,9.114762e+00,0.000000e+00,5.011872e-06,1.006533e-08
1.300000e+01,1.701011e+01,9.114762e+00,0.000000e+00,5.011872e-06,1.016656e-08
1.316667e+01,1.734367e+01,9.423824e+00,0.000000e+00,5.011872e-06,5.080384e-09
1.333333e+01,1.767094e+01,9.869287e+00,0.000000e+00,5.011872e-06,4.489255e-09
1.350000e+01,1.822952e+01,1.015541e+01,0.000000e+00,5.011872e-06,7.015594e-09
1.366667e+01,1.877150e+01,1.029549e+01,0.000000e+00,5.011872e-06,6.329488e-09
1.383333e+01,1.907428e+01,1.043369e+01,0.000000e+00,5.011872e-06,3.295463e-09
1.400000e+01,1.959290e+01,1.096910e+01,0.000000e+00,5.011872e-06,5.305506e-09
1.416667e+01,2.009814e+01,1.135410e+01,1.692569e+00,5.011872e-06,4.925143e-09
1.433333e+01,2.059099e+01,1.172646e+01,1.692569e+00,5.011872e-06,4.608041e-09
1.450000e+01,2.072965e+01,1.172646e+01,1.692569e+00,5.011872e-06,1.440044e-09
1.466667e+01,2.093592e+01,1.232209e+01,1.692569e+00,5.011872e-06,2.361373e-09
1.483333e+01,2.147629e+01,1.255243e+01,1.692569e+00,5.011872e-06,6.879792e-09
1.500000e+01,2.174144e+01,1.277861e+01,1.692569e+00,5.011872e-06,3.753699e-09
1.516667e+01,2.200339e+01,1.332730e+01,1.692569e+00,5.011872e-06,4.089958e-09
1.533333e+01,2.213321e+01,1.343435e+01,1.692569e+00,5.011872e-06,2.223648e-09
1.550000e+01,2.258168e+01,1.354055e+01,1.692569e+00,5.011872e-06,8.441930e-09
1.566667e+01,2.289665e+01,1.364593e+01,1.692569e+00,5.011872e-06,6.517155e-09
1.583333e+01,2.333045e+01,1.385427e+01,1.692569e+00,5.011872e-06,9.815936e-09
1.600000e+01,2.357475e+01,1.416105e+01,1.692569e+00,5.011872e-06,5.996876e-09
1.616667e+01,2.405592e+01,1.456003e+01,1.692569e+00,5.011872e-06,1.272330e-08
1.633333e+01,2.417472e+01,1.485223e+01,1.692569e+00,5.011872e-06,3.339679e-09
1.650000e+01,2.446918e+01,1.513880e+01,1.692569e+00,5.011872e-06,8.656037e-09
1.666667e+01,2.476015e+01,1.532686e+01,1.692569e+00,5.011872e-06,8.838634e-09
1.683333e+01,2.487558e+01,1.569624e+01,1.692569e+00,5.011872e-06,3.545963e-09
1.700000e+01,2.533205e+01,1.605712e+01,1.692569e+00,5.011872e-06,1.394790e-08
1.716667e+01,2.561321e+01,1.641006e+01,1.692569e+00,5.011872e-06,8.389900e-09
1.733333e+01,2.594659e+01,1.684085e+01,1.692569e+00,5.011872e-06,9.480417e-09
1.750000e+01,2.627573e+01,1.692569e+01,1.692569e+00,5.011872e-06,8.739348e-09
1.766667e+01,2.649289e+01,1.750807e+01,1.692569e+00,5.011872e-06,5.265168e-09
1.783333e+01,2.660081e+01,1.767094e+01,1.692569e+00,5.011872e-06,2.339335e-09
1.800000e+01,2.702816e+01,1.767094e+01,1.692569e+00,5.011872e-06,8.173034e-09
1.816667e+01,2.729185e+01,1.799225e+01,1.692569e+00,5.011872e-06,4.416535e-09
1.833333e+01,2.755302e+01,1.846375e+01,1.692569e+00,5.011872e-06,3.791563e-09
1.850000e+01,2.770854e+01,1.854116e+01,1.692569e+00,5.011872e-06,1.944053e-09
1.866667e+01,2.801700e+01,1.899904e+01,1.692569e+00,5.011872e-06,3.314933e-09
1.883333e+01,2.832209e+01,1.929825e+01,1.692569e+00,5.011872e-06,2.824137e-09
1.900000e+01,2.852368e+01,1.988318e+01,1.692569e+00,5.011872e-06,1.565676e-09
1.916667e+01,2.872384e+01,2.031083e+01,1.692569e+00,5.011872e-06,1.311198e-09
1.933333e+01,2.897211e+01,2.059099e+01,1.692569e+00,5.011872e-06,1.381460e-09
1.950000e+01,2.936497e+01,2.072965e+01,1.692569e+00,5.011872e-06,1.872817e-09
1.966667e+01,2.946237e+01,2.127526e+01,1.692569e+00,5.011872e-06,3.988745e-10
1.983333e+01,2.970446e+01,2.147629e+01,1.692569e+00,5.011872e-06,8.542672e-10
2.000000e+01,2.994460e+01,2.167546e+01,2.393654e+00,5.011872e-06,7.342790e-10
2.016667e+01,3.037206e+01,2.187281e+01,2.393654e+00,5.011872e-06,1.142287e-09
2.033333e+01,3.056012e+01,2.232652e+01,3.385138e+00,5.011872e-06,4.519764e-10
2.050000e+01,3.084007e+01,2.270819e+01,3.385138e+00,5.011872e-06,5.916449e-10
2.066667e+01,3.107143e+01,2.302142e+01,3.784699e+00,5.011872e-06,4.385525e-10
2.083333e+01,3.125529e+01,2.308356e+01,4.145930e+00,5.011872e-06,3.122824e-10
2.100000e+01,3.134681e+01,2.333045e+01,4.478116e+00,5.011872e-06,1.402651e-10
2.116667e+01,3.152906e+01,2.363544e+01,4.478116e+00,5.011872e-06,2.555659e-10
2.133333e+01,3.171027e+01,2.369596e+01,5.077706e+00,5.011872e-06,2.319990e-10
2.150000e+01,3.193532e+01,2.387662e+01,5.613615e+00,5.011872e-06,2.631532e-10
2.166667e+01,3.238075e+01,2.423390e+01,5.613615e+00,5.011872e-06,4.868287e-10
2.183333e+01,3.295080e+01,2.446918e+01,6.333012e+00,5.011872e-06,5.908624e-10
2.200000e+01,3.308095e+01,2.470223e+01,6.333012e+00,5.011872e-06,1.266754e-10
2.216667e+01,3.329675e+01,2.499048e+01,6.770275e+00,5.011872e-06,2.000326e-10
2.233333e+01,3.372419e+01,2.527544e+01,6.978640e+00,5.011872e-06,3.761102e-10
2.250000e+01,3.389366e+01,2.544489e+01,6.978640e+00,5.011872e-06,1.423506e-10
2.266667e+01,3.418821e+01,2.578044e+01,7.180961e+00,5.011872e-06,2.356476e-10
2.283333e+01,3.439706e+01,2.600173e+01,7.180961e+00,5.011872e-06,1.580087e-10
2.300000e+01,3.476983e+01,2.616648e+01,7.180961e+00,5.011872e-06,2.653998e-10
2.316667e+01,3.505702e+01,2.660081e+01,7.938851e+00,5.011872e-06,1.916898e-10
2.333333e+01,3.534187e+01,2.681533e+01,8.291860e+00,5.011872e-06,1.774763e-10
2.350000e+01,3.586489e+01,2.702816e+01,8.630441e+00,5.011872e-06,3.102770e-10
2.366667e+01,3.618299e+01,2.718668e+01,9.270581e+00,5.011872e-06,1.806904e-10
2.383333e+01,3.649831e+01,2.744885e+01,9.423824e+00,5.011872e-06,1.714255e-10
2.400000e+01,3.696626e+01,2.786320e+01,1.001337e+01,5.011872e-06,2.467994e-10
2.416667e+01,3.731337e+01,2.816996e+01,1.001337e+01,5.011872e-06,1.764705e-10
2.433333e+01,3.761922e+01,2.842306e+01,1.043369e+01,5.011872e-06,1.508060e-10
2.450000e+01,3.796036e+01,2.857385e+01,1.083773e+01,5.011872e-06,1.622783e-10
2.466667e+01,3.814856e+01,2.897211e+01,1.135410e+01,5.011872e-06,8.673636e-11
2.483333e+01,3.833584e+01,2.931615e+01,1.147956e+01,5.011872e-06,8.383846e-11
2.500000e+01,3.859651e+01,2.975264e+01,1.208736e+01,5.011872e-06,1.138330e-10
2.516667e+01,3.896586e+01,3.004012e+01,1.266602e+01,5.011872e-06,1.566816e-10
2.533333e+01,3.944085e+01,3.032486e+01,1.277861e+01,5.011872e-06,1.977562e-10
2.550000e+01,3.980237e+01,3.060696e+01,1.311058e+01,5.011872e-06,1.486155e-10
2.566667e+01,4.033857e+01,3.088648e+01,1.354055e+01,5.011872e-06,2.165712e-10
2.583333e+01,4.072730e+01,3.120943e+01,1.416105e+01,5.011872e-06,1.543092e-10
2.600000e+01,4.111235e+01,3.130108e+01,1.446131e+01,5.011872e-06,1.502774e-10
2.616667e+01,4.159727e+01,3.148360e+01,1.494836e+01,5.011872e-06,1.869486e-10
2.633333e+01,4.197434e+01,3.175540e+01,1.532686e+01,5.011872e-06,1.436304e-10
2.650000e+01,4.221254e+01,3.206960e+01,1.560471e+01,5.011872e-06,8.964228e-11
2.666667e+01,4.278551e+01,3.233648e+01,1.578723e+01,5.011872e-06,2.138024e-10
2.683333e+01,4.325167e+01,3.277645e+01,1.614608e+01,5.011872e-06,1.718924e-10
2.700000e+01,4.361445e+01,3.308095e+01,1.666987e+01,5.011872e-06,1.311966e-10
2.716667e+01,4.377835e+01,3.329675e+01,1.701011e+01,5.011872e-06,5.796481e-11
2.733333e+01,4.429876e+01,3.351115e+01,1.717770e+01,5.011872e-06,1.815026e-10
2.750000e+01,4.455669e+01,3.376664e+01,1.734367e+01,5.011872e-06,8.890054e-11
2.766667e+01,4.474916e+01,3.397808e+01,1.742606e+01,5.011872e-06,6.515907e-11
2.783333e+01,4.525841e+01,3.439706e+01,1.791246e+01,5.011872e-06,1.693648e-10
2.800000e+01,4.560523e+01,3.468734e+01,1.815078e+01,5.011872e-06,1.129834e-10
2.816667e+01,4.601173e+01,3.509785e+01,1.861826e+01,5.011872e-06,1.301463e-10
2.833333e+01,4.647635e+01,3.546325e+01,1.937233e+01,5.011872e-06,1.461590e-10
2.850000e+01,4.684473e+01,3.570478e+01,1.959290e+01,5.011872e-06,1.144935e-10
2.866667e+01,4.711912e+01,3.598451e+01,1.995509e+01,5.011872e-06,8.481571e-11
2.883333e+01,4.736169e+01,3.630156e+01,2.038123e+01,5.011872e-06,7.437283e-11
2.900000e+01,4.793288e+01,3.645905e+01,2.052131e+01,5.011872e-06,1.749181e-10
2.916667e+01,4.820108e+01,3.700499e+01,2.086739e+01,5.011872e-06,8.223533e-11
2.933333e+01,4.843823e+01,3.742836e+01,2.140949e+01,5.011872e-06,7.220727e-11
2.950000e+01,4.876243e+01,3.788482e+01,2.154288e+01,5.011872e-06,9.812956e-11
2.966667e+01,4.905530e+01,3.807339e+01,2.180722e+01,5.011872e-06,8.853624e-11
2.983333e+01,4.934643e+01,3.855938e+01,2.213321e+01,5.011872e-06,8.757813e-11
3.000000e+01,4.966471e+01,3.889227e+01,2.245446e+01,5.011872e-06,9.538338e-11
3.016667e+01,5.000961e+01,3.922234e+01,2.283400e+01,5.011872e-06,1.031505e-10
3.033333e+01,5.012405e+01,3.944085e+01,2.289665e+01,5.011872e-06,3.403651e-11
3.050000e+01,5.055088e+01,3.969426e+01,2.314553e+01,5.011872e-06,1.267902e-10
3.066667e+01,5.080526e+01,3.991018e+01,2.326897e+01,5.011872e-06,7.522348e-11
3.083333e+01,5.122643e+01,4.033857e+01,2.339177e+01,5.011872e-06,1.239584e-10
3.100000e+01,5.161641e+01,4.062165e+01,2.381655e+01,5.011872e-06,1.139674e-10
3.116667e+01,5.211353e+01,4.093778e+01,2.405592e+01,5.011872e-06,1.440502e-10
3.133333e+01,5.227819e+01,4.104261e+01,2.452765e+01,5.011872e-06,4.737346e-11
3.150000e+01,5.266038e+01,4.156282e+01,2.470223e+01,5.011872e-06,1.090695e-10
3.166667e+01,5.309381e+01,4.204254e+01,2.487558e+01,5.011872e-06,1.236890e-10
3.183333e+01,5.328232e+01,4.248314e+01,2.550112e+01,5.011872e-06,5.350740e-11
3.200000e+01,5.352372e+01,4.281898e+01,2.555723e+01,5.011872e-06,6.796255e-11
3.216667e+01,5.387050e+01,4.318539e+01,2.589132e+01,5.011872e-06,9.773749e-11
3.233333e+01,5.416220e+01,4.348288e+01,2.622116e+01,5.011872e-06,8.192886e-11
3.250000e+01,5.445233e+01,4.387640e+01,2.649289e+01,5.011872e-06,8.141172e-11
3.266667e+01,5.487161e+01,4.410433e+01,2.708110e+01,5.011872e-06,1.179404e-10
3.283333e+01,5.533949e+01,4.452453e+01,2.723932e+01,5.011872e-06,1.323395e-10
3.300000e+01,5.552038e+01,4.490892e+01,2.744885e+01,5.011872e-06,5.184250e-11
3.316667e+01,5.590604e+01,4.519507e+01,2.760496e+01,5.011872e-06,1.114968e-10
3.333333e+01,5.623813e+01,4.541639e+01,2.776019e+01,5.011872e-06,9.690811e-11
3.350000e+01,5.656827e+01,4.588703e+01,2.796583e+01,5.011872e-06,9.685799e-11
3.366667e+01,5.682092e+01,4.635290e+01,2.842306e+01,5.011872e-06,7.428498e-11
3.383333e+01,5.699711e+01,4.656872e+01,2.862393e+01,5.011872e-06,5.166404e-11
3.400000e+01,5.722284e+01,4.678353e+01,2.892263e+01,5.011872e-06,6.645508e-11
3.416667e+01,5.749753e+01,4.711912e+01,2.912005e+01,5.011872e-06,8.107984e-11
3.433333e+01,5.804302e+01,4.745234e+01,2.926725e+01,5.011872e-06,1.617115e-10
3.450000e+01,5.828928e+01,4.781319e+01,2.980075e+01,5.011872e-06,7.309685e-11
3.466667e+01,5.870555e+01,4.808206e+01,3.018282e+01,5.011872e-06,1.231915e-10
3.483333e+01,5.899762e+01,4.837905e+01,3.065372e+01,5.011872e-06,8.654322e-11
3.500000e+01,5.936068e+01,4.887979e+01,3.093282e+01,5.011872e-06,1.079415e-10
3.516667e+01,5.967355e+01,4.934643e+01,3.125529e+01,5.011872e-06,9.379714e-11
3.533333e+01,6.008023e+01,4.966471e+01,3.152906e+01,5.011872e-06,1.227070e-10
3.550000e+01,6.027066e+01,5.003824e+01,3.161979e+01,5.011872e-06,5.769624e-11
3.566667e+01,6.050785e+01,5.029522e+01,3.166506e+01,5.011872e-06,7.190675e-11
3.583333e+01,6.095598e+01,5.057921e+01,3.189044e+01,5.011872e-06,1.354163e-10
3.600000e+01,6.123732e+01,5.091791e+01,3.224777e+01,5.011872e-06,8.417669e-11
3.616667e+01,6.154065e+01,5.158865e+01,3.251318e+01,5.011872e-06,8.961544e-11
3.633333e+01,6.168014e+01,5.194835e+01,3.282013e+01,5.011872e-06,4.067198e-11
3.650000e+01,6.214286e+01,5.225078e+01,3.299424e+01,5.011872e-06,1.331540e-10
3.666667e+01,6.244180e+01,5.260595e+01,3.329675e+01,5.011872e-06,8.485384e-11
3.683333e+01,6.276213e+01,5.282333e+01,3.342555e+01,5.011872e-06,8.929264e-11
3.700000e+01,6.310354e+01,5.325543e+01,3.389366e+01,5.011872e-06,9.360833e-11
3.716667e+01,6.339794e+01,5.363066e+01,3.418821e+01,5.011872e-06,7.911161e-11
3.733333e+01,6.362348e+01,5.389709e+01,3.456323e+01,5.011872e-06,5.954114e-11
3.750000e+01,6.382578e+01,5.408280e+01,3.472861e+01,5.011872e-06,5.245695e-11
3.766667e+01,6.425077e+01,5.429427e+01,3.497520e+01,5.011872e-06,1.085029e-10
3.783333e+01,6.449553e+01,5.468857e+01,3.530132e+01,5.011872e-06,6.138887e-11
3.800000e+01,6.465081e+01,5.494986e+01,3.566464e+01,5.011872e-06,3.812372e-11
3.816667e+01,6.509242e+01,5.528770e+01,3.602429e+01,5.011872e-06,1.063827e-10
3.833333e+01,6.522432e+01,5.544293e+01,3.649831e+01,5.011872e-06,3.126405e-11
3.850000e+01,6.557475e+01,5.575209e+01,3.684983e+01,5.011872e-06,8.170145e-11
3.866667e+01,6.590159e+01,5.598285e+01,3.708232e+01,5.011872e-06,7.536683e-11
3.883333e+01,6.627006e+01,5.616167e+01,3.742836e+01,5.011872e-06,8.403353e-11
3.900000e+01,6.659349e+01,5.639074e+01,3.765728e+01,5.011872e-06,7.284437e-11
3.916667e+01,6.695816e+01,5.669474e+01,3.799807e+01,5.011872e-06,8.105856e-11
3.933333e+01,6.742715e+01,5.694683e+01,3.844777e+01,5.011872e-06,1.028350e-10
3.950000e+01,6.766042e+01,5.722284e+01,3.855938e+01,5.011872e-06,5.041838e-11
3.966667e+01,6.780845e+01,5.759710e+01,3.892908e+01,5.011872e-06,3.154381e-11
3.983333e+01,6.801937e+01,5.806769e+01,3.940451e+01,5.011872e-06,4.414070e-11
4.000000e+01,6.839737e+01,5.836295e+01,3.980237e+01,5.011872e-06,7.793022e-11
4.016667e+01,6.871079e+01,5.860787e+01,4.012495e+01,5.011872e-06,6.388834e-11
4.033333e+01,6.906427e+01,5.885176e+01,4.044496e+01,5.011872e-06,7.148302e-11
4.050000e+01,6.939532e+01,5.907041e+01,4.072730e+01,5.011872e-06,6.628844e-11
4.066667e+01,6.974533e+01,5.948121e+01,4.090277e+01,5.011872e-06,6.944107e-11
4.083333e+01,7.015488e+01,5.986527e+01,4.125148e+01,5.011872e-06,8.061074e-11
4.100000e+01,7.046048e+01,6.005638e+01,4.170044e+01,5.011872e-06,5.943279e-11
4.116667e+01,7.086590e+01,6.029442e+01,4.217860e+01,5.011872e-06,7.794866e-11
4.133333e+01,7.122880e+01,6.057883e+01,4.258417e+01,5.011872e-06,6.931043e-11
4.150000e+01,7.142961e+01,6.081482e+01,4.291922e+01,5.011872e-06,3.818458e-11
4.166667e+01,7.170981e+01,6.121392e+01,4.338394e+01,5.011872e-06,5.321061e-11
4.183333e+01,7.202869e+01,6.156392e+01,4.361445e+01,5.011872e-06,6.057622e-11
4.200000e+01,7.230657e+01,6.186565e+01,4.394164e+01,5.011872e-06,5.295764e-11
4.216667e+01,7.270169e+01,6.200441e+01,4.426642e+01,5.011872e-06,7.547968e-11
4.233333e+01,7.307508e+01,6.239590e+01,4.455669e+01,5.011872e-06,7.158758e-11
4.250000e+01,7.348556e+01,6.267077e+01,4.474916e+01,5.011872e-06,7.899573e-11
4.266667e+01,7.377736e+01,6.294444e+01,4.513164e+01,5.011872e-06,5.618823e-11
4.283333e+01,7.402933e+01,6.342053e+01,4.529005e+01,5.011872e-06,4.833652e-11
4.300000e+01,7.451148e+01,6.375842e+01,4.538484e+01,5.011872e-06,9.248541e-11
4.316667e+01,7.479928e+01,6.420616e+01,4.569936e+01,5.011872e-06,5.493290e-11
4.333333e+01,7.508598e+01,6.451774e+01,4.613608e+01,5.011872e-06,5.412177e-11
4.350000e+01,7.556140e+01,6.478361e+01,4.641467e+01,5.011872e-06,8.895020e-11
4.366667e+01,7.601499e+01,6.518038e+01,4.672226e+01,5.011872e-06,8.444110e-11
4.383333e+01,7.642843e+01,6.546544e+01,4.717988e+01,5.011872e-06,7.657061e-11
4.400000e+01,7.674638e+01,6.594505e+01,4.751267e+01,5.011872e-06,5.838676e-11
4.416667e+01,7.706301e+01,6.614025e+01,4.793288e+01,5.011872e-06,5.785236e-11
4.433333e+01,7.723011e+01,6.661500e+01,4.834943e+01,5.011872e-06,3.037485e-11
4.450000e+01,7.750782e+01,6.695816e+01,4.873305e+01,5.011872e-06,5.035770e-11
4.466667e+01,7.785816e+01,6.719306e+01,4.905530e+01,5.011872e-06,6.349730e-11
4.483333e+01,7.824356e+01,6.738465e+01,4.934643e+01,5.011872e-06,6.999766e-11
4.500000e+01,7.853592e+01,6.768159e+01,4.977994e+01,5.011872e-06,5.313242e-11
4.516667e+01,7.893615e+01,6.785069e+01,5.029522e+01,5.011872e-06,7.277327e-11
4.533333e+01,7.928018e+01,6.812458e+01,5.063582e+01,5.011872e-06,6.276621e-11
4.550000e+01,7.965869e+01,6.846017e+01,5.088978e+01,5.011872e-06,6.958522e-11
4.566667e+01,8.005331e+01,6.881494e+01,5.133815e+01,5.011872e-06,7.313933e-11
4.583333e+01,8.051719e+01,6.910574e+01,5.167188e+01,5.011872e-06,8.657582e-11
4.600000e+01,8.096071e+01,6.933337e+01,5.197592e+01,5.011872e-06,8.359032e-11
4.616667e+01,8.138423e+01,6.968369e+01,5.225078e+01,5.011872e-06,8.045578e-11
4.633333e+01,8.164780e+01,6.992993e+01,5.252420e+01,5.011872e-06,5.031803e-11
4.650000e+01,8.201539e+01,7.029766e+01,5.279621e+01,5.011872e-06,7.041251e-11
4.666667e+01,8.220728e+01,7.074451e+01,5.312078e+01,5.011872e-06,3.683440e-11
4.683333e+01,8.257238e+01,7.112818e+01,5.352372e+01,5.011872e-06,7.020907e-11
4.700000e+01,8.290132e+01,7.156984e+01,5.384391e+01,5.011872e-06,6.338386e-11
4.716667e+01,8.324617e+01,7.190928e+01,5.418864e+01,5.011872e-06,6.674225e-11
4.733333e+01,8.362386e+01,7.230657e+01,5.442602e+01,5.011872e-06,7.343738e-11
4.750000e+01,8.396574e+01,7.270169e+01,5.474093e+01,5.011872e-06,6.667953e-11
4.766667e+01,8.442508e+01,7.301625e+01,5.505403e+01,5.011872e-06,8.972287e-11
4.783333e+01,8.479753e+01,7.325128e+01,5.531360e+01,5.011872e-06,7.282639e-11
4.800000e+01,8.515152e+01,7.354401e+01,5.559773e+01,5.011872e-06,6.922752e-11
4.816667e+01,8.547053e+01,7.391314e+01,5.582912e+01,5.011872e-06,6.227668e-11
4.833333e+01,8.572155e+01,7.428044e+01,5.633992e+01,5.011872e-06,4.885399e-11
4.850000e+01,8.610502e+01,7.460754e+01,5.661889e+01,5.011872e-06,7.431720e-11
4.866667e+01,8.642051e+01,7.508598e+01,5.689650e+01,5.011872e-06,6.109086e-11
4.883333e+01,8.678439e+01,7.525748e+01,5.724787e+01,5.011872e-06,7.029331e-11
4.900000e+01,8.717961e+01,7.561824e+01,5.762196e+01,5.011872e-06,7.615241e-11
4.916667e+01,8.736016e+01,7.603384e+01,5.801833e+01,5.011872e-06,3.471013e-11
4.933333e+01,8.765480e+01,7.631590e+01,5.865673e+01,5.011872e-06,5.654600e-11
4.950000e+01,8.794845e+01,7.669036e+01,5.885176e+01,5.011872e-06,5.629394e-11
4.966667e+01,8.828981e+01,7.704442e+01,5.914311e+01,5.011872e-06,6.589763e-11
4.983333e+01,8.856519e+01,7.728574e+01,5.940892e+01,5.011872e-06,5.338755e-11
5.000000e+01,8.893640e+01,7.769241e+01,5.976949e+01,5.011872e-06,7.228034e-11
5.016667e+01,8.933813e+01,7.809696e+01,6.000866e+01,5.011872e-06,7.853616e-11
5.033333e+01,8.967420e+01,7.840814e+01,6.024689e+01,5.011872e-06,6.608105e-11
5.050000e+01,9.000902e+01,7.871810e+01,6.062610e+01,5.011872e-06,6.611724e-11
5.066667e+01,9.039014e+01,7.902683e+01,6.095598e+01,5.011872e-06,7.550912e-11
5.083333e+01,9.075389e+01,7.929825e+01,6.123732e+01,5.011872e-06,7.249554e-11
5.100000e+01,9.110046e+01,7.965869e+01,6.144747e+01,5.011872e-06,6.948224e-11
5.116667e+01,9.166475e+01,8.001752e+01,6.179615e+01,5.011872e-06,1.139277e-10
5.133333e+01,9.197675e+01,8.026774e+01,6.214286e+01,5.011872e-06,6.316719e-11
5.150000e+01,9.248924e+01,8.055276e+01,6.234997e+01,5.011872e-06,1.040077e-10
5.166667e+01,9.279847e+01,8.092532e+01,6.262504e+01,5.011872e-06,6.291674e-11
5.183333e+01,9.324502e+01,8.131379e+01,6.298994e+01,5.011872e-06,9.079952e-11
5.200000e+01,9.362828e+01,8.178803e+01,6.333012e+01,5.011872e-06,7.786293e-11
5.216667e+01,9.390325e+01,8.196298e+01,6.362348e+01,5.011872e-06,5.582312e-11
5.233333e+01,9.419263e+01,8.232916e+01,6.389307e+01,5.011872e-06,5.873082e-11
5.250000e+01,9.445080e+01,8.262440e+01,6.418385e+01,5.011872e-06,5.232766e-11
5.266667e+01,9.473850e+01,8.305668e+01,6.445110e+01,5.011872e-06,5.816097e-11
5.283333e+01,9.502534e+01,8.334934e+01,6.469511e+01,5.011872e-06,5.778081e-11
5.300000e+01,9.535639e+01,8.369235e+01,6.500434e+01,5.011872e-06,6.636633e-11
5.316667e+01,9.562639e+01,8.388040e+01,6.522432e+01,5.011872e-06,5.381101e-11
5.333333e+01,9.586576e+01,8.427225e+01,6.555291e+01,5.011872e-06,4.745251e-11
5.350000e+01,9.605980e+01,8.469611e+01,6.598848e+01,5.011872e-06,3.821362e-11
5.366667e+01,9.632783e+01,8.494942e+01,6.629168e+01,5.011872e-06,5.238657e-11
5.383333e+01,9.683209e+01,8.526919e+01,6.663650e+01,5.011872e-06,9.828672e-11
5.400000e+01,9.720120e+01,8.553754e+01,6.697955e+01,5.011872e-06,7.179170e-11
5.416667e+01,9.748079e+01,8.583844e+01,6.725698e+01,5.011872e-06,5.421069e-11
5.433333e+01,9.786209e+01,8.615491e+01,6.753328e+01,5.011872e-06,7.381797e-11
5.450000e+01,9.825650e+01,8.648679e+01,6.778733e+01,5.011872e-06,7.623020e-11
5.466667e+01,9.864932e+01,8.685038e+01,6.810355e+01,5.011872e-06,7.573117e-11
5.483333e+01,9.898272e+01,8.726173e+01,6.831355e+01,5.011872e-06,6.399633e-11
5.500000e+01,9.928615e+01,8.755670e+01,6.866908e+01,5.011872e-06,5.795615e-11
5.516667e+01,9.953110e+01,8.781806e+01,6.898126e+01,5.011872e-06,4.636065e-11
5.533333e+01,9.994758e+01,8.812742e+01,6.931271e+01,5.011872e-06,7.828533e-11
5.550000e+01,1.003195e+02,8.850047e+01,6.962200e+01,5.011872e-06,6.958065e-11
5.566667e+01,1.005904e+02,8.883971e+01,6.995041e+01,5.011872e-06,5.044028e-11
5.583333e+01,1.009600e+02,8.912946e+01,7.031803e+01,5.011872e-06,6.848386e-11
5.600000e+01,1.012292e+02,8.946631e+01,7.066348e+01,5.011872e-06,4.965353e-11
5.616667e+01,1.016669e+02,8.965823e+01,7.090631e+01,5.011872e-06,8.043766e-11
5.633333e+01,1.020185e+02,9.008855e+01,7.130919e+01,5.011872e-06,6.443294e-11
5.650000e+01,1.022289e+02,9.048517e+01,7.188935e+01,5.011872e-06,3.830803e-11
5.666667e+01,1.025227e+02,9.081700e+01,7.216777e+01,5.011872e-06,5.321829e-11
5.683333e+01,1.028436e+02,9.110046e+01,7.254390e+01,5.011872e-06,5.815947e-11
5.700000e+01,1.031356e+02,9.146138e+01,7.289845e+01,5.011872e-06,5.293073e-11
5.716667e+01,1.034269e+02,9.191443e+01,7.311427e+01,5.011872e-06,5.284176e-11
5.733333e+01,1.037311e+02,9.221005e+01,7.344656e+01,5.011872e-06,5.530214e-11
5.750000e+01,1.040482e+02,9.244277e+01,7.385498e+01,5.011872e-06,5.756989e-11
5.766667e+01,1.043095e+02,9.272126e+01,7.414533e+01,5.011872e-06,4.738305e-11
5.783333e+01,1.046933e+02,9.298351e+01,7.456913e+01,5.011872e-06,6.971972e-11
5.800000e+01,1.050211e+02,9.329110e+01,7.500964e+01,5.011872e-06,5.961130e-11
5.816667e+01,1.054295e+02,9.362828e+01,7.537159e+01,5.011872e-06,7.444296e-11
5.833333e+01,1.057551e+02,9.379641e+01,7.563718e+01,5.011872e-06,5.961807e-11
5.850000e+01,1.059716e+02,9.417742e+01,7.595844e+01,5.011872e-06,3.975127e-11
5.866667e+01,1.064032e+02,9.446596e+01,7.633466e+01,5.011872e-06,7.947987e-11
5.883333e+01,1.067124e+02,9.487448e+01,7.663431e+01,5.011872e-06,5.706738e-11
5.900000e+01,1.071010e+02,9.516091e+01,7.697002e+01,5.011872e-06,7.197921e-11
5.916667e+01,1.074081e+02,9.553647e+01,7.715589e+01,5.011872e-06,5.694371e-11
5.933333e+01,1.076346e+02,9.585081e+01,7.752630e+01,5.011872e-06,4.186942e-11
5.950000e+01,1.078473e+02,9.617902e+01,7.787656e+01,5.011872e-06,3.906144e-11
5.966667e+01,1.080861e+02,9.655063e+01,7.809696e+01,5.011872e-06,4.365593e-11
5.983333e+01,1.085358e+02,9.677291e+01,7.846293e+01,5.011872e-06,8.202985e-11
6.000000e+01,1.088389e+02,9.706849e+01,7.877267e+01,5.011872e-06,5.501572e-11
6.016667e+01,1.092199e+02,9.737788e+01,7.909930e+01,5.011872e-06,6.880702e-11
6.033333e+01,1.095734e+02,9.768629e+01,7.958674e+01,5.011872e-06,6.354145e-11
6.050000e+01,1.098606e+02,9.813980e+01,7.996380e+01,5.011872e-06,5.136478e-11
6.066667e+01,1.101341e+02,9.848947e+01,8.037474e+01,5.011872e-06,4.878553e-11
6.083333e+01,1.104847e+02,9.880891e+01,8.062386e+01,5.011872e-06,6.247148e-11
6.100000e+01,1.109117e+02,9.904058e+01,8.094302e+01,5.011872e-06,7.621495e-11
6.116667e+01,1.113113e+02,9.931500e+01,8.127855e+01,5.011872e-06,7.132593e-11
6.133333e+01,1.116582e+02,9.963179e+01,8.154247e+01,5.011872e-06,6.189347e-11
6.150000e+01,1.120296e+02,1.000335e+02,8.184056e+01,5.011872e-06,6.629136e-11
6.166667e+01,1.123361e+02,1.004907e+02,8.213756e+01,5.011872e-06,5.461770e-11
6.183333e+01,1.127688e+02,1.008322e+02,8.252032e+01,5.011872e-06,7.697227e-11
6.200000e+01,1.131239e+02,1.011867e+02,8.286676e+01,5.011872e-06,6.299035e-11
6.216667e+01,1.134147e+02,1.015118e+02,8.316009e+01,5.011872e-06,5.146939e-11
6.233333e+01,1.136544e+02,1.018218e+02,8.353817e+01,5.011872e-06,4.229612e-11
6.250000e+01,1.139565e+02,1.021728e+02,8.381207e+01,5.011872e-06,5.312629e-11
6.266667e+01,1.142578e+02,1.026763e+02,8.427225e+01,5.011872e-06,5.288752e-11
6.283333e+01,1.145208e+02,1.029967e+02,8.454377e+01,5.011872e-06,4.598412e-11
6.300000e+01,1.149577e+02,1.033299e+02,8.488194e+01,5.011872e-06,7.631480e-11
6.316667e+01,1.153185e+02,1.037587e+02,8.523558e+01,5.011872e-06,6.288826e-11
6.333333e+01,1.156657e+02,1.042133e+02,8.557103e+01,5.011872e-06,6.032530e-11
6.350000e+01,1.159132e+02,1.044330e+02,8.597183e+01,5.011872e-06,4.277499e-11
6.366667e+01,1.163202e+02,1.047753e+02,8.628781e+01,5.011872e-06,7.006258e-11
6.383333e+01,1.167627e+02,1.051847e+02,8.666878e+01,5.011872e-06,7.605373e-11
6.400000e+01,1.170690e+02,1.055246e+02,8.716318e+01,5.011872e-06,5.248766e-11
6.416667e+01,1.173135e+02,1.058228e+02,8.749123e+01,5.011872e-06,4.176948e-11
6.433333e+01,1.176670e+02,1.062416e+02,8.780175e+01,5.011872e-06,6.043720e-11
6.450000e+01,1.180438e+02,1.065512e+02,8.822489e+01,5.011872e-06,6.447822e-11
6.466667e+01,1.182741e+02,1.068868e+02,8.861369e+01,5.011872e-06,3.938590e-11
6.483333e+01,1.185765e+02,1.073681e+02,8.906515e+01,5.011872e-06,5.176258e-11
6.500000e+01,1.191068e+02,1.076612e+02,8.943428e+01,5.011872e-06,9.120632e-11
6.516667e+01,1.195390e+02,1.080066e+02,8.973807e+01,5.011872e-06,7.483416e-11
6.533333e+01,1.197904e+02,1.084037e+02,9.007265e+01,5.011872e-06,4.378225e-11
6.550000e+01,1.200651e+02,1.087072e+02,9.048517e+01,5.011872e-06,4.807406e-11
6.566667e+01,1.202796e+02,1.091412e+02,9.083277e+01,5.011872e-06,3.772632e-11
6.583333e+01,1.205176e+02,1.095342e+02,9.110046e+01,5.011872e-06,4.212704e-11
6.600000e+01,1.208854e+02,1.098997e+02,9.147704e+01,5.011872e-06,6.566585e-11
6.616667e+01,1.212758e+02,1.101341e+02,9.177407e+01,5.011872e-06,7.020170e-11
6.633333e+01,1.216061e+02,1.104198e+02,9.203902e+01,5.011872e-06,5.984951e-11
6.650000e+01,1.219707e+02,1.107437e+02,9.242727e+01,5.011872e-06,6.655563e-11
6.666667e+01,1.222874e+02,1.110279e+02,9.273671e+01,5.011872e-06,5.813494e-11
6.683333e+01,1.227433e+02,1.113499e+02,9.298351e+01,5.011872e-06,8.431529e-11
6.700000e+01,1.230464e+02,1.116582e+02,9.327574e+01,5.011872e-06,5.635398e-11
6.716667e+01,1.233603e+02,1.119657e+02,9.364357e+01,5.011872e-06,5.853208e-11
6.733333e+01,1.238123e+02,1.123361e+02,9.385748e+01,5.011872e-06,8.454701e-11
6.750000e+01,1.241127e+02,1.126417e+02,9.416221e+01,5.011872e-06,5.630810e-11
6.766667e+01,1.244470e+02,1.129845e+02,9.454175e+01,5.011872e-06,6.255334e-11
6.783333e+01,1.247803e+02,1.133263e+02,9.488958e+01,5.011872e-06,6.217154e-11
6.800000e+01,1.250555e+02,1.136544e+02,9.534136e+01,5.011872e-06,5.123505e-11
6.816667e+01,1.252958e+02,1.139565e+02,9.558144e+01,5.011872e-06,4.463957e-11
6.833333e+01,1.256953e+02,1.143831e+02,9.598521e+01,5.011872e-06,7.437557e-11
6.850000e+01,1.260367e+02,1.147956e+02,9.626834e+01,5.011872e-06,6.359846e-11
6.866667e+01,1.264339e+02,1.150075e+02,9.663960e+01,5.011872e-06,7.408511e-11
6.883333e+01,1.268636e+02,1.153185e+02,9.689125e+01,5.011872e-06,8.026027e-11
6.900000e+01,1.272132e+02,1.156905e+02,9.723067e+01,5.011872e-06,6.535958e-11
6.916667e+01,1.275505e+02,1.159996e+02,9.752487e+01,5.011872e-06,6.309122e-11
6.933333e+01,1.279654e+02,1.163449e+02,9.786209e+01,5.011872e-06,7.765790e-11
6.950000e+01,1.282784e+02,1.166154e+02,9.809600e+01,5.011872e-06,5.865148e-11
6.966667e+01,1.286464e+02,1.168486e+02,9.844583e+01,5.011872e-06,6.902516e-11
6.983333e+01,1.290688e+02,1.170690e+02,9.891033e+01,5.011872e-06,7.932315e-11
7.000000e+01,1.294234e+02,1.174477e+02,9.911287e+01,5.011872e-06,6.668123e-11
7.016667e+01,1.297771e+02,1.178738e+02,9.951671e+01,5.011872e-06,6.680322e-11
7.033333e+01,1.301188e+02,1.183104e+02,9.976110e+01,5.011872e-06,6.459569e-11
7.050000e+01,1.303278e+02,1.186731e+02,1.000622e+02,5.011872e-06,3.955171e-11
7.066667e+01,1.306352e+02,1.189745e+02,1.003623e+02,5.011872e-06,5.809275e-11
7.083333e+01,1.309746e+02,1.193111e+02,1.007043e+02,5.011872e-06,6.414057e-11
7.100000e+01,1.313132e+02,1.196468e+02,1.010167e+02,5.011872e-06,6.396268e-11
7.116667e+01,1.315530e+02,1.200293e+02,1.013423e+02,5.011872e-06,4.528761e-11
7.133333e+01,1.317815e+02,1.203153e+02,1.015682e+02,5.011872e-06,4.312637e-11
7.150000e+01,1.320421e+02,1.206838e+02,1.018499e+02,5.011872e-06,4.921114e-11
7.166667e+01,1.323563e+02,1.209091e+02,1.021308e+02,5.011872e-06,5.924752e-11
7.183333e+01,1.326374e+02,1.212404e+02,1.024948e+02,5.011872e-06,5.289195e-11
7.200000e+01,1.329286e+02,1.215236e+02,1.028714e+02,5.011872e-06,5.463657e-11
7.216667e+01,1.331547e+02,1.218532e+02,1.030662e+02,5.011872e-06,4.230028e-11
7.233333e+01,1.335092e+02,1.221115e+02,1.033576e+02,5.011872e-06,6.629323e-11
7.250000e+01,1.338842e+02,1.224044e+02,1.035930e+02,5.011872e-06,7.002114e-11
7.266667e+01,1.341407e+02,1.226266e+02,1.040758e+02,5.011872e-06,4.779953e-11
7.283333e+01,1.344501e+02,1.228833e+02,1.044604e+02,5.011872e-06,5.739982e-11
7.300000e+01,1.347161e+02,1.232674e+02,1.045838e+02,5.011872e-06,4.937399e-11
7.316667e+01,1.351726e+02,1.236039e+02,1.049802e+02,5.011872e-06,8.477923e-11
7.333333e+01,1.355747e+02,1.238701e+02,1.053208e+02,5.011872e-06,7.447224e-11
7.350000e+01,1.358491e+02,1.242166e+02,1.056738e+02,5.011872e-06,5.068018e-11
7.366667e+01,1.361861e+02,1.245735e+02,1.061066e+02,5.011872e-06,6.207380e-11
7.383333e+01,1.365117e+02,1.249409e+02,1.064167e+02,5.011872e-06,5.985771e-11
7.400000e+01,1.368890e+02,1.252730e+02,1.066587e+02,5.011872e-06,6.933496e-11
7.416667e+01,1.372860e+02,1.255699e+02,1.070608e+02,5.011872e-06,7.294768e-11
7.433333e+01,1.375987e+02,1.259685e+02,1.073681e+02,5.011872e-06,5.729338e-11
7.450000e+01,1.379521e+02,1.263432e+02,1.077676e+02,5.011872e-06,6.470533e-11
7.466667e+01,1.381597e+02,1.267394e+02,1.081391e+02,5.011872e-06,3.788024e-11
7.483333e+01,1.385531e+02,1.271118e+02,1.085358e+02,5.011872e-06,7.179511e-11
7.500000e+01,1.389247e+02,1.274494e+02,1.089310e+02,5.011872e-06,6.787241e-11
7.516667e+01,1.391823e+02,1.278646e+02,1.091936e+02,5.011872e-06,4.705712e-11
7.533333e+01,1.396138e+02,1.280661e+02,1.095865e+02,5.011872e-06,7.911201e-11
7.550000e+01,1.400134e+02,1.284123e+02,1.098997e+02,5.011872e-06,7.340302e-11
7.566667e+01,1.403506e+02,1.287577e+02,1.101211e+02,5.011872e-06,6.214837e-11
7.583333e+01,1.407379e+02,1.289577e+02,1.104717e+02,5.011872e-06,7.159213e-11
7.600000e+01,1.410733e+02,1.292684e+02,1.108988e+02,5.011872e-06,6.198605e-11
7.616667e+01,1.413371e+02,1.296556e+02,1.112341e+02,5.011872e-06,4.874081e-11
7.633333e+01,1.415902e+02,1.299646e+02,1.115299e+02,5.011872e-06,4.690599e-11
7.650000e+01,1.418833e+02,1.303278e+02,1.117608e+02,5.011872e-06,5.452645e-11
7.666667e+01,1.422765e+02,1.307229e+02,1.121830e+02,5.011872e-06,7.344557e-11
7.683333e+01,1.425882e+02,1.310621e+02,1.124763e+02,5.011872e-06,5.832072e-11
7.700000e+01,1.428793e+02,1.313569e+02,1.127942e+02,5.011872e-06,5.460509e-11
7.716667e+01,1.433197e+02,1.317162e+02,1.131239e+02,5.011872e-06,8.292555e-11
7.733333e+01,1.436392e+02,1.320746e+02,1.135157e+02,5.011872e-06,6.034445e-11
7.750000e+01,1.439579e+02,1.323996e+02,1.138433e+02,5.011872e-06,6.036753e-11
7.766667e+01,1.443157e+02,1.327561e+02,1.141700e+02,5.011872e-06,6.798933e-11
7.783333e+01,1.446329e+02,1.330686e+02,1.144207e+02,5.011872e-06,6.048383e-11
7.800000e+01,1.449199e+02,1.333804e+02,1.147706e+02,5.011872e-06,5.486780e-11
7.816667e+01,1.453048e+02,1.337879e+02,1.150822e+02,5.011872e-06,7.381238e-11
7.833333e+01,1.456298e+02,1.341194e+02,1.153806e+02,5.011872e-06,6.251224e-11
7.850000e+01,1.458853e+02,1.344607e+02,1.156781e+02,5.011872e-06,4.918545e-11
7.866667e+01,1.462579e+02,1.348118e+02,1.159008e+02,5.011872e-06,7.177079e-11
7.883333e+01,1.466003e+02,1.351832e+02,1.162217e+02,5.011872e-06,6.595106e-11
7.900000e+01,1.470783e+02,1.355324e+02,1.164310e+02,5.011872e-06,9.203921e-11
7.916667e+01,1.473702e+02,1.358596e+02,1.167504e+02,5.011872e-06,5.609523e-11
7.933333e+01,1.477584e+02,1.362386e+02,1.171057e+02,5.011872e-06,7.429548e-11
7.950000e+01,1.481457e+02,1.364802e+02,1.175330e+02,5.011872e-06,7.387688e-11
7.966667e+01,1.485994e+02,1.368157e+02,1.178738e+02,5.011872e-06,8.643165e-11
7.983333e+01,1.488883e+02,1.372338e+02,1.181893e+02,5.011872e-06,5.501626e-11
