Time,avgI1rd,avgI2rd,avgDrd,Beta,Beff
0.000000e+00,1.692569e+00,0.000000e+00,0.000000e+00,5.011872e-06,0.000000e+00
1.666667e-01,1.692569e+00,0.000000e+00,0.000000e+00,5.011872e-06,0.000000e+00
3.333333e-01,1.692569e+00,0.000000e+00,0.000000e+00,5.011872e-06,0.000000e+00
5.000000e-01,1.692569e+00,0.000000e+00,0.000000e+00,5.011872e-06,0.000000e+00
6.666667e-01,1.692569e+00,0.000000e+00,0.000000e+00,5.011872e-06,0.000000e+00
8.333333e-01,1.692569e+00,0.000000e+00,0.000000e+00,5.011872e-06,0.000000e+00
1.000000e+00,1.692569e+00,0.000000e+00,0.000000e+00,5.011872e-06,0.000000e+00
1.166667e+00,1.692569e+00,0.000000e+00,0.000000e+00,5.011872e-06,0.000000e+00
1.333333e+00,1.692569e+00,0.000000e+00,0.000000e+00,5.011872e-06,0.000000e+00
1.500000e+00,1.692569e+00,0.000000e+00,0.000000e+00,5.011872e-06,0.000000e+00
1.666667e+00,1.692569e+00,0.000000e+00,0.000000e+00,5.011872e-06,0.000000e+00
1.833333e+00,1.692569e+00,0.000000e+00,0.000000e+00,5.011872e-06,0.000000e+00
2.000000e+00,1.692569e+00,0.000000e+00,0.000000e+00,5.011872e-06,0.000000e+00
2.166667e+00,1.692569e+00,0.000000e+00,0.000000e+00,5.011872e-06,0.000000e+00
2.333333e+00,1.692569e+00,0.000000e+00,0.000000e+00,5.011872e-06,0.000000e+00
2.500000e+00,1.692569e+00,0.000000e+00,0.000000e+00,5.011872e-06,0.000000e+00
2.666667e+00,1.692569e+00,0.000000e+00,0.000000e+00,5.011872e-06,0.000000e+00
2.833333e+00,1.692569e+00,0.000000e+00,0.000000e+00,5.011872e-06,0.000000e+00
3.000000e+00,1.692569e+00,0.000000e+00,0.000000e+00,5.011872e-06,0.000000e+00
3.166667e+00,1.692569e+00,0.000000e+00,0.000000e+00,5.011872e-06,0.000000e+00
3.333333e+00,1.692569e+00,0.000000e+00,0.000000e+00,5.011872e-06,0.000000e+00
3.500000e+00,1.692569e+00,0.000000e+00,0.000000e+00,5.011872e-06,0.000000e+00
3.666667e+00,1.692569e+00,0.000000e+00,0.000000e+00,5.011872e-06,0.000000e+00
3.833333e+00,1.692569e+00,0.000000e+00,0.000000e+00,5.011872e-06,0.000000e+00
4.000000e+00,1.692569e+00,0.000000e+00,0.000000e+00,5.011872e-06,0.000000e+00
4.166667e+00,1.692569e+00,0.000000e+00,0.000000e+00,5.011872e-06,0.000000e+00
4.333333e+00,1.692569e+00,0.000000e+00,0.000000e+00,5.011872e-06,0.000000e+00
4.500000e+00,1.692569e+00,0.000000e+00,0.000000e+00,5.011872e-06,0.000000e+00
4.666667e+00,1.692569e+00,0.000000e+00,0.000000e+00,5.011872e-06,0.000000e+00
4.833333e+00,1.692569e+00,0.000000e+00,0.000000e+00,5.011872e-06,0.000000e+00
5.000000e+00,1.692569e+00,0.000000e+00,0.000000e+00,5.011872e-06,0.000000e+00
5.166667e+00,1.692569e+00,0.000000e+00,0.000000e+00,5.011872e-06,0.000000e+00
5.333333e+00,1.692569e+00,0.000000e+00,0.000000e+00,5.011872e-06,0.000000e+00
5.500000e+00,1.692569e+00,0.000000e+00,0.000000e+00,5.011872e-06,0.000000e+00
5.666667e+00,1.692569e+00,0.000000e+00,0.000000e+00,5.011872e-06,0.000000e+00
5.833333e+00,1.692569e+00,0.000000e+00,0.000000e+00,5.011872e-06,0.000000e+00
6.000000e+00,1.692569e+00,0.000000e+00,0.000000e+00,5.011872e-06,0.000000e+00
6.166667e+00,1.692569e+00,0.000000e+00,0.000000e+00,5.011872e-06,0.000000e+00
6.333333e+00,1.692569e+00,0.000000e+00,0.000000e+00,5.011872e-06,0.000000e+00
6.500000e+00,1.692569e+00,0.000000e+00,0.000000e+00,5.011872e-06,0.000000e+00
6.666667e+00,1.692569e+00,0.000000e+00,0.000000e+00,5.011872e-06,0.000000e+00
6.833333e+00,1.692569e+00,0.000000e+00,0.000000e+00,5.011872e-06,0.000000e+00
7.000000e+00,1.692569e+00,0.000000e+00,0.000000e+00,5.011872e-06,0.000000e+00
7.166667e+00,1.692569e+00,0.000000e+00,0.000000e+00,5.011872e-06,0.000000e+00
7.333333e+00,1.692569e+00,0.000000e+00,0.000000e+00,5.011872e-06,0.000000e+00
7.500000e+00,1.692569e+00,0.000000e+00,0.000000e+00,5.011872e-06,0.000000e+00
7.666667e+00,1.692569e+00,0.000000e+00,0.000000e+00,5.011872e-06,0.000000e+00
7.833333e+00,1.692569e+00,0.000000e+00,0.000000e+00,5.011872e-06,0.000000e+00
8.000000e+00,1.692569e+00,0.000000e+00,0.000000e+00,5.011872e-06,0.000000e+00
8.166667e+00,1.692569e+00,0.000000e+00,0.000000e+00,5.011872e-06,0.000000e+00
8.333333e+00,1.692569e+00,0.000000e+00,0.000000e+00,5.011872e-06,0.000000e+00
8.500000e+00,1.692569e+00,0.000000e+00,0.000000e+00,5.011872e-06,0.000000e+00
8.666667e+00,1.692569e+00,0.000000e+00,0.000000e+00,5.011872e-06,0.000000e+00
8.833333e+00,1.692569e+00,0.000000e+00,0.000000e+00,5.011872e-06,0.000000e+00
9.000000e+00,1.692569e+00,1.692569e+00,0.000000e+00,5.011872e-06,0.000000e+00
9.166667e+00,1.692569e+00,1.692569e+00,0.000000e+00,5.011872e-06,0.000000e+00
9.333333e+00,4.145930e+00,1.692569e+00,0.000000e+00,5.011872e-06,2.216313e-06
9.500000e+00,4.478116e+00,1.692569e+00,0.000000e+00,5.011872e-06,2.051594e-07
9.666667e+00,5.352372e+00,1.692569e+00,0.000000e+00,5.011872e-06,3.769173e-07
9.833333e+00,5.613615e+00,1.692569e+00,0.000000e+00,5.011872e-06,8.590761e-08
1.000000e+01,7.569398e+00,1.692569e+00,0.000000e+00,5.011872e-06,5.600693e-07
1.016667e+01,8.794845e+00,3.385138e+00,0.000000e+00,5.011872e-06,3.264818e-07
1.033333e+01,9.114762e+00,4.478116e+00,0.000000e+00,5.011872e-06,7.145375e-08
1.050000e+01,9.574615e+00,4.478116e+00,0.000000e+00,5.011872e-06,8.334560e-08
1.066667e+01,9.869287e+00,5.077706e+00,0.000000e+00,5.011872e-06,4.367338e-08
1.083333e+01,1.015541e+01,5.077706e+00,0.000000e+00,5.011872e-06,3.460743e-08
1.100000e+01,1.057009e+01,5.077706e+00,0.000000e+00,5.011872e-06,4.140425e-08
1.116667e+01,1.122723e+01,5.352372e+00,0.000000e+00,5.011872e-06,5.534869e-08
1.133333e+01,1.196827e+01,5.613615e+00,0.000000e+00,5.011872e-06,5.354333e-08
1.150000e+01,1.255243e+01,5.613615e+00,0.000000e+00,5.011872e-06,3.614553e-08
1.166667e+01,1.277861e+01,6.102643e+00,0.000000e+00,5.011872e-06,1.177031e-08
1.183333e+01,1.311058e+01,6.102643e+00,0.000000e+00,5.011872e-06,1.445138e-08
1.200000e+01,1.332730e+01,6.102643e+00,0.000000e+00,5.011872e-06,7.932283e-09
1.216667e+01,1.405953e+01,6.555291e+00,0.000000e+00,5.011872e-06,2.301270e-08
1.233333e+01,1.426184e+01,6.978640e+00,0.000000e+00,5.011872e-06,5.488781e-09
1.250000e+01,1.465808e+01,7.180961e+00,0.000000e+00,5.011872e-06,9.238214e-09
1.266667e+01,1.532686e+01,7.756324e+00,0.000000e+00,5.011872e-06,1.372594e-08
1.283333e+01,1.578723e+01,7.938851e+00,0.000000e+00,5.011872e-06,8.401676e-09
1.300000e+01,1.605712e+01,8.291860e+00,0.000000e+00,5.011872e-06,4.362487e-09
1.316667e+01,1.658372e+01,8.462844e+00,0.000000e+00,5.011872e-06,7.629333e-09
1.333333e+01,1.709411e+01,8.630441e+00,0.000000e+00,5.011872e-06,6.741447e-09
1.350000e+01,1.750807e+01,9.114762e+00,0.000000e+00,5.011872e-06,5.016182e-09
1.366667e+01,1.783232e+01,9.423824e+00,0.000000e+00,5.011872e-06,3.620190e-09
1.383333e+01,1.822952e+01,9.723067e+00,0.000000e+00,5.011872e-06,4.123573e-09
1.400000e+01,1.854116e+01,9.869287e+00,0.000000e+00,5.011872e-06,3.034896e-09
1.416667e+01,1.899904e+01,1.015541e+01,0.000000e+00,5.011872e-06,4.226555e-09
1.433333e+01,1.951966e+01,1.057009e+01,0.000000e+00,5.011872e-06,4.617364e-09
1.450000e+01,1.988318e+01,1.122723e+01,0.000000e+00,5.011872e-06,3.112650e-09
1.466667e+01,2.045139e+01,1.122723e+01,0.000000e+00,5.011872e-06,4.735161e-09
1.483333e+01,2.079863e+01,1.172646e+01,0.000000e+00,5.011872e-06,2.832499e-09
1.500000e+01,2.107231e+01,1.220529e+01,0.000000e+00,5.011872e-06,2.182084e-09
1.516667e+01,2.134248e+01,1.232209e+01,0.000000e+00,5.011872e-06,2.113071e-09
1.533333e+01,2.180722e+01,1.255243e+01,0.000000e+00,5.011872e-06,3.599677e-09
1.550000e+01,2.219783e+01,1.277861e+01,0.000000e+00,5.011872e-06,3.017423e-09
1.566667e+01,2.239058e+01,1.321938e+01,0.000000e+00,5.011872e-06,1.481559e-09
1.583333e+01,2.295912e+01,1.364593e+01,0.000000e+00,5.011872e-06,4.382468e-09
1.600000e+01,2.326897e+01,1.416105e+01,0.000000e+00,5.011872e-06,2.408684e-09
1.616667e+01,2.363544e+01,1.446131e+01,0.000000e+00,5.011872e-06,2.868695e-09
1.633333e+01,2.435182e+01,1.494836e+01,0.000000e+00,5.011872e-06,5.711862e-09
1.650000e+01,2.446918e+01,1.560471e+01,0.000000e+00,5.011872e-06,9.498590e-10
1.666667e+01,2.464417e+01,1.578723e+01,0.000000e+00,5.011872e-06,1.424985e-09
1.683333e+01,2.504773e+01,1.596766e+01,0.000000e+00,5.011872e-06,3.332701e-09
1.700000e+01,2.533205e+01,1.623455e+01,0.000000e+00,5.011872e-06,2.390284e-09
1.716667e+01,2.589132e+01,1.658372e+01,0.000000e+00,5.011872e-06,4.808853e-09
1.733333e+01,2.611168e+01,1.709411e+01,0.000000e+00,5.011872e-06,1.937146e-09
1.750000e+01,2.654690e+01,1.742606e+01,0.000000e+00,5.011872e-06,3.906723e-09
1.766667e+01,2.654690e+01,1.783232e+01,0.000000e+00,5.011872e-06,0.000000e+00
1.783333e+01,2.660081e+01,1.830793e+01,1.692569e+00,5.011872e-06,4.974651e-10
1.800000e+01,2.681533e+01,1.884765e+01,1.692569e+00,5.011872e-06,2.009532e-09
1.816667e+01,2.697511e+01,1.899904e+01,1.692569e+00,5.011872e-06,1.637644e-09
1.833333e+01,2.708110e+01,1.944613e+01,1.692569e+00,5.011872e-06,1.182475e-09
1.850000e+01,2.713394e+01,1.973857e+01,1.692569e+00,5.011872e-06,6.377946e-10
1.866667e+01,2.744885e+01,1.981101e+01,1.692569e+00,5.011872e-06,4.106764e-09
1.883333e+01,2.791456e+01,2.002674e+01,1.692569e+00,5.011872e-06,6.565826e-09
1.900000e+01,2.822076e+01,2.031083e+01,1.692569e+00,5.011872e-06,4.623316e-09
1.916667e+01,2.842306e+01,2.052131e+01,1.692569e+00,5.011872e-06,3.217798e-09
1.933333e+01,2.867393e+01,2.079863e+01,1.692569e+00,5.011872e-06,4.140375e-09
1.950000e+01,2.892263e+01,2.100423e+01,1.692569e+00,5.011872e-06,4.182009e-09
1.966667e+01,2.926725e+01,2.107231e+01,1.692569e+00,5.011872e-06,5.757177e-09
1.983333e+01,2.941371e+01,2.120783e+01,1.692569e+00,5.011872e-06,2.369217e-09
2.000000e+01,2.955944e+01,2.154288e+01,1.692569e+00,5.011872e-06,2.221666e-09
2.016667e+01,2.970446e+01,2.160927e+01,1.692569e+00,5.011872e-06,2.034694e-09
2.033333e+01,2.989672e+01,2.180722e+01,1.692569e+00,5.011872e-06,2.430456e-09
2.050000e+01,3.037206e+01,2.200339e+01,1.692569e+00,5.011872e-06,5.338350e-09
2.066667e+01,3.060696e+01,2.239058e+01,1.692569e+00,5.011872e-06,2.305590e-09
2.083333e+01,3.079359e+01,2.264503e+01,2.393654e+00,5.011872e-06,1.571463e-09
2.100000e+01,3.084007e+01,2.289665e+01,2.393654e+00,5.011872e-06,3.284965e-10
2.116667e+01,3.107143e+01,2.339177e+01,2.393654e+00,5.011872e-06,1.374950e-09
2.133333e+01,3.125529e+01,2.357475e+01,2.393654e+00,5.011872e-06,9.164322e-10
2.150000e+01,3.139247e+01,2.393654e+01,2.393654e+00,5.011872e-06,5.712299e-10
2.166667e+01,3.152906e+01,2.417472e+01,2.393654e+00,5.011872e-06,4.744940e-10
2.183333e+01,3.184549e+01,2.435182e+01,2.393654e+00,5.011872e-06,9.209013e-10
2.200000e+01,3.206960e+01,2.464417e+01,2.393654e+00,5.011872e-06,5.431492e-10
2.216667e+01,3.233648e+01,2.504773e+01,2.393654e+00,5.011872e-06,5.416235e-10
2.233333e+01,3.268893e+01,2.538853e+01,2.393654e+00,5.011872e-06,6.041827e-10
2.250000e+01,3.277645e+01,2.561321e+01,2.393654e+00,5.011872e-06,1.270509e-10
2.266667e+01,3.312422e+01,2.566908e+01,3.784699e+00,5.011872e-06,4.300780e-10
2.283333e+01,3.325370e+01,2.578044e+01,4.145930e+00,5.011872e-06,1.375555e-10
2.300000e+01,3.346838e+01,2.589132e+01,4.478116e+00,5.011872e-06,2.002801e-10
2.316667e+01,3.376664e+01,2.605676e+01,5.613615e+00,5.011872e-06,2.472282e-10
2.333333e+01,3.418821e+01,2.616648e+01,6.102643e+00,5.011872e-06,3.132742e-10
2.350000e+01,3.456323e+01,2.649289e+01,6.333012e+00,5.011872e-06,2.558602e-10
2.366667e+01,3.485212e+01,2.670828e+01,6.978640e+00,5.011872e-06,1.815058e-10
2.383333e+01,3.517938e+01,2.697511e+01,7.377736e+00,5.011872e-06,1.900246e-10
2.400000e+01,3.546325e+01,2.739662e+01,7.569398e+00,5.011872e-06,1.542934e-10
2.416667e+01,3.586489e+01,2.796583e+01,7.569398e+00,5.011872e-06,2.061432e-10
2.433333e+01,3.614338e+01,2.816996e+01,7.756324e+00,5.011872e-06,1.351472e-10
2.450000e+01,3.641974e+01,2.837262e+01,8.117275e+00,5.011872e-06,1.255867e-10
2.466667e+01,3.681094e+01,2.857385e+01,8.794845e+00,5.011872e-06,1.671132e-10
2.483333e+01,3.704368e+01,2.887306e+01,8.956232e+00,5.011872e-06,9.394806e-11
2.500000e+01,3.750482e+01,2.921827e+01,9.114762e+00,5.011872e-06,1.779311e-10
2.516667e+01,3.807339e+01,2.946237e+01,9.574615e+00,5.011872e-06,2.105688e-10
2.533333e+01,3.826104e+01,2.989672e+01,1.015541e+01,5.011872e-06,6.638312e-11
2.550000e+01,3.863360e+01,2.994460e+01,1.096910e+01,5.011872e-06,1.262369e-10
2.566667e+01,3.907598e+01,3.027759e+01,1.109892e+01,5.011872e-06,1.447504e-10
2.583333e+01,3.925884e+01,3.065372e+01,1.160367e+01,5.011872e-06,5.820046e-11
2.600000e+01,3.983834e+01,3.070042e+01,1.220529e+01,5.011872e-06,1.792073e-10
2.616667e+01,4.030304e+01,3.093282e+01,1.243779e+01,5.011872e-06,1.400612e-10
2.633333e+01,4.058637e+01,3.130108e+01,1.277861e+01,5.011872e-06,8.336308e-11
2.650000e+01,4.090277e+01,3.171027e+01,1.321938e+01,5.011872e-06,9.066539e-11
2.666667e+01,4.149383e+01,3.211423e+01,1.436192e+01,5.011872e-06,1.658268e-10
2.683333e+01,4.187184e+01,3.255721e+01,1.465808e+01,5.011872e-06,1.039646e-10
2.700000e+01,4.241565e+01,3.277645e+01,1.504388e+01,5.011872e-06,1.485921e-10
2.716667e+01,4.271850e+01,3.295080e+01,1.523312e+01,5.011872e-06,8.178961e-11
2.733333e+01,4.311900e+01,3.321060e+01,1.569624e+01,5.011872e-06,1.068982e-10
2.750000e+01,4.368008e+01,3.355387e+01,1.658372e+01,5.011872e-06,1.480009e-10
2.766667e+01,4.407184e+01,3.380903e+01,1.709411e+01,5.011872e-06,1.023784e-10
2.783333e+01,4.436339e+01,3.410432e+01,1.758969e+01,5.011872e-06,7.575292e-11
2.800000e+01,4.455669e+01,3.452176e+01,1.815078e+01,5.011872e-06,4.998180e-11
2.816667e+01,4.494081e+01,3.476983e+01,1.830793e+01,5.011872e-06,9.906332e-11
2.833333e+01,4.535326e+01,3.501613e+01,1.861826e+01,5.011872e-06,1.067026e-10
2.850000e+01,4.588703e+01,3.542284e+01,1.884765e+01,5.011872e-06,1.382627e-10
2.866667e+01,4.619814e+01,3.570478e+01,1.914923e+01,5.011872e-06,8.055145e-11
2.883333e+01,4.675290e+01,3.606403e+01,1.966587e+01,5.011872e-06,1.430609e-10
2.900000e+01,4.724056e+01,3.638039e+01,2.002674e+01,5.011872e-06,1.255123e-10
2.916667e+01,4.769321e+01,3.665496e+01,2.024018e+01,5.011872e-06,1.167513e-10
2.933333e+01,4.799261e+01,3.681094e+01,2.100423e+01,5.011872e-06,7.741739e-11
2.950000e+01,4.846779e+01,3.708232e+01,2.154288e+01,5.011872e-06,1.230031e-10
2.966667e+01,4.876243e+01,3.754299e+01,2.200339e+01,5.011872e-06,7.705493e-11
2.983333e+01,4.908449e+01,3.784699e+01,2.232652e+01,5.011872e-06,8.518116e-11
3.000000e+01,4.949136e+01,3.803575e+01,2.264503e+01,5.011872e-06,1.091489e-10
3.016667e+01,4.986619e+01,3.844777e+01,2.308356e+01,5.011872e-06,1.019619e-10
3.033333e+01,5.038058e+01,3.892908e+01,2.333045e+01,5.011872e-06,1.421872e-10
3.050000e+01,5.074885e+01,3.922234e+01,2.345292e+01,5.011872e-06,1.035600e-10
3.066667e+01,5.100224e+01,3.954965e+01,2.351392e+01,5.011872e-06,7.208918e-11
3.083333e+01,5.131024e+01,3.994606e+01,2.369596e+01,5.011872e-06,8.816470e-11
3.100000e+01,5.158865e+01,4.023190e+01,2.381655e+01,5.011872e-06,7.988077e-11
3.116667e+01,5.189318e+01,4.058637e+01,2.411539e+01,5.011872e-06,8.745330e-11
3.133333e+01,5.219592e+01,4.114718e+01,2.429293e+01,5.011872e-06,8.676818e-11
3.150000e+01,5.257872e+01,4.139014e+01,2.458598e+01,5.011872e-06,1.098409e-10
3.166667e+01,5.295874e+01,4.180336e+01,2.470223e+01,5.011872e-06,1.089092e-10
3.183333e+01,5.322853e+01,4.228035e+01,2.487558e+01,5.011872e-06,7.729789e-11
3.200000e+01,5.357722e+01,4.248314e+01,2.504773e+01,5.011872e-06,9.946851e-11
3.216667e+01,5.397676e+01,4.281898e+01,2.521871e+01,5.011872e-06,1.134245e-10
3.233333e+01,5.416220e+01,4.335091e+01,2.583594e+01,5.011872e-06,5.227332e-11
3.250000e+01,5.439970e+01,4.358159e+01,2.616648e+01,5.011872e-06,6.615598e-11
3.266667e+01,5.455745e+01,4.394164e+01,2.660081e+01,5.011872e-06,4.383128e-11
3.283333e+01,5.492379e+01,4.429876e+01,2.681533e+01,5.011872e-06,1.019986e-10
3.300000e+01,5.520992e+01,4.465303e+01,2.702816e+01,5.011872e-06,8.027901e-11
3.316667e+01,5.575209e+01,4.522675e+01,2.739662e+01,5.011872e-06,1.531057e-10
3.333333e+01,5.603400e+01,4.563663e+01,2.755302e+01,5.011872e-06,8.003634e-11
3.350000e+01,5.631449e+01,4.594942e+01,2.801700e+01,5.011872e-06,8.024364e-11
3.366667e+01,5.659359e+01,4.622913e+01,2.816996e+01,5.011872e-06,8.027058e-11
3.383333e+01,5.692167e+01,4.659946e+01,2.872384e+01,5.011872e-06,9.549722e-11
3.400000e+01,5.732288e+01,4.672226e+01,2.882341e+01,5.011872e-06,1.180774e-10
3.416667e+01,5.759710e+01,4.693637e+01,2.902151e+01,5.011872e-06,8.232369e-11
3.433333e+01,5.787001e+01,4.714951e+01,2.926725e+01,5.011872e-06,8.313281e-11
3.450000e+01,5.833840e+01,4.757293e+01,2.941371e+01,5.011872e-06,1.449585e-10
3.466667e+01,5.860787e+01,4.790298e+01,2.965620e+01,5.011872e-06,8.470325e-11
3.483333e+01,5.882742e+01,4.811184e+01,2.980075e+01,5.011872e-06,6.971080e-11
3.500000e+01,5.923991e+01,4.831980e+01,3.008776e+01,5.011872e-06,1.323467e-10
3.516667e+01,5.955341e+01,4.867423e+01,3.018282e+01,5.011872e-06,1.014546e-10
3.533333e+01,6.000866e+01,4.885048e+01,3.037206e+01,5.011872e-06,1.487985e-10
3.550000e+01,6.031817e+01,4.899687e+01,3.060696e+01,5.011872e-06,1.014731e-10
3.566667e+01,6.067334e+01,4.934643e+01,3.074704e+01,5.011872e-06,1.160833e-10
3.583333e+01,6.095598e+01,4.960699e+01,3.102530e+01,5.011872e-06,9.207430e-11
3.600000e+01,6.126070e+01,4.986619e+01,3.116350e+01,5.011872e-06,9.844588e-11
3.616667e+01,6.147078e+01,5.029522e+01,3.139247e+01,5.011872e-06,6.712287e-11
3.633333e+01,6.179615e+01,5.055088e+01,3.161979e+01,5.011872e-06,1.021313e-10
3.650000e+01,6.202751e+01,5.105838e+01,3.184549e+01,5.011872e-06,7.124967e-11
3.666667e+01,6.225801e+01,5.119846e+01,3.238075e+01,5.011872e-06,6.955051e-11
3.683333e+01,6.255639e+01,5.142179e+01,3.255721e+01,5.011872e-06,8.791608e-11
3.700000e+01,6.283056e+01,5.175498e+01,3.282013e+01,5.011872e-06,7.965561e-11
3.716667e+01,6.323959e+01,5.200347e+01,3.303762e+01,5.011872e-06,1.169342e-10
3.733333e+01,6.348825e+01,5.227819e+01,3.329675e+01,5.011872e-06,6.981529e-11
3.750000e+01,6.375842e+01,5.268757e+01,3.351115e+01,5.011872e-06,7.426744e-11
3.766667e+01,6.411686e+01,5.306682e+01,3.402021e+01,5.011872e-06,9.670037e-11
3.783333e+01,6.447332e+01,5.330920e+01,3.418821e+01,5.011872e-06,9.420484e-11
3.800000e+01,6.467296e+01,5.357722e+01,3.464602e+01,5.011872e-06,5.192583e-11
3.816667e+01,6.511442e+01,5.389709e+01,3.501613e+01,5.011872e-06,1.126396e-10
3.833333e+01,6.539977e+01,5.426788e+01,3.513864e+01,5.011872e-06,7.161407e-11
3.850000e+01,6.559659e+01,5.458370e+01,3.554394e+01,5.011872e-06,4.861195e-11
3.866667e+01,6.592333e+01,5.489770e+01,3.574487e+01,5.011872e-06,7.908430e-11
3.883333e+01,6.611859e+01,5.518397e+01,3.594468e+01,5.011872e-06,4.637492e-11
3.900000e+01,6.637805e+01,5.546876e+01,3.618299e+01,5.011872e-06,6.028593e-11
3.916667e+01,6.670095e+01,5.582912e+01,3.653754e+01,5.011872e-06,7.324552e-11
3.933333e+01,6.697955e+01,5.613615e+01,3.712093e+01,5.011872e-06,6.164806e-11
3.950000e+01,6.721438e+01,5.656827e+01,3.754299e+01,5.011872e-06,5.070208e-11
3.966667e+01,6.755449e+01,5.687132e+01,3.807339e+01,5.011872e-06,7.217690e-11
3.983333e+01,6.791399e+01,5.724787e+01,3.844777e+01,5.011872e-06,7.505222e-11
4.000000e+01,6.822963e+01,5.764681e+01,3.867066e+01,5.011872e-06,6.507496e-11
4.016667e+01,6.864822e+01,5.772131e+01,3.900260e+01,5.011872e-06,8.535894e-11
4.033333e+01,6.889815e+01,5.794422e+01,3.965815e+01,5.011872e-06,5.028752e-11
4.050000e+01,6.916789e+01,5.838749e+01,3.991018e+01,5.011872e-06,5.357935e-11
4.066667e+01,6.939532e+01,5.855897e+01,4.051573e+01,5.011872e-06,4.495877e-11
4.083333e+01,6.968369e+01,5.892473e+01,4.079758e+01,5.011872e-06,5.648913e-11
4.100000e+01,7.005272e+01,5.916732e+01,4.114718e+01,5.011872e-06,7.219383e-11
4.116667e+01,7.037912e+01,5.974552e+01,4.139014e+01,5.011872e-06,6.360352e-11
4.133333e+01,7.082546e+01,6.012789e+01,4.173478e+01,5.011872e-06,8.662884e-11
4.150000e+01,7.114831e+01,6.048418e+01,4.200845e+01,5.011872e-06,6.216689e-11
4.166667e+01,7.166984e+01,6.076770e+01,4.228035e+01,5.011872e-06,9.970039e-11
4.183333e+01,7.202869e+01,6.104990e+01,4.268496e+01,5.011872e-06,6.807222e-11
4.200000e+01,7.222729e+01,6.116710e+01,4.291922e+01,5.011872e-06,3.723686e-11
4.216667e+01,7.254390e+01,6.161043e+01,4.335091e+01,5.011872e-06,5.878211e-11
4.233333e+01,7.291809e+01,6.205060e+01,4.387640e+01,5.011872e-06,6.871007e-11
4.250000e+01,7.336851e+01,6.237294e+01,4.436339e+01,5.011872e-06,8.193863e-11
4.266667e+01,7.377736e+01,6.269362e+01,4.465303e+01,5.011872e-06,7.391965e-11
4.283333e+01,7.414533e+01,6.298994e+01,4.519507e+01,5.011872e-06,6.626415e-11
4.300000e+01,7.453070e+01,6.337534e+01,4.594942e+01,5.011872e-06,6.898678e-11
4.316667e+01,7.495233e+01,6.380333e+01,4.638380e+01,5.011872e-06,7.540630e-11
4.333333e+01,7.540959e+01,6.407217e+01,4.684473e+01,5.011872e-06,8.245400e-11
4.350000e+01,7.575072e+01,6.433988e+01,4.724056e+01,5.011872e-06,6.195132e-11
4.366667e+01,7.616559e+01,6.478361e+01,4.748251e+01,5.011872e-06,7.606843e-11
4.383333e+01,7.646590e+01,6.509242e+01,4.775324e+01,5.011872e-06,5.564380e-11
4.400000e+01,7.687691e+01,6.542167e+01,4.808206e+01,5.011872e-06,7.678687e-11
4.416667e+01,7.715589e+01,6.583636e+01,4.843823e+01,5.011872e-06,5.245465e-11
4.433333e+01,7.748934e+01,6.627006e+01,4.876243e+01,5.011872e-06,6.299288e-11
4.450000e+01,7.772927e+01,6.661500e+01,4.896763e+01,5.011872e-06,4.551799e-11
4.466667e+01,7.807862e+01,6.695816e+01,4.931740e+01,5.011872e-06,6.652548e-11
4.483333e+01,7.855416e+01,6.727828e+01,4.960699e+01,5.011872e-06,9.087885e-11
4.500000e+01,7.880903e+01,6.751207e+01,4.992361e+01,5.011872e-06,4.883956e-11
4.516667e+01,7.911741e+01,6.778733e+01,5.015261e+01,5.011872e-06,5.919284e-11
4.533333e+01,7.947867e+01,6.814560e+01,5.057921e+01,5.011872e-06,6.950064e-11
4.550000e+01,7.985625e+01,6.852291e+01,5.077706e+01,5.011872e-06,7.264556e-11
4.566667e+01,8.014273e+01,6.875247e+01,5.114247e+01,5.011872e-06,5.525206e-11
4.583333e+01,8.053498e+01,6.918860e+01,5.131024e+01,5.011872e-06,7.562743e-11
4.600000e+01,8.083677e+01,6.964257e+01,5.169959e+01,5.011872e-06,5.820122e-11
4.616667e+01,8.122567e+01,6.992993e+01,5.203101e+01,5.011872e-06,7.464886e-11
4.633333e+01,8.161271e+01,7.025690e+01,5.246963e+01,5.011872e-06,7.414401e-11
4.650000e+01,8.189305e+01,7.066348e+01,5.274192e+01,5.011872e-06,5.355816e-11
4.666667e+01,8.213756e+01,7.098707e+01,5.314774e+01,5.011872e-06,4.666581e-11
4.683333e+01,8.250296e+01,7.128910e+01,5.341657e+01,5.011872e-06,6.967105e-11
4.700000e+01,8.291860e+01,7.176971e+01,5.371073e+01,5.011872e-06,7.943654e-11
4.716667e+01,8.324617e+01,7.224711e+01,5.408280e+01,5.011872e-06,6.263674e-11
4.733333e+01,8.355532e+01,7.256364e+01,5.426788e+01,5.011872e-06,5.911001e-11
4.750000e+01,8.398280e+01,7.270169e+01,5.479324e+01,5.011872e-06,8.192237e-11
4.766667e+01,8.432322e+01,7.309467e+01,5.528770e+01,5.011872e-06,6.517074e-11
4.783333e+01,8.464536e+01,7.342706e+01,5.552038e+01,5.011872e-06,6.190541e-11
4.800000e+01,8.491569e+01,7.369966e+01,5.595725e+01,5.011872e-06,5.225499e-11
4.816667e+01,8.538670e+01,7.400998e+01,5.618716e+01,5.011872e-06,9.156491e-11
4.833333e+01,8.573826e+01,7.431900e+01,5.626359e+01,5.011872e-06,6.893636e-11
4.850000e+01,8.603845e+01,7.458834e+01,5.659359e+01,5.011872e-06,5.915046e-11
4.866667e+01,8.643708e+01,7.487584e+01,5.692167e+01,5.011872e-06,7.855698e-11
4.883333e+01,8.670182e+01,7.512413e+01,5.719781e+01,5.011872e-06,5.217246e-11
4.900000e+01,8.706453e+01,7.539059e+01,5.752244e+01,5.011872e-06,7.159579e-11
4.916667e+01,8.737656e+01,7.580743e+01,5.784525e+01,5.011872e-06,6.169241e-11
4.933333e+01,8.773647e+01,7.605267e+01,5.801833e+01,5.011872e-06,7.133608e-11
4.950000e+01,8.802985e+01,7.642843e+01,5.828928e+01,5.011872e-06,5.828796e-11
4.966667e+01,8.830603e+01,7.687691e+01,5.855897e+01,5.011872e-06,5.481842e-11
4.983333e+01,8.862986e+01,7.732279e+01,5.877870e+01,5.011872e-06,6.423990e-11
5.000000e+01,8.898470e+01,7.754477e+01,5.902189e+01,5.011872e-06,7.036765e-11
5.016667e+01,8.933813e+01,7.789495e+01,5.928825e+01,5.011872e-06,6.998415e-11
5.033333e+01,8.957831e+01,7.815197e+01,5.950529e+01,5.011872e-06,4.738601e-11
5.050000e+01,8.989755e+01,7.849943e+01,5.981740e+01,5.011872e-06,6.277593e-11
5.066667e+01,9.021566e+01,7.884537e+01,6.017552e+01,5.011872e-06,6.227791e-11
5.083333e+01,9.067494e+01,7.928018e+01,6.057883e+01,5.011872e-06,8.960094e-11
5.100000e+01,9.094309e+01,7.973059e+01,6.086191e+01,5.011872e-06,5.220744e-11
5.116667e+01,9.133600e+01,8.005331e+01,6.116710e+01,5.011872e-06,7.654130e-11
5.133333e+01,9.168037e+01,8.028559e+01,6.156392e+01,5.011872e-06,6.703846e-11
5.150000e+01,9.196117e+01,8.057054e+01,6.179615e+01,5.011872e-06,5.460173e-11
5.166667e+01,9.234975e+01,8.080132e+01,6.225801e+01,5.011872e-06,7.577153e-11
5.183333e+01,9.261306e+01,8.106680e+01,6.248766e+01,5.011872e-06,5.138269e-11
5.200000e+01,9.299891e+01,8.127855e+01,6.285335e+01,5.011872e-06,7.564889e-11
5.216667e+01,9.332180e+01,8.163026e+01,6.312623e+01,5.011872e-06,6.350911e-11
5.233333e+01,9.365887e+01,8.210267e+01,6.351081e+01,5.011872e-06,6.659896e-11
5.250000e+01,9.400997e+01,8.238134e+01,6.373595e+01,5.011872e-06,6.960572e-11
5.266667e+01,9.429902e+01,8.267640e+01,6.402744e+01,5.011872e-06,5.757419e-11
5.283333e+01,9.458719e+01,8.290132e+01,6.429534e+01,5.011872e-06,5.746893e-11
5.300000e+01,9.501026e+01,8.334934e+01,6.467296e+01,5.011872e-06,8.450040e-11
5.316667e+01,9.541645e+01,8.358959e+01,6.489407e+01,5.011872e-06,8.120380e-11
5.333333e+01,9.565634e+01,8.393162e+01,6.515840e+01,5.011872e-06,4.794775e-11
5.350000e+01,9.604489e+01,8.430624e+01,6.555291e+01,5.011872e-06,7.748707e-11
5.366667e+01,9.638730e+01,8.462844e+01,6.583636e+01,5.011872e-06,6.810324e-11
5.383333e+01,9.663960e+01,8.496628e+01,6.609692e+01,5.011872e-06,4.997186e-11
5.400000e+01,9.693559e+01,8.526919e+01,6.642119e+01,5.011872e-06,5.826676e-11
5.416667e+01,9.720120e+01,8.563796e+01,6.674389e+01,5.011872e-06,5.190036e-11
5.433333e+01,9.746610e+01,8.610502e+01,6.702230e+01,5.011872e-06,5.132209e-11
5.450000e+01,9.770096e+01,8.643708e+01,6.749085e+01,5.011872e-06,4.509102e-11
5.466667e+01,9.802297e+01,8.675137e+01,6.789290e+01,5.011872e-06,6.127538e-11
5.483333e+01,9.828565e+01,8.706453e+01,6.820863e+01,5.011872e-06,4.966307e-11
5.500000e+01,9.857669e+01,8.731096e+01,6.837643e+01,5.011872e-06,5.467763e-11
5.516667e+01,9.883790e+01,8.749123e+01,6.877330e+01,5.011872e-06,4.870217e-11
5.533333e+01,9.905505e+01,8.783437e+01,6.910574e+01,5.011872e-06,4.002985e-11
5.550000e+01,9.944472e+01,8.811117e+01,6.935402e+01,5.011872e-06,7.127679e-11
5.566667e+01,9.968928e+01,8.832225e+01,6.970425e+01,5.011872e-06,4.439726e-11
5.583333e+01,9.997624e+01,8.880745e+01,6.995041e+01,5.011872e-06,5.164712e-11
5.600000e+01,1.003623e+02,8.917766e+01,7.029766e+01,5.011872e-06,6.899014e-11
5.616667e+01,1.007327e+02,8.949832e+01,7.064320e+01,5.011872e-06,6.562935e-11
5.633333e+01,1.011301e+02,8.983379e+01,7.106774e+01,5.011872e-06,6.984100e-11
5.650000e+01,1.014836e+02,9.012035e+01,7.146971e+01,5.011872e-06,6.166584e-11
5.666667e+01,1.018218e+02,9.050100e+01,7.174974e+01,5.011872e-06,5.863535e-11
5.683333e+01,1.021728e+02,9.073810e+01,7.226694e+01,5.011872e-06,6.061179e-11
5.700000e+01,1.024249e+02,9.111618e+01,7.260311e+01,5.011872e-06,4.328028e-11
5.716667e+01,1.027878e+02,9.135168e+01,7.301625e+01,5.011872e-06,6.229683e-11
5.733333e+01,1.030801e+02,9.175846e+01,7.346606e+01,5.011872e-06,5.009263e-11
5.750000e+01,1.034130e+02,9.203902e+01,7.381618e+01,5.011872e-06,5.711580e-11
5.766667e+01,1.037449e+02,9.236526e+01,7.399062e+01,5.011872e-06,5.709073e-11
5.783333e+01,1.040895e+02,9.269036e+01,7.431900e+01,5.011872e-06,5.949588e-11
5.800000e+01,1.045016e+02,9.299891e+01,7.470347e+01,5.011872e-06,7.117086e-11
5.816667e+01,1.048437e+02,9.329110e+01,7.502873e+01,5.011872e-06,5.908270e-11
5.833333e+01,1.052391e+02,9.361298e+01,7.540959e+01,5.011872e-06,6.838936e-11
5.850000e+01,1.055653e+02,9.391850e+01,7.576963e+01,5.011872e-06,5.642709e-11
5.866667e+01,1.059040e+02,9.410134e+01,7.616559e+01,5.011872e-06,5.863721e-11
5.883333e+01,1.061876e+02,9.448112e+01,7.648463e+01,5.011872e-06,4.914732e-11
5.900000e+01,1.067124e+02,9.482918e+01,7.682100e+01,5.011872e-06,9.132218e-11
5.916667e+01,1.071143e+02,9.505548e+01,7.708160e+01,5.011872e-06,7.022379e-11
5.933333e+01,1.073814e+02,9.528125e+01,7.732279e+01,5.011872e-06,4.676956e-11
5.950000e+01,1.077410e+02,9.570126e+01,7.771084e+01,5.011872e-06,6.301879e-11
5.966667e+01,1.080331e+02,9.602997e+01,7.809696e+01,5.011872e-06,5.119428e-11
5.983333e+01,1.083905e+02,9.641701e+01,7.844467e+01,5.011872e-06,6.272080e-11
6.000000e+01,1.087862e+02,9.683209e+01,7.880903e+01,5.011872e-06,6.960072e-11
6.016667e+01,1.090624e+02,9.727486e+01,7.920788e+01,5.011872e-06,4.862000e-11
6.033333e+01,1.094557e+02,9.777423e+01,7.951471e+01,5.011872e-06,6.938135e-11
6.050000e+01,1.097171e+02,9.812520e+01,7.982037e+01,5.011872e-06,4.621114e-11
6.066667e+01,1.102121e+02,9.837305e+01,8.008909e+01,5.011872e-06,8.769456e-11
6.083333e+01,1.105754e+02,9.876541e+01,8.035692e+01,5.011872e-06,6.446979e-11
6.100000e+01,1.109117e+02,9.905505e+01,8.067714e+01,5.011872e-06,5.965661e-11
6.116667e+01,1.112856e+02,9.932942e+01,8.097840e+01,5.011872e-06,6.618098e-11
6.133333e+01,1.115556e+02,9.980416e+01,8.124330e+01,5.011872e-06,4.762638e-11
6.150000e+01,1.119145e+02,1.001766e+02,8.156004e+01,5.011872e-06,6.316133e-11
6.166667e+01,1.121702e+02,1.005050e+02,8.201539e+01,5.011872e-06,4.472350e-11
6.183333e+01,1.124635e+02,1.008606e+02,8.236395e+01,5.011872e-06,5.101618e-11
6.200000e+01,1.129592e+02,1.011867e+02,8.269372e+01,5.011872e-06,8.614860e-11
6.216667e+01,1.133895e+02,1.014977e+02,8.300492e+01,5.011872e-06,7.483942e-11
6.233333e+01,1.137678e+02,1.018499e+02,8.343523e+01,5.011872e-06,6.579056e-11
6.250000e+01,1.140445e+02,1.021027e+02,8.386332e+01,5.011872e-06,4.805177e-11
6.266667e+01,1.143956e+02,1.025227e+02,8.425525e+01,5.011872e-06,6.107427e-11
6.283333e+01,1.147332e+02,1.028714e+02,8.452682e+01,5.011872e-06,5.897627e-11
6.300000e+01,1.152564e+02,1.032328e+02,8.486507e+01,5.011872e-06,9.207468e-11
6.316667e+01,1.156534e+02,1.034407e+02,8.511787e+01,5.011872e-06,7.026636e-11
6.333333e+01,1.160243e+02,1.038553e+02,8.535314e+01,5.011872e-06,6.596882e-11
6.350000e+01,1.163695e+02,1.041583e+02,8.565468e+01,5.011872e-06,6.159443e-11
6.366667e+01,1.166523e+02,1.044330e+02,8.602180e+01,5.011872e-06,5.046248e-11
6.383333e+01,1.169221e+02,1.047753e+02,8.637077e+01,5.011872e-06,4.811644e-11
6.400000e+01,1.172524e+02,1.051711e+02,8.676788e+01,5.011872e-06,5.894546e-11
6.416667e+01,1.176427e+02,1.054431e+02,8.713031e+01,5.011872e-06,6.975957e-11
6.433333e+01,1.180074e+02,1.058363e+02,8.755670e+01,5.011872e-06,6.533276e-11
6.450000e+01,1.182983e+02,1.061471e+02,8.783437e+01,5.011872e-06,5.224268e-11
6.466667e+01,1.185886e+02,1.065646e+02,8.824113e+01,5.011872e-06,5.228714e-11
6.483333e+01,1.189263e+02,1.071143e+02,8.864602e+01,5.011872e-06,6.096547e-11
6.500000e+01,1.192150e+02,1.073681e+02,8.890418e+01,5.011872e-06,5.230526e-11
6.516667e+01,1.195629e+02,1.076745e+02,8.933813e+01,5.011872e-06,6.330463e-11
6.533333e+01,1.199099e+02,1.080464e+02,8.962627e+01,5.011872e-06,6.334075e-11
6.550000e+01,1.202200e+02,1.085490e+02,8.988162e+01,5.011872e-06,5.695670e-11
6.566667e+01,1.205770e+02,1.089047e+02,9.019978e+01,5.011872e-06,6.584673e-11
6.583333e+01,1.208854e+02,1.092723e+02,9.054847e+01,5.011872e-06,5.703699e-11
6.600000e+01,1.214057e+02,1.094557e+02,9.086430e+01,5.011872e-06,9.653041e-11
6.616667e+01,1.218179e+02,1.097954e+02,9.119475e+01,5.011872e-06,7.678456e-11
6.633333e+01,1.221233e+02,1.101861e+02,9.146138e+01,5.011872e-06,5.710128e-11
6.650000e+01,1.223342e+02,1.104717e+02,9.172723e+01,5.011872e-06,3.959749e-11
6.666667e+01,1.226733e+02,1.107695e+02,9.216344e+01,5.011872e-06,6.390416e-11
6.683333e+01,1.229183e+02,1.110924e+02,9.247375e+01,5.011872e-06,4.630280e-11
6.700000e+01,1.232441e+02,1.113757e+02,9.269036e+01,5.011872e-06,6.197688e-11
6.716667e+01,1.236155e+02,1.117736e+02,9.301431e+01,5.011872e-06,7.114310e-11
6.733333e+01,1.238470e+02,1.121063e+02,9.326038e+01,5.011872e-06,4.456129e-11
6.750000e+01,1.241704e+02,1.125145e+02,9.342918e+01,5.011872e-06,6.253171e-11
6.766667e+01,1.245505e+02,1.127180e+02,9.361298e+01,5.011872e-06,7.385401e-11
6.783333e+01,1.249639e+02,1.131112e+02,9.394900e+01,5.011872e-06,8.048650e-11
6.800000e+01,1.252272e+02,1.133516e+02,9.429902e+01,5.011872e-06,5.125666e-11
6.816667e+01,1.255243e+02,1.137048e+02,9.458719e+01,5.011872e-06,5.782242e-11
6.833333e+01,1.258320e+02,1.139942e+02,9.485938e+01,5.011872e-06,5.998479e-11
6.850000e+01,1.261730e+02,1.143079e+02,9.517596e+01,5.011872e-06,6.654469e-11
6.866667e+01,1.264792e+02,1.147582e+02,9.531131e+01,5.011872e-06,5.976460e-11
6.883333e+01,1.268411e+02,1.150200e+02,9.565634e+01,5.011872e-06,7.068469e-11
6.900000e+01,1.271343e+02,1.153557e+02,9.597029e+01,5.011872e-06,5.708722e-11
6.916667e+01,1.274382e+02,1.156534e+02,9.626834e+01,5.011872e-06,5.894059e-11
6.933333e+01,1.278422e+02,1.160490e+02,9.655063e+01,5.011872e-06,7.813076e-11
6.950000e+01,1.282114e+02,1.164187e+02,9.683209e+01,5.011872e-06,7.110615e-11
6.966667e+01,1.284904e+02,1.167627e+02,9.715698e+01,5.011872e-06,5.339869e-11
6.983333e+01,1.287688e+02,1.171057e+02,9.742200e+01,5.011872e-06,5.290429e-11
7.000000e+01,1.291908e+02,1.174965e+02,9.775958e+01,5.011872e-06,7.974859e-11
7.016667e+01,1.295230e+02,1.177765e+02,9.811061e+01,5.011872e-06,6.237512e-11
7.033333e+01,1.298874e+02,1.182378e+02,9.837305e+01,5.011872e-06,6.803153e-11
7.050000e+01,1.302288e+02,1.184798e+02,9.876541e+01,5.011872e-06,6.341841e-11
7.066667e+01,1.305255e+02,1.187696e+02,9.928615e+01,5.011872e-06,5.472731e-11
7.083333e+01,1.309418e+02,1.190106e+02,9.961741e+01,5.011872e-06,7.652348e-11
7.100000e+01,1.311823e+02,1.193471e+02,9.994758e+01,5.011872e-06,4.410502e-11
7.116667e+01,1.315857e+02,1.196468e+02,1.003195e+02,5.011872e-06,7.394281e-11
7.133333e+01,1.320529e+02,1.199935e+02,1.005477e+02,5.011872e-06,8.566070e-11
7.150000e+01,1.323455e+02,1.203153e+02,1.010309e+02,5.011872e-06,5.362150e-11
7.166667e+01,1.326266e+02,1.206126e+02,1.013706e+02,5.011872e-06,5.130029e-11
7.183333e+01,1.329071e+02,1.209684e+02,1.016105e+02,5.011872e-06,5.110208e-11
7.200000e+01,1.332407e+02,1.213467e+02,1.019342e+02,5.011872e-06,6.071802e-11
7.216667e+01,1.334878e+02,1.217121e+02,1.022989e+02,5.011872e-06,4.479595e-11
7.233333e+01,1.339484e+02,1.219002e+02,1.026205e+02,5.011872e-06,8.330243e-11
7.250000e+01,1.342048e+02,1.222756e+02,1.029967e+02,5.011872e-06,4.619580e-11
7.266667e+01,1.344288e+02,1.224863e+02,1.032883e+02,5.011872e-06,4.014018e-11
7.283333e+01,1.347905e+02,1.228017e+02,1.037035e+02,5.011872e-06,6.462852e-11
7.300000e+01,1.350560e+02,1.230929e+02,1.039656e+02,5.011872e-06,4.722652e-11
7.316667e+01,1.353632e+02,1.233951e+02,1.042408e+02,5.011872e-06,5.453775e-11
7.333333e+01,1.356380e+02,1.236039e+02,1.045701e+02,5.011872e-06,4.864530e-11
7.350000e+01,1.359755e+02,1.239164e+02,1.050075e+02,5.011872e-06,5.947166e-11
7.366667e+01,1.362176e+02,1.242281e+02,1.053344e+02,5.011872e-06,4.245875e-11
7.383333e+01,1.364488e+02,1.246080e+02,1.057009e+02,5.011872e-06,4.039833e-11
7.400000e+01,1.367633e+02,1.250899e+02,1.061201e+02,5.011872e-06,5.480676e-11
7.416667e+01,1.370458e+02,1.254672e+02,1.064436e+02,5.011872e-06,4.907069e-11
7.433333e+01,1.375674e+02,1.258092e+02,1.068868e+02,5.011872e-06,9.055070e-11
7.450000e+01,1.380456e+02,1.260481e+02,1.073414e+02,5.011872e-06,8.298624e-11
7.466667e+01,1.383254e+02,1.264565e+02,1.077676e+02,5.011872e-06,4.857586e-11
7.483333e+01,1.386151e+02,1.269314e+02,1.081391e+02,5.011872e-06,5.037263e-11
7.500000e+01,1.389144e+02,1.272920e+02,1.084830e+02,5.011872e-06,5.228688e-11
7.516667e+01,1.392337e+02,1.276179e+02,1.088257e+02,5.011872e-06,5.600904e-11
7.533333e+01,1.395215e+02,1.279206e+02,1.092330e+02,5.011872e-06,5.067132e-11
7.550000e+01,1.399622e+02,1.281779e+02,1.095734e+02,5.011872e-06,7.796731e-11
7.566667e+01,1.403404e+02,1.285795e+02,1.099128e+02,5.011872e-06,6.729938e-11
7.583333e+01,1.406259e+02,1.288466e+02,1.102900e+02,5.011872e-06,5.107686e-11
7.600000e+01,1.408905e+02,1.291686e+02,1.108342e+02,5.011872e-06,4.752484e-11
7.616667e+01,1.412560e+02,1.294234e+02,1.111439e+02,5.011872e-06,6.602929e-11
7.633333e+01,1.415700e+02,1.297440e+02,1.114656e+02,5.011872e-06,5.724743e-11
7.650000e+01,1.419136e+02,1.301738e+02,1.116711e+02,5.011872e-06,6.316282e-11
7.666667e+01,1.423168e+02,1.305255e+02,1.119657e+02,5.011872e-06,7.470478e-11
7.683333e+01,1.425882e+02,1.307557e+02,1.122085e+02,5.011872e-06,5.049367e-11
7.700000e+01,1.429093e+02,1.309418e+02,1.125017e+02,5.011872e-06,5.988176e-11
7.716667e+01,1.432897e+02,1.312587e+02,1.128069e+02,5.011872e-06,7.104319e-11
7.733333e+01,1.436691e+02,1.316510e+02,1.130986e+02,5.011872e-06,7.090616e-11
7.750000e+01,1.439778e+02,1.320746e+02,1.133516e+02,5.011872e-06,5.766829e-11
7.766667e+01,1.443752e+02,1.325401e+02,1.137930e+02,5.011872e-06,7.417250e-11
7.783333e+01,1.447319e+02,1.328747e+02,1.141198e+02,5.011872e-06,6.642158e-11
7.800000e+01,1.450582e+02,1.332300e+02,1.143330e+02,5.011872e-06,6.072601e-11
7.816667e+01,1.453443e+02,1.336379e+02,1.145708e+02,5.011872e-06,5.320471e-11
7.833333e+01,1.456691e+02,1.339377e+02,1.148580e+02,5.011872e-06,6.023281e-11
7.850000e+01,1.459933e+02,1.342795e+02,1.151942e+02,5.011872e-06,5.981211e-11
7.866667e+01,1.463167e+02,1.346417e+02,1.155294e+02,5.011872e-06,5.934721e-11
7.883333e+01,1.466491e+02,1.349711e+02,1.159132e+02,5.011872e-06,6.071786e-11
7.900000e+01,1.470491e+02,1.353738e+02,1.163572e+02,5.011872e-06,7.281293e-11
7.916667e+01,1.473896e+02,1.357541e+02,1.166277e+02,5.011872e-06,6.186512e-11
7.933333e+01,1.477003e+02,1.360493e+02,1.170445e+02,5.011872e-06,5.640722e-11
7.950000e+01,1.479425e+02,1.364907e+02,1.173867e+02,5.011872e-06,4.389724e-11
7.966667e+01,1.482907e+02,1.368366e+02,1.177157e+02,5.011872e-06,6.310823e-11
7.983333e+01,1.486476e+02,1.370876e+02,1.180559e+02,5.011872e-06,6.477416e-11
