Time,avgI1rd,avgI2rd,avgDrd,Beta,Beff
0.000000e+00,1.692569e+00,0.000000e+00,0.000000e+00,3.162278e-06,0.000000e+00
1.666667e-01,1.692569e+00,0.000000e+00,0.000000e+00,3.162278e-06,0.000000e+00
3.333333e-01,1.692569e+00,0.000000e+00,0.000000e+00,3.162278e-06,0.000000e+00
5.000000e-01,1.692569e+00,0.000000e+00,0.000000e+00,3.162278e-06,0.000000e+00
6.666667e-01,1.692569e+00,0.000000e+00,0.000000e+00,3.162278e-06,0.000000e+00
8.333333e-01,1.692569e+00,0.000000e+00,0.000000e+00,3.162278e-06,0.000000e+00
1.000000e+00,1.692569e+00,0.000000e+00,0.000000e+00,3.162278e-06,0.000000e+00
1.166667e+00,1.692569e+00,0.000000e+00,0.000000e+00,3.162278e-06,0.000000e+00
1.333333e+00,1.692569e+00,0.000000e+00,0.000000e+00,3.162278e-06,0.000000e+00
1.500000e+00,1.692569e+00,0.000000e+00,0.000000e+00,3.162278e-06,0.000000e+00
1.666667e+00,1.692569e+00,0.000000e+00,0.000000e+00,3.162278e-06,0.000000e+00
1.833333e+00,1.692569e+00,0.000000e+00,0.000000e+00,3.162278e-06,0.000000e+00
2.000000e+00,1.692569e+00,0.000000e+00,0.000000e+00,3.162278e-06,0.000000e+00
2.166667e+00,1.692569e+00,0.000000e+00,0.000000e+00,3.162278e-06,0.000000e+00
2.333333e+00,1.692569e+00,0.000000e+00,0.000000e+00,3.162278e-06,0.000000e+00
2.500000e+00,1.692569e+00,0.000000e+00,0.000000e+00,3.162278e-06,0.000000e+00
2.666667e+00,1.692569e+00,0.000000e+00,0.000000e+00,3.162278e-06,0.000000e+00
2.833333e+00,1.692569e+00,0.000000e+00,0.000000e+00,3.162278e-06,0.000000e+00
3.000000e+00,1.692569e+00,0.000000e+00,0.000000e+00,3.162278e-06,0.000000e+00
3.166667e+00,1.692569e+00,0.000000e+00,0.000000e+00,3.162278e-06,0.000000e+00
3.333333e+00,1.692569e+00,0.000000e+00,0.000000e+00,3.162278e-06,0.000000e+00
3.500000e+00,1.692569e+00,0.000000e+00,0.000000e+00,3.162278e-06,0.000000e+00
3.666667e+00,1.692569e+00,0.000000e+00,0.000000e+00,3.162278e-06,0.000000e+00
3.833333e+00,1.692569e+00,0.000000e+00,0.000000e+00,3.162278e-06,0.000000e+00
4.000000e+00,1.692569e+00,0.000000e+00,0.000000e+00,3.162278e-06,0.000000e+00
4.166667e+00,1.692569e+00,0.000000e+00,0.000000e+00,3.162278e-06,0.000000e+00
4.333333e+00,1.692569e+00,0.000000e+00,0.000000e+00,3.162278e-06,0.000000e+00
4.500000e+00,1.692569e+00,0.000000e+00,0.000000e+00,3.162278e-06,0.000000e+00
4.666667e+00,1.692569e+00,0.000000e+00,0.000000e+00,3.162278e-06,0.000000e+00
4.833333e+00,1.692569e+00,1.692569e+00,0.000000e+00,3.162278e-06,0.000000e+00
5.000000e+00,1.692569e+00,1.692569e+00,0.000000e+00,3.162278e-06,0.000000e+00
5.166667e+00,1.692569e+00,1.692569e+00,0.000000e+00,3.162278e-06,0.000000e+00
5.333333e+00,1.692569e+00,1.692569e+00,0.000000e+00,3.162278e-06,0.000000e+00
5.500000e+00,1.692569e+00,1.692569e+00,0.000000e+00,3.162278e-06,0.000000e+00
5.666667e+00,1.692569e+00,1.692569e+00,0.000000e+00,3.162278e-06,0.000000e+00
5.833333e+00,1.692569e+00,1.692569e+00,0.000000e+00,3.162278e-06,0.000000e+00
6.000000e+00,1.692569e+00,1.692569e+00,0.000000e+00,3.162278e-06,0.000000e+00
6.166667e+00,1.692569e+00,1.692569e+00,0.000000e+00,3.162278e-06,0.000000e+00
6.333333e+00,1.692569e+00,1.692569e+00,0.000000e+00,3.162278e-06,0.000000e+00
6.500000e+00,2.393654e+00,1.692569e+00,0.000000e+00,3.162278e-06,5.617185e-06
6.666667e+00,2.393654e+00,1.692569e+00,0.000000e+00,3.162278e-06,0.000000e+00
6.833333e+00,2.393654e+00,1.692569e+00,0.000000e+00,3.162278e-06,0.000000e+00
7.000000e+00,3.385138e+00,1.692569e+00,0.000000e+00,3.162278e-06,5.537604e-06
7.166667e+00,3.784699e+00,1.692569e+00,0.000000e+00,3.162278e-06,2.200852e-06
7.333333e+00,4.478116e+00,1.692569e+00,0.000000e+00,3.162278e-06,3.505045e-06
7.500000e+00,5.077706e+00,1.692569e+00,0.000000e+00,3.162278e-06,2.794591e-06
7.666667e+00,5.077706e+00,1.692569e+00,0.000000e+00,3.162278e-06,0.000000e+00
7.833333e+00,5.077706e+00,1.692569e+00,0.000000e+00,3.162278e-06,0.000000e+00
8.000000e+00,5.613615e+00,1.692569e+00,0.000000e+00,3.162278e-06,1.422867e-06
8.166667e+00,6.102643e+00,2.393654e+00,0.000000e+00,3.162278e-06,1.137331e-06
8.333333e+00,6.102643e+00,2.393654e+00,0.000000e+00,3.162278e-06,0.000000e+00
8.500000e+00,6.978640e+00,3.385138e+00,0.000000e+00,3.162278e-06,1.454562e-06
8.666667e+00,6.978640e+00,3.784699e+00,0.000000e+00,3.162278e-06,0.000000e+00
8.833333e+00,7.377736e+00,3.784699e+00,0.000000e+00,3.162278e-06,4.654423e-07
9.000000e+00,7.569398e+00,4.145930e+00,0.000000e+00,3.162278e-06,1.862304e-07
9.166667e+00,7.756324e+00,4.145930e+00,0.000000e+00,3.162278e-06,1.490611e-07
9.333333e+00,8.291860e+00,4.145930e+00,0.000000e+00,3.162278e-06,3.580463e-07
9.500000e+00,8.794845e+00,4.145930e+00,0.000000e+00,3.162278e-06,2.867608e-07
9.666667e+00,9.114762e+00,4.478116e+00,0.000000e+00,3.162278e-06,1.531597e-07
9.833333e+00,9.723067e+00,4.787307e+00,0.000000e+00,3.162278e-06,2.455297e-07
1.000000e+01,9.869287e+00,5.077706e+00,0.000000e+00,3.162278e-06,4.922087e-08
1.016667e+01,1.015541e+01,5.613615e+00,0.000000e+00,3.162278e-06,7.899035e-08
1.033333e+01,1.057009e+01,5.613615e+00,0.000000e+00,3.162278e-06,9.515101e-08
1.050000e+01,1.096910e+01,5.613615e+00,0.000000e+00,3.162278e-06,7.648176e-08
1.066667e+01,1.135410e+01,5.863230e+00,0.000000e+00,3.162278e-06,6.154894e-08
1.083333e+01,1.135410e+01,5.863230e+00,0.000000e+00,3.162278e-06,0.000000e+00
1.100000e+01,1.147956e+01,6.102643e+00,0.000000e+00,3.162278e-06,1.334717e-08
1.116667e+01,1.196827e+01,6.333012e+00,0.000000e+00,3.162278e-06,4.319949e-08
1.133333e+01,1.243779e+01,6.333012e+00,0.000000e+00,3.162278e-06,3.504696e-08
1.150000e+01,1.255243e+01,6.555291e+00,0.000000e+00,3.162278e-06,7.130011e-09
1.166667e+01,1.266602e+01,6.555291e+00,0.000000e+00,3.162278e-06,5.824159e-09
1.183333e+01,1.343435e+01,6.555291e+00,0.000000e+00,3.162278e-06,3.345892e-08
1.200000e+01,1.375049e+01,6.555291e+00,0.000000e+00,3.162278e-06,1.182850e-08
1.216667e+01,1.385427e+01,7.180961e+00,0.000000e+00,3.162278e-06,3.271918e-09
1.233333e+01,1.465808e+01,7.180961e+00,0.000000e+00,3.162278e-06,2.187727e-08
1.250000e+01,1.513880e+01,7.938851e+00,0.000000e+00,3.162278e-06,1.151557e-08
1.266667e+01,1.578723e+01,8.117275e+00,0.000000e+00,3.162278e-06,1.369490e-08
1.283333e+01,1.605712e+01,8.117275e+00,0.000000e+00,3.162278e-06,5.031142e-09
1.300000e+01,1.641006e+01,8.794845e+00,0.000000e+00,3.162278e-06,5.807012e-09
1.316667e+01,1.675558e+01,9.270581e+00,0.000000e+00,3.162278e-06,5.078336e-09
1.333333e+01,1.726088e+01,9.723067e+00,0.000000e+00,3.162278e-06,6.731651e-09
1.350000e+01,1.767094e+01,9.869287e+00,0.000000e+00,3.162278e-06,5.009094e-09
1.366667e+01,1.791246e+01,1.015541e+01,0.000000e+00,3.162278e-06,2.711178e-09
1.383333e+01,1.830793e+01,1.057009e+01,0.000000e+00,3.162278e-06,4.117315e-09
1.400000e+01,1.877150e+01,1.083773e+01,0.000000e+00,3.162278e-06,4.545189e-09
1.416667e+01,1.922389e+01,1.096910e+01,0.000000e+00,3.162278e-06,4.219160e-09
1.433333e+01,1.944613e+01,1.122723e+01,0.000000e+00,3.162278e-06,1.974651e-09
1.450000e+01,1.951966e+01,1.147956e+01,0.000000e+00,3.162278e-06,6.209197e-10
1.466667e+01,1.995509e+01,1.172646e+01,0.000000e+00,3.162278e-06,3.540525e-09
1.483333e+01,2.038123e+01,1.184798e+01,0.000000e+00,3.162278e-06,3.387042e-09
1.500000e+01,2.066043e+01,1.196827e+01,0.000000e+00,3.162278e-06,2.173035e-09
1.516667e+01,2.100423e+01,1.196827e+01,0.000000e+00,3.162278e-06,2.628125e-09
1.533333e+01,2.134248e+01,1.255243e+01,0.000000e+00,3.162278e-06,2.555341e-09
1.550000e+01,2.167546e+01,1.289022e+01,0.000000e+00,3.162278e-06,2.495521e-09
1.566667e+01,2.187281e+01,1.300087e+01,0.000000e+00,3.162278e-06,1.467877e-09
1.583333e+01,2.213321e+01,1.311058e+01,0.000000e+00,3.162278e-06,1.925336e-09
1.600000e+01,2.239058e+01,1.343435e+01,0.000000e+00,3.162278e-06,1.899652e-09
1.616667e+01,2.277118e+01,1.364593e+01,0.000000e+00,3.162278e-06,2.818734e-09
1.633333e+01,2.295912e+01,1.375049e+01,0.000000e+00,3.162278e-06,1.396860e-09
1.650000e+01,2.326897e+01,1.395728e+01,0.000000e+00,3.162278e-06,2.311205e-09
1.666667e+01,2.369596e+01,1.426184e+01,0.000000e+00,3.162278e-06,3.215790e-09
1.683333e+01,2.393654e+01,1.456003e+01,1.692569e+00,3.162278e-06,1.826983e-09
1.700000e+01,2.417472e+01,1.485223e+01,1.692569e+00,3.162278e-06,1.816194e-09
1.716667e+01,2.429293e+01,1.504388e+01,1.692569e+00,3.162278e-06,9.753407e-10
1.733333e+01,2.470223e+01,1.523312e+01,1.692569e+00,3.162278e-06,3.643239e-09
1.750000e+01,2.516184e+01,1.551265e+01,1.692569e+00,3.162278e-06,4.406750e-09
1.766667e+01,2.555723e+01,1.587770e+01,1.692569e+00,3.162278e-06,4.038014e-09
1.783333e+01,2.572482e+01,1.666987e+01,1.692569e+00,3.162278e-06,1.788726e-09
1.800000e+01,2.633019e+01,1.675558e+01,1.692569e+00,3.162278e-06,6.677231e-09
1.816667e+01,2.649289e+01,1.726088e+01,1.692569e+00,3.162278e-06,1.813085e-09
1.833333e+01,2.654690e+01,1.750807e+01,1.692569e+00,3.162278e-06,5.897665e-10
1.850000e+01,2.665460e+01,1.807169e+01,1.692569e+00,3.162278e-06,1.126622e-09
1.866667e+01,2.702816e+01,1.815078e+01,1.692569e+00,3.162278e-06,3.690139e-09
1.883333e+01,2.718668e+01,1.854116e+01,1.692569e+00,3.162278e-06,1.451465e-09
1.900000e+01,2.744885e+01,1.892349e+01,1.692569e+00,3.162278e-06,2.182879e-09
1.916667e+01,2.786320e+01,1.899904e+01,2.393654e+00,3.162278e-06,3.107474e-09
1.933333e+01,2.801700e+01,1.944613e+01,2.393654e+00,3.162278e-06,1.025072e-09
1.950000e+01,2.822076e+01,2.016928e+01,2.931615e+00,3.162278e-06,1.243880e-09
1.966667e+01,2.842306e+01,2.024018e+01,2.931615e+00,3.162278e-06,1.115139e-09
1.983333e+01,2.872384e+01,2.059099e+01,3.385138e+00,3.162278e-06,1.513690e-09
2.000000e+01,2.887306e+01,2.086739e+01,3.385138e+00,3.162278e-06,6.763461e-10
2.016667e+01,2.921827e+01,2.100423e+01,3.385138e+00,3.162278e-06,1.442352e-09
2.033333e+01,2.941371e+01,2.127526e+01,3.385138e+00,3.162278e-06,7.326306e-10
2.050000e+01,2.965620e+01,2.140949e+01,3.784699e+00,3.162278e-06,8.066847e-10
2.066667e+01,2.989672e+01,2.167546e+01,3.784699e+00,3.162278e-06,7.019462e-10
2.083333e+01,3.008776e+01,2.200339e+01,4.145930e+00,3.162278e-06,4.940387e-10
2.100000e+01,3.032486e+01,2.232652e+01,4.145930e+00,3.162278e-06,5.411691e-10
2.116667e+01,3.056012e+01,2.264503e+01,4.145930e+00,3.162278e-06,4.785045e-10
2.133333e+01,3.084007e+01,2.289665e+01,4.787307e+00,3.162278e-06,5.065304e-10
2.150000e+01,3.102530e+01,2.302142e+01,5.613615e+00,3.162278e-06,2.976063e-10
2.166667e+01,3.116350e+01,2.369596e+01,5.613615e+00,3.162278e-06,1.994667e-10
2.183333e+01,3.148360e+01,2.381655e+01,5.613615e+00,3.162278e-06,4.289270e-10
2.200000e+01,3.161979e+01,2.405592e+01,5.613615e+00,3.162278e-06,1.681770e-10
2.216667e+01,3.189044e+01,2.435182e+01,5.613615e+00,3.162278e-06,3.062400e-10
2.233333e+01,3.202490e+01,2.446918e+01,5.863230e+00,3.162278e-06,1.389433e-10
2.250000e+01,3.246910e+01,2.481793e+01,6.555291e+00,3.162278e-06,4.197714e-10
2.266667e+01,3.282013e+01,2.499048e+01,6.978640e+00,3.162278e-06,3.068146e-10
2.283333e+01,3.316744e+01,2.516184e+01,7.377736e+00,3.162278e-06,2.852275e-10
2.300000e+01,3.342555e+01,2.550112e+01,7.938851e+00,3.162278e-06,2.008812e-10
2.316667e+01,3.359653e+01,2.583594e+01,8.291860e+00,3.162278e-06,1.262092e-10
2.333333e+01,3.423008e+01,2.611168e+01,8.630441e+00,3.162278e-06,4.516349e-10
2.350000e+01,3.460465e+01,2.627573e+01,9.114762e+00,3.162278e-06,2.584424e-10
2.366667e+01,3.485212e+01,2.654690e+01,9.423824e+00,3.162278e-06,1.648795e-10
2.383333e+01,3.513864e+01,2.681533e+01,9.723067e+00,3.162278e-06,1.847352e-10
2.400000e+01,3.558422e+01,2.702816e+01,1.001337e+01,3.162278e-06,2.799644e-10
2.416667e+01,3.578492e+01,2.718668e+01,1.057009e+01,3.162278e-06,1.229732e-10
2.433333e+01,3.626208e+01,2.739662e+01,1.083773e+01,3.162278e-06,2.844092e-10
2.450000e+01,3.665496e+01,2.786320e+01,1.096910e+01,3.162278e-06,2.310693e-10
2.466667e+01,3.688868e+01,2.801700e+01,1.096910e+01,3.162278e-06,1.346253e-10
2.483333e+01,3.715950e+01,2.837262e+01,1.135410e+01,3.162278e-06,1.516424e-10
2.500000e+01,3.739007e+01,2.857385e+01,1.135410e+01,3.162278e-06,1.243734e-10
2.516667e+01,3.765728e+01,2.887306e+01,1.147956e+01,3.162278e-06,1.393423e-10
2.533333e+01,3.792261e+01,2.921827e+01,1.172646e+01,3.162278e-06,1.326913e-10
2.550000e+01,3.818609e+01,2.965620e+01,1.184798e+01,3.162278e-06,1.259795e-10
2.566667e+01,3.833584e+01,3.008776e+01,1.255243e+01,3.162278e-06,6.840693e-11
2.583333e+01,3.874467e+01,3.041919e+01,1.277861e+01,3.162278e-06,1.782387e-10
2.600000e+01,3.907598e+01,3.070042e+01,1.300087e+01,3.162278e-06,1.394296e-10
2.616667e+01,3.958585e+01,3.097909e+01,1.332730e+01,3.162278e-06,2.071179e-10
2.633333e+01,4.001771e+01,3.134681e+01,1.332730e+01,3.162278e-06,1.696200e-10
2.650000e+01,4.037406e+01,3.166506e+01,1.395728e+01,3.162278e-06,1.351062e-10
2.666667e+01,4.072730e+01,3.184549e+01,1.426184e+01,3.162278e-06,1.283027e-10
2.683333e+01,4.114718e+01,3.206960e+01,1.436192e+01,3.162278e-06,1.478778e-10
2.700000e+01,4.152834e+01,3.238075e+01,1.475547e+01,3.162278e-06,1.305488e-10
2.716667e+01,4.180336e+01,3.268893e+01,1.494836e+01,3.162278e-06,9.133089e-11
2.733333e+01,4.211062e+01,3.299424e+01,1.504388e+01,3.162278e-06,9.897002e-11
2.750000e+01,4.241565e+01,3.316744e+01,1.560471e+01,3.162278e-06,9.520614e-11
2.766667e+01,4.285242e+01,3.342555e+01,1.587770e+01,3.162278e-06,1.321556e-10
2.783333e+01,4.338394e+01,3.363914e+01,1.649712e+01,3.162278e-06,1.574431e-10
2.800000e+01,4.364728e+01,3.389366e+01,1.709411e+01,3.162278e-06,7.634689e-11
2.816667e+01,4.390903e+01,3.414629e+01,1.726088e+01,3.162278e-06,7.469370e-11
2.833333e+01,4.410433e+01,3.468734e+01,1.775181e+01,3.162278e-06,5.519461e-11
2.850000e+01,4.442791e+01,3.485212e+01,1.815078e+01,3.162278e-06,9.041648e-11
2.866667e+01,4.474916e+01,3.513864e+01,1.830793e+01,3.162278e-06,8.935230e-11
2.883333e+01,4.522675e+01,3.534187e+01,1.877150e+01,3.162278e-06,1.329748e-10
2.900000e+01,4.551090e+01,3.578492e+01,1.907428e+01,3.162278e-06,7.895141e-11
2.916667e+01,4.582456e+01,3.610373e+01,1.922389e+01,3.162278e-06,8.707384e-11
2.933333e+01,4.619814e+01,3.626208e+01,1.951966e+01,3.162278e-06,1.038248e-10
2.950000e+01,4.669159e+01,3.641974e+01,2.002674e+01,3.162278e-06,1.369188e-10
2.966667e+01,4.687529e+01,3.661586e+01,2.016928e+01,3.162278e-06,5.081153e-11
2.983333e+01,4.714951e+01,3.696626e+01,2.066043e+01,3.162278e-06,7.576469e-11
3.000000e+01,4.742214e+01,3.739007e+01,2.093592e+01,3.162278e-06,7.508912e-11
3.016667e+01,4.793288e+01,3.773328e+01,2.114018e+01,3.162278e-06,1.411463e-10
3.033333e+01,4.843823e+01,3.792261e+01,2.174144e+01,3.162278e-06,1.400606e-10
3.050000e+01,4.882115e+01,3.829846e+01,2.226227e+01,3.162278e-06,1.059567e-10
3.066667e+01,4.911367e+01,3.870768e+01,2.251816e+01,3.162278e-06,8.114648e-11
3.083333e+01,4.937545e+01,3.900260e+01,2.289665e+01,3.162278e-06,7.320327e-11
3.100000e+01,4.983746e+01,3.933174e+01,2.302142e+01,3.162278e-06,1.302773e-10
3.116667e+01,5.009546e+01,3.958585e+01,2.357475e+01,3.162278e-06,7.320206e-11
3.133333e+01,5.060752e+01,3.983834e+01,2.363544e+01,3.162278e-06,1.455995e-10
3.150000e+01,5.105838e+01,4.033857e+01,2.363544e+01,3.162278e-06,1.297515e-10
3.166667e+01,5.119846e+01,4.072730e+01,2.417472e+01,3.162278e-06,4.043662e-11
3.183333e+01,5.153309e+01,4.100770e+01,2.464417e+01,3.162278e-06,9.625377e-11
3.200000e+01,5.197592e+01,4.128619e+01,2.493309e+01,3.162278e-06,1.280327e-10
3.216667e+01,5.222336e+01,4.163169e+01,2.504773e+01,3.162278e-06,7.216184e-11
3.233333e+01,5.255147e+01,4.200845e+01,2.533205e+01,3.162278e-06,9.653333e-11
3.250000e+01,5.293169e+01,4.231422e+01,2.561321e+01,3.162278e-06,1.125236e-10
3.266667e+01,5.322853e+01,4.271850e+01,2.605676e+01,3.162278e-06,8.843375e-11
3.283333e+01,5.363066e+01,4.298592e+01,2.627573e+01,3.162278e-06,1.207411e-10
3.300000e+01,5.376404e+01,4.321854e+01,2.665460e+01,3.162278e-06,4.039757e-11
3.316667e+01,5.402981e+01,4.361445e+01,2.692195e+01,3.162278e-06,8.061473e-11
3.333333e+01,5.426788e+01,4.397423e+01,2.702816e+01,3.162278e-06,7.264732e-11
3.350000e+01,5.466237e+01,4.433109e+01,2.723932e+01,3.162278e-06,1.215760e-10
3.366667e+01,5.494986e+01,4.471714e+01,2.765680e+01,3.162278e-06,8.906843e-11
3.383333e+01,5.539124e+01,4.500451e+01,2.786320e+01,3.162278e-06,1.374150e-10
3.400000e+01,5.580346e+01,4.525841e+01,2.837262e+01,3.162278e-06,1.297697e-10
3.416667e+01,5.613615e+01,4.588703e+01,2.862393e+01,3.162278e-06,1.057367e-10
3.433333e+01,5.646689e+01,4.616712e+01,2.882341e+01,3.162278e-06,1.067495e-10
3.450000e+01,5.674524e+01,4.672226e+01,2.907082e+01,3.162278e-06,9.088130e-11
3.466667e+01,5.702224e+01,4.702783e+01,2.916920e+01,3.162278e-06,9.137366e-11
3.483333e+01,5.732288e+01,4.736169e+01,2.936497e+01,3.162278e-06,1.001278e-10
3.500000e+01,5.769649e+01,4.769321e+01,2.946237e+01,3.162278e-06,1.249703e-10
3.516667e+01,5.796894e+01,4.799261e+01,2.960786e+01,3.162278e-06,9.109221e-11
3.533333e+01,5.831384e+01,4.834943e+01,2.980075e+01,3.162278e-06,1.144459e-10
3.550000e+01,5.872994e+01,4.852686e+01,2.994460e+01,3.162278e-06,1.366226e-10
3.566667e+01,5.897333e+01,4.882115e+01,3.041919e+01,3.162278e-06,7.868214e-11
3.583333e+01,5.926408e+01,4.925928e+01,3.065372e+01,3.162278e-06,9.225577e-11
3.600000e+01,5.957746e+01,4.954921e+01,3.079359e+01,3.162278e-06,9.821456e-11
3.616667e+01,5.979345e+01,4.992361e+01,3.107143e+01,3.162278e-06,6.669590e-11
3.633333e+01,6.017552e+01,5.029522e+01,3.143807e+01,3.162278e-06,1.159052e-10
3.650000e+01,6.046049e+01,5.057921e+01,3.171027e+01,3.162278e-06,8.478084e-11
3.666667e+01,6.076770e+01,5.103032e+01,3.198014e+01,3.162278e-06,9.002014e-11
3.683333e+01,6.102643e+01,5.128232e+01,3.211423e+01,3.162278e-06,7.479771e-11
3.700000e+01,6.133081e+01,5.150529e+01,3.233648e+01,3.162278e-06,8.687227e-11
3.716667e+01,6.170336e+01,5.164415e+01,3.268893e+01,3.162278e-06,1.046799e-10
3.733333e+01,6.205060e+01,5.200347e+01,3.286374e+01,3.162278e-06,9.604388e-11
3.750000e+01,6.218895e+01,5.230558e+01,3.308095e+01,3.162278e-06,3.770230e-11
3.766667e+01,6.260217e+01,5.263317e+01,3.338267e+01,3.162278e-06,1.109424e-10
3.783333e+01,6.289892e+01,5.295874e+01,3.372419e+01,3.162278e-06,7.838742e-11
3.800000e+01,6.317160e+01,5.330920e+01,3.402021e+01,3.162278e-06,7.069346e-11
3.816667e+01,6.346569e+01,5.363066e+01,3.427191e+01,3.162278e-06,7.499358e-11
3.833333e+01,6.380333e+01,5.408280e+01,3.476983e+01,3.162278e-06,8.477051e-11
3.850000e+01,6.411686e+01,5.416220e+01,3.489320e+01,3.162278e-06,7.751411e-11
3.866667e+01,6.447332e+01,5.439970e+01,3.517938e+01,3.162278e-06,8.712397e-11
3.883333e+01,6.480571e+01,5.463616e+01,3.550362e+01,3.162278e-06,8.002021e-11
3.900000e+01,6.524628e+01,5.500197e+01,3.610373e+01,3.162278e-06,1.044813e-10
3.916667e+01,6.548732e+01,5.518397e+01,3.630156e+01,3.162278e-06,5.636876e-11
3.933333e+01,6.583636e+01,5.549458e+01,3.657672e+01,3.162278e-06,8.091401e-11
3.950000e+01,6.605357e+01,5.562349e+01,3.700499e+01,3.162278e-06,4.975864e-11
3.966667e+01,6.629168e+01,5.598285e+01,3.719803e+01,3.162278e-06,5.386298e-11
3.983333e+01,6.665799e+01,5.621265e+01,3.754299e+01,3.162278e-06,8.210428e-11
4.000000e+01,6.695816e+01,5.646689e+01,3.784699e+01,3.162278e-06,6.645820e-11
4.016667e+01,6.712908e+01,5.664418e+01,3.811100e+01,3.162278e-06,3.736155e-11
4.033333e+01,6.744839e+01,5.694683e+01,3.829846e+01,3.162278e-06,6.875649e-11
4.050000e+01,6.770275e+01,5.744769e+01,3.874467e+01,3.162278e-06,5.396226e-11
4.066667e+01,6.814560e+01,5.789476e+01,3.914923e+01,3.162278e-06,9.250008e-11
4.083333e+01,6.846017e+01,5.821551e+01,3.976636e+01,3.162278e-06,6.486440e-11
4.100000e+01,6.898126e+01,5.853450e+01,4.001771e+01,3.162278e-06,1.063050e-10
4.116667e+01,6.925068e+01,5.875433e+01,4.026749e+01,3.162278e-06,5.467114e-11
4.133333e+01,6.966314e+01,5.909465e+01,4.069211e+01,3.162278e-06,8.318756e-11
4.150000e+01,6.992993e+01,5.960150e+01,4.086774e+01,3.162278e-06,5.340822e-11
4.166667e+01,7.011403e+01,5.998479e+01,4.111235e+01,3.162278e-06,3.659544e-11
4.183333e+01,7.033840e+01,6.024689e+01,4.149383e+01,3.162278e-06,4.416334e-11
4.200000e+01,7.068375e+01,6.050785e+01,4.180336e+01,3.162278e-06,6.734298e-11
4.216667e+01,7.106774e+01,6.095598e+01,4.221254e+01,3.162278e-06,7.431649e-11
4.233333e+01,7.156984e+01,6.119052e+01,4.244941e+01,3.162278e-06,9.654967e-11
4.250000e+01,7.190928e+01,6.154065e+01,4.291922e+01,3.162278e-06,6.483637e-11
4.266667e+01,7.230657e+01,6.179615e+01,4.344992e+01,3.162278e-06,7.525224e-11
4.283333e+01,7.270169e+01,6.221198e+01,4.384374e+01,3.162278e-06,7.447015e-11
4.300000e+01,7.301625e+01,6.251058e+01,4.410433e+01,3.162278e-06,5.910423e-11
4.316667e+01,7.325128e+01,6.305812e+01,4.429876e+01,3.162278e-06,4.404135e-11
4.333333e+01,7.358295e+01,6.328487e+01,4.465303e+01,3.162278e-06,6.195407e-11
4.350000e+01,7.379677e+01,6.348825e+01,4.494081e+01,3.162278e-06,3.966156e-11
4.366667e+01,7.420326e+01,6.382578e+01,4.516337e+01,3.162278e-06,7.504747e-11
4.383333e+01,7.458834e+01,6.407217e+01,4.563663e+01,3.162278e-06,7.078794e-11
4.400000e+01,7.489497e+01,6.440663e+01,4.591824e+01,3.162278e-06,5.591654e-11
4.416667e+01,7.510506e+01,6.478361e+01,4.644552e+01,3.162278e-06,3.807337e-11
4.433333e+01,7.556140e+01,6.496025e+01,4.663019e+01,3.162278e-06,8.229500e-11
4.450000e+01,7.592072e+01,6.526823e+01,4.696688e+01,3.162278e-06,6.466725e-11
4.466667e+01,7.627835e+01,6.557475e+01,4.717988e+01,3.162278e-06,6.394612e-11
4.483333e+01,7.650336e+01,6.583636e+01,4.769321e+01,3.162278e-06,3.993656e-11
4.500000e+01,7.674638e+01,6.620519e+01,4.811184e+01,3.162278e-06,4.269546e-11
4.516667e+01,7.698863e+01,6.639963e+01,4.858586e+01,3.162278e-06,4.227491e-11
4.533333e+01,7.745236e+01,6.667948e+01,4.902609e+01,3.162278e-06,8.080440e-11
4.550000e+01,7.776612e+01,6.691536e+01,4.925928e+01,3.162278e-06,5.472378e-11
4.566667e+01,7.820693e+01,6.710774e+01,4.954921e+01,3.162278e-06,7.719855e-11
4.583333e+01,7.860884e+01,6.768159e+01,5.000961e+01,3.162278e-06,7.054293e-11
4.600000e+01,7.895430e+01,6.806147e+01,5.032369e+01,3.162278e-06,6.073783e-11
4.616667e+01,7.929825e+01,6.837643e+01,5.066410e+01,3.162278e-06,6.068176e-11
4.633333e+01,7.967667e+01,6.871079e+01,5.088978e+01,3.162278e-06,6.706456e-11
4.650000e+01,7.994588e+01,6.896049e+01,5.119846e+01,3.162278e-06,4.790793e-11
4.666667e+01,8.023204e+01,6.941596e+01,5.158865e+01,3.162278e-06,5.103409e-11
4.683333e+01,8.058832e+01,6.974533e+01,5.189318e+01,3.162278e-06,6.367410e-11
4.700000e+01,8.101377e+01,6.997088e+01,5.214101e+01,3.162278e-06,7.627831e-11
4.716667e+01,8.145460e+01,7.015488e+01,5.263317e+01,3.162278e-06,7.925294e-11
4.733333e+01,8.182305e+01,7.041981e+01,5.295874e+01,3.162278e-06,6.636417e-11
4.750000e+01,8.210267e+01,7.078500e+01,5.330920e+01,3.162278e-06,5.059101e-11
4.766667e+01,8.245086e+01,7.112818e+01,5.373739e+01,3.162278e-06,6.331139e-11
4.783333e+01,8.295314e+01,7.140955e+01,5.397676e+01,3.162278e-06,9.198491e-11
4.800000e+01,8.331497e+01,7.170981e+01,5.421507e+01,3.162278e-06,6.681807e-11
4.816667e+01,8.358959e+01,7.200881e+01,5.447863e+01,3.162278e-06,5.099081e-11
4.833333e+01,8.377788e+01,7.236597e+01,5.479324e+01,3.162278e-06,3.506316e-11
4.850000e+01,8.408507e+01,7.276077e+01,5.500197e+01,3.162278e-06,5.739602e-11
4.866667e+01,8.439115e+01,7.313386e+01,5.531360e+01,3.162278e-06,5.740853e-11
4.883333e+01,8.474683e+01,7.344656e+01,5.554618e+01,3.162278e-06,6.687389e-11
4.900000e+01,8.510104e+01,7.369966e+01,5.585477e+01,3.162278e-06,6.670305e-11
4.916667e+01,8.538670e+01,7.400998e+01,5.603400e+01,3.162278e-06,5.378437e-11
4.933333e+01,8.580506e+01,7.435753e+01,5.639074e+01,3.162278e-06,7.886502e-11
4.950000e+01,8.610502e+01,7.483757e+01,5.664418e+01,3.162278e-06,5.645707e-11
4.966667e+01,8.637077e+01,7.521940e+01,5.694683e+01,3.162278e-06,4.996292e-11
4.983333e+01,8.678439e+01,7.540959e+01,5.729789e+01,3.162278e-06,7.762752e-11
5.000000e+01,8.703162e+01,7.580743e+01,5.764681e+01,3.162278e-06,4.630734e-11
5.016667e+01,8.731096e+01,7.610915e+01,5.791949e+01,3.162278e-06,5.227195e-11
5.033333e+01,8.773647e+01,7.644717e+01,5.838749e+01,3.162278e-06,7.974529e-11
5.050000e+01,8.819242e+01,7.683964e+01,5.865673e+01,3.162278e-06,8.571810e-11
5.066667e+01,8.845190e+01,7.708160e+01,5.897333e+01,3.162278e-06,4.908245e-11
5.083333e+01,8.871063e+01,7.741536e+01,5.926408e+01,3.162278e-06,4.902170e-11
5.100000e+01,8.898470e+01,7.763708e+01,5.952935e+01,3.162278e-06,5.205038e-11
5.116667e+01,8.930606e+01,7.791334e+01,5.979345e+01,3.162278e-06,6.122122e-11
5.133333e+01,8.965823e+01,7.824356e+01,6.008023e+01,3.162278e-06,6.731011e-11
5.150000e+01,9.002493e+01,7.855416e+01,6.050785e+01,3.162278e-06,7.024163e-11
5.166667e+01,9.019978e+01,7.879085e+01,6.081482e+01,3.162278e-06,3.350387e-11
5.183333e+01,9.065914e+01,7.909930e+01,6.112025e+01,3.162278e-06,8.844058e-11
5.200000e+01,9.094309e+01,7.944262e+01,6.140083e+01,3.162278e-06,5.489898e-11
5.216667e+01,9.121046e+01,7.987418e+01,6.168014e+01,3.162278e-06,5.178541e-11
5.233333e+01,9.160222e+01,8.023204e+01,6.205060e+01,3.162278e-06,7.604354e-11
5.250000e+01,9.202345e+01,8.062386e+01,6.234997e+01,3.162278e-06,8.190590e-11
5.266667e+01,9.227217e+01,8.080132e+01,6.280776e+01,3.162278e-06,4.845862e-11
5.283333e+01,9.259759e+01,8.106680e+01,6.305812e+01,3.162278e-06,6.342858e-11
5.300000e+01,9.298351e+01,8.124330e+01,6.337534e+01,3.162278e-06,7.555980e-11
5.316667e+01,9.316818e+01,8.166535e+01,6.360096e+01,3.162278e-06,3.620272e-11
5.333333e+01,9.352112e+01,8.215499e+01,6.382578e+01,3.162278e-06,6.937296e-11
5.350000e+01,9.393375e+01,8.250296e+01,6.404981e+01,3.162278e-06,8.120442e-11
5.366667e+01,9.434458e+01,8.278028e+01,6.449553e+01,3.162278e-06,8.074056e-11
5.383333e+01,9.455690e+01,8.312563e+01,6.462865e+01,3.162278e-06,4.151682e-11
5.400000e+01,9.494994e+01,8.343523e+01,6.489407e+01,3.162278e-06,7.680226e-11
5.416667e+01,9.541645e+01,8.370946e+01,6.529017e+01,3.162278e-06,9.072964e-11
5.433333e+01,9.576111e+01,8.403395e+01,6.559659e+01,3.162278e-06,6.666408e-11
5.450000e+01,9.601506e+01,8.428924e+01,6.598848e+01,3.162278e-06,4.884874e-11
5.466667e+01,9.635757e+01,8.456071e+01,6.635647e+01,3.162278e-06,6.552936e-11
5.483333e+01,9.674330e+01,8.493255e+01,6.674389e+01,3.162278e-06,7.367952e-11
5.500000e+01,9.702421e+01,8.531957e+01,6.704367e+01,3.162278e-06,5.361296e-11
5.516667e+01,9.743670e+01,8.565468e+01,6.723568e+01,3.162278e-06,7.870380e-11
5.533333e+01,9.773027e+01,8.613828e+01,6.757569e+01,3.162278e-06,5.594823e-11
5.550000e+01,9.799374e+01,8.653646e+01,6.791399e+01,3.162278e-06,4.998549e-11
5.566667e+01,9.835849e+01,8.693281e+01,6.825062e+01,3.162278e-06,6.885345e-11
5.583333e+01,9.864932e+01,8.736016e+01,6.856470e+01,3.162278e-06,5.464762e-11
5.600000e+01,9.896824e+01,8.763846e+01,6.893972e+01,3.162278e-06,5.963667e-11
5.616667e+01,9.941590e+01,8.802985e+01,6.922999e+01,3.162278e-06,8.332822e-11
5.633333e+01,9.976110e+01,8.828981e+01,6.956025e+01,3.162278e-06,6.405070e-11
5.650000e+01,1.001766e+02,8.871063e+01,6.978640e+01,3.162278e-06,7.678267e-11
5.666667e+01,1.004622e+02,8.916159e+01,7.025690e+01,3.162278e-06,5.258375e-11
5.683333e+01,1.007185e+02,8.959430e+01,7.056205e+01,3.162278e-06,4.691612e-11
5.700000e+01,1.010025e+02,9.000902e+01,7.092651e+01,3.162278e-06,5.182969e-11
5.716667e+01,1.013423e+02,9.027915e+01,7.126900e+01,3.162278e-06,6.180887e-11
5.733333e+01,1.016387e+02,9.065914e+01,7.152981e+01,3.162278e-06,5.375967e-11
5.750000e+01,1.019764e+02,9.111618e+01,7.186943e+01,3.162278e-06,6.107624e-11
5.766667e+01,1.023269e+02,9.143005e+01,7.226694e+01,3.162278e-06,6.312904e-11
5.783333e+01,1.026065e+02,9.177407e+01,7.264256e+01,3.162278e-06,5.010032e-11
5.800000e+01,1.029410e+02,9.205458e+01,7.295737e+01,3.162278e-06,5.975897e-11
5.816667e+01,1.033022e+02,9.231873e+01,7.329038e+01,3.162278e-06,6.447799e-11
5.833333e+01,1.037173e+02,9.276759e+01,7.362188e+01,3.162278e-06,7.392881e-11
5.850000e+01,1.042133e+02,9.295270e+01,7.399062e+01,3.162278e-06,8.824369e-11
5.866667e+01,1.044878e+02,9.338318e+01,7.433827e+01,3.162278e-06,4.872898e-11
5.883333e+01,1.048027e+02,9.373531e+01,7.462674e+01,3.162278e-06,5.573599e-11
5.900000e+01,1.051438e+02,9.422304e+01,7.500964e+01,3.162278e-06,6.030075e-11
5.916667e+01,1.055517e+02,9.454175e+01,7.531455e+01,3.162278e-06,7.195609e-11
5.933333e+01,1.058228e+02,9.490467e+01,7.567505e+01,3.162278e-06,4.770365e-11
5.950000e+01,1.061606e+02,9.523614e+01,7.612797e+01,3.162278e-06,5.926431e-11
5.966667e+01,1.065378e+02,9.550648e+01,7.650336e+01,3.162278e-06,6.603277e-11
5.983333e+01,1.069136e+02,9.576111e+01,7.700723e+01,3.162278e-06,6.588515e-11
6.000000e+01,1.072880e+02,9.616412e+01,7.730427e+01,3.162278e-06,6.579418e-11
6.016667e+01,1.076346e+02,9.659512e+01,7.754477e+01,3.162278e-06,6.123755e-11
6.033333e+01,1.079535e+02,9.684688e+01,7.785816e+01,3.162278e-06,5.656756e-11
6.050000e+01,1.083641e+02,9.709799e+01,7.813364e+01,3.162278e-06,7.296093e-11
6.066667e+01,1.086940e+02,9.734846e+01,7.844467e+01,3.162278e-06,5.874634e-11
6.083333e+01,1.090755e+02,9.764229e+01,7.869990e+01,3.162278e-06,6.798229e-11
6.100000e+01,1.094819e+02,9.792062e+01,7.904495e+01,3.162278e-06,7.247916e-11
6.116667e+01,1.098215e+02,9.824192e+01,7.935242e+01,3.162278e-06,6.057239e-11
6.133333e+01,1.102121e+02,9.851855e+01,7.967667e+01,3.162278e-06,6.961634e-11
6.150000e+01,1.104847e+02,9.879441e+01,8.001752e+01,3.162278e-06,4.847346e-11
6.166667e+01,1.106790e+02,9.905505e+01,8.028559e+01,3.162278e-06,3.442350e-11
6.183333e+01,1.108988e+02,9.937267e+01,8.057054e+01,3.162278e-06,3.879550e-11
6.200000e+01,1.111181e+02,9.968928e+01,8.094302e+01,3.162278e-06,3.857134e-11
6.216667e+01,1.114528e+02,1.000049e+02,8.119039e+01,3.162278e-06,5.862799e-11
6.233333e+01,1.116967e+02,1.003052e+02,8.145460e+01,3.162278e-06,4.266416e-11
6.250000e+01,1.120552e+02,1.006331e+02,8.177052e+01,3.162278e-06,6.253502e-11
6.266667e+01,1.124126e+02,1.009174e+02,8.225954e+01,3.162278e-06,6.216670e-11
6.283333e+01,1.126798e+02,1.012999e+02,8.262440e+01,3.162278e-06,4.630709e-11
6.300000e+01,1.129211e+02,1.016105e+02,8.286676e+01,3.162278e-06,4.172357e-11
6.316667e+01,1.131745e+02,1.019061e+02,8.324617e+01,3.162278e-06,4.380129e-11
6.333333e+01,1.135283e+02,1.021869e+02,8.353817e+01,3.162278e-06,6.109450e-11
6.350000e+01,1.139188e+02,1.025786e+02,8.388040e+01,3.162278e-06,6.744651e-11
6.366667e+01,1.141825e+02,1.028714e+02,8.418722e+01,3.162278e-06,4.551393e-11
6.383333e+01,1.144957e+02,1.031773e+02,8.456071e+01,3.162278e-06,5.395871e-11
6.400000e+01,1.148580e+02,1.034407e+02,8.486507e+01,3.162278e-06,6.235932e-11
6.416667e+01,1.151693e+02,1.037311e+02,8.513469e+01,3.162278e-06,5.361746e-11
6.433333e+01,1.155542e+02,1.041171e+02,8.550404e+01,3.162278e-06,6.633498e-11
6.450000e+01,1.157771e+02,1.043918e+02,8.587180e+01,3.162278e-06,3.836147e-11
6.466667e+01,1.161724e+02,1.047480e+02,8.625461e+01,3.162278e-06,6.793028e-11
6.483333e+01,1.165048e+02,1.051302e+02,8.658610e+01,3.162278e-06,5.716553e-11
6.500000e+01,1.168240e+02,1.054295e+02,8.696576e+01,3.162278e-06,5.491961e-11
6.516667e+01,1.171302e+02,1.057415e+02,8.721247e+01,3.162278e-06,5.266674e-11
6.533333e+01,1.173989e+02,1.061066e+02,8.745848e+01,3.162278e-06,4.626116e-11
6.550000e+01,1.177522e+02,1.064167e+02,8.785068e+01,3.162278e-06,6.080580e-11
6.566667e+01,1.180074e+02,1.066587e+02,8.825736e+01,3.162278e-06,4.382251e-11
6.583333e+01,1.182620e+02,1.070608e+02,8.861369e+01,3.162278e-06,4.369914e-11
6.600000e+01,1.186248e+02,1.073948e+02,8.885583e+01,3.162278e-06,6.241654e-11
6.616667e+01,1.189504e+02,1.075814e+02,8.909731e+01,3.162278e-06,5.618351e-11
6.633333e+01,1.192631e+02,1.079270e+02,8.935417e+01,3.162278e-06,5.401273e-11
6.650000e+01,1.195390e+02,1.082450e+02,8.964225e+01,3.162278e-06,4.760555e-11
6.666667e+01,1.198262e+02,1.085754e+02,9.012035e+01,3.162278e-06,4.935588e-11
6.683333e+01,1.201843e+02,1.088784e+02,9.046934e+01,3.162278e-06,6.128616e-11
6.700000e+01,1.205770e+02,1.092461e+02,9.086430e+01,3.162278e-06,6.715087e-11
6.716667e+01,1.208617e+02,1.094819e+02,9.127325e+01,3.162278e-06,4.864113e-11
6.733333e+01,1.212286e+02,1.097693e+02,9.169600e+01,3.162278e-06,6.265868e-11
6.750000e+01,1.215707e+02,1.100820e+02,9.205458e+01,3.162278e-06,5.855395e-11
6.766667e+01,1.218767e+02,1.104328e+02,9.236526e+01,3.162278e-06,5.252854e-11
6.783333e+01,1.222874e+02,1.107178e+02,9.264398e+01,3.162278e-06,7.077103e-11
6.800000e+01,1.225448e+02,1.109504e+02,9.289104e+01,3.162278e-06,4.447954e-11
6.816667e+01,1.228483e+02,1.113371e+02,9.318356e+01,3.162278e-06,5.249309e-11
6.833333e+01,1.231744e+02,1.116967e+02,9.341385e+01,3.162278e-06,5.639209e-11
6.850000e+01,1.236155e+02,1.120296e+02,9.368945e+01,3.162278e-06,7.630950e-11
6.866667e+01,1.239626e+02,1.124253e+02,9.399473e+01,3.162278e-06,5.997475e-11
6.883333e+01,1.242973e+02,1.127815e+02,9.425344e+01,3.162278e-06,5.765450e-11
6.900000e+01,1.245275e+02,1.131619e+02,9.464774e+01,3.162278e-06,3.954171e-11
6.916667e+01,1.249409e+02,1.135662e+02,9.499519e+01,3.162278e-06,7.078732e-11
6.933333e+01,1.251471e+02,1.138559e+02,9.535639e+01,3.162278e-06,3.522230e-11
6.950000e+01,1.254900e+02,1.141700e+02,9.580597e+01,3.162278e-06,5.850198e-11
6.966667e+01,1.258775e+02,1.144707e+02,9.610452e+01,3.162278e-06,6.610426e-11
6.983333e+01,1.262865e+02,1.147582e+02,9.658029e+01,3.162278e-06,6.997880e-11
7.000000e+01,1.266602e+02,1.151693e+02,9.687646e+01,3.162278e-06,6.410567e-11
7.016667e+01,1.269539e+02,1.154550e+02,9.727486e+01,3.162278e-06,5.060414e-11
7.033333e+01,1.272582e+02,1.158637e+02,9.762762e+01,3.162278e-06,5.261006e-11
7.050000e+01,1.275505e+02,1.162587e+02,9.800835e+01,3.162278e-06,5.077848e-11
7.066667e+01,1.279877e+02,1.165786e+02,9.831479e+01,3.162278e-06,7.640744e-11
7.083333e+01,1.282337e+02,1.168363e+02,9.862027e+01,3.162278e-06,4.324373e-11
7.100000e+01,1.286130e+02,1.172035e+02,9.892482e+01,3.162278e-06,6.699200e-11
7.116667e+01,1.288911e+02,1.175939e+02,9.921399e+01,3.162278e-06,4.935535e-11
7.133333e+01,1.291575e+02,1.178859e+02,9.938708e+01,3.162278e-06,4.741197e-11
7.150000e+01,1.295230e+02,1.182014e+02,9.971802e+01,3.162278e-06,6.516723e-11
7.166667e+01,1.298102e+02,1.186006e+02,1.000192e+02,3.162278e-06,5.112894e-11
7.183333e+01,1.301628e+02,1.189865e+02,1.003338e+02,3.162278e-06,6.272136e-11
7.200000e+01,1.305145e+02,1.192390e+02,1.006189e+02,3.162278e-06,6.248827e-11
7.216667e+01,1.309965e+02,1.197425e+02,1.010025e+02,3.162278e-06,8.556492e-11
7.233333e+01,1.312805e+02,1.200889e+02,1.013423e+02,3.162278e-06,5.027863e-11
7.250000e+01,1.316292e+02,1.204462e+02,1.017232e+02,3.162278e-06,6.158432e-11
7.266667e+01,1.319335e+02,1.209565e+02,1.021308e+02,3.162278e-06,5.363894e-11
7.283333e+01,1.322697e+02,1.212168e+02,1.025507e+02,3.162278e-06,5.919382e-11
7.300000e+01,1.326050e+02,1.214882e+02,1.029549e+02,3.162278e-06,5.902410e-11
7.316667e+01,1.329178e+02,1.218179e+02,1.034269e+02,3.162278e-06,5.517206e-11
7.333333e+01,1.333052e+02,1.220998e+02,1.037449e+02,3.162278e-06,6.845636e-11
7.350000e+01,1.337022e+02,1.224044e+02,1.040207e+02,3.162278e-06,7.056652e-11
7.366667e+01,1.340980e+02,1.226733e+02,1.043507e+02,3.162278e-06,7.068710e-11
7.383333e+01,1.344927e+02,1.230114e+02,1.045975e+02,3.162278e-06,7.081057e-11
7.400000e+01,1.348968e+02,1.233719e+02,1.049666e+02,3.162278e-06,7.287896e-11
7.416667e+01,1.350666e+02,1.237429e+02,1.052391e+02,3.162278e-06,3.068671e-11
7.433333e+01,1.353526e+02,1.241358e+02,1.055789e+02,3.162278e-06,5.187087e-11
7.450000e+01,1.357225e+02,1.243664e+02,1.059175e+02,3.162278e-06,6.734189e-11
7.466667e+01,1.359650e+02,1.245850e+02,1.062955e+02,3.162278e-06,4.431608e-11
7.483333e+01,1.362912e+02,1.248262e+02,1.066856e+02,3.162278e-06,5.989498e-11
7.500000e+01,1.366376e+02,1.250784e+02,1.070742e+02,3.162278e-06,6.405123e-11
7.516667e+01,1.369831e+02,1.253644e+02,1.073948e+02,3.162278e-06,6.444594e-11
7.533333e+01,1.373069e+02,1.256725e+02,1.077277e+02,3.162278e-06,6.100029e-11
7.550000e+01,1.376819e+02,1.260026e+02,1.080198e+02,3.162278e-06,7.147612e-11
7.566667e+01,1.380559e+02,1.262752e+02,1.082715e+02,3.162278e-06,7.212047e-11
7.583333e+01,1.383772e+02,1.266150e+02,1.085490e+02,3.162278e-06,6.259716e-11
7.600000e+01,1.386874e+02,1.269201e+02,1.088784e+02,3.162278e-06,6.094398e-11
7.616667e+01,1.389969e+02,1.273595e+02,1.091412e+02,3.162278e-06,6.122600e-11
7.633333e+01,1.393160e+02,1.276964e+02,1.093771e+02,3.162278e-06,6.357279e-11
7.650000e+01,1.396959e+02,1.279766e+02,1.096779e+02,3.162278e-06,7.608818e-11
7.666667e+01,1.400441e+02,1.282784e+02,1.100690e+02,3.162278e-06,6.994062e-11
7.683333e+01,1.404118e+02,1.286018e+02,1.103809e+02,3.162278e-06,7.402822e-11
7.700000e+01,1.407277e+02,1.288355e+02,1.106790e+02,3.162278e-06,6.384927e-11
7.716667e+01,1.411038e+02,1.293127e+02,1.109762e+02,3.162278e-06,7.625815e-11
7.733333e+01,1.415295e+02,1.296888e+02,1.112341e+02,3.162278e-06,8.667202e-11
7.750000e+01,1.418833e+02,1.300197e+02,1.115299e+02,3.162278e-06,7.212239e-11
7.766667e+01,1.422261e+02,1.304377e+02,1.117864e+02,3.162278e-06,6.988373e-11
7.783333e+01,1.424676e+02,1.306790e+02,1.120552e+02,3.162278e-06,4.911102e-11
7.800000e+01,1.427990e+02,1.309199e+02,1.123488e+02,3.162278e-06,6.719296e-11
7.816667e+01,1.430997e+02,1.312805e+02,1.127180e+02,3.162278e-06,6.075266e-11
7.833333e+01,1.433996e+02,1.315965e+02,1.131239e+02,3.162278e-06,6.041883e-11
7.850000e+01,1.436890e+02,1.318032e+02,1.134400e+02,3.162278e-06,5.818830e-11
7.866667e+01,1.440773e+02,1.321613e+02,1.137552e+02,3.162278e-06,7.815706e-11
7.883333e+01,1.444050e+02,1.324861e+02,1.139817e+02,3.162278e-06,6.600885e-11
7.900000e+01,1.447319e+02,1.328532e+02,1.142202e+02,3.162278e-06,6.590155e-11
7.916667e+01,1.449199e+02,1.330902e+02,1.145583e+02,3.162278e-06,3.777410e-11
7.933333e+01,1.452851e+02,1.334770e+02,1.147956e+02,3.162278e-06,7.314779e-11
7.950000e+01,1.455806e+02,1.338414e+02,1.150698e+02,3.162278e-06,5.896233e-11
7.966667e+01,1.458558e+02,1.342475e+02,1.153930e+02,3.162278e-06,5.466097e-11
7.983333e+01,1.461207e+02,1.346311e+02,1.157153e+02,3.162278e-06,5.232468e-11
