Time,avgI1rd,avgI2rd,avgDrd,Beta,Beff
0.000000e+00,1.692569e+00,0.000000e+00,0.000000e+00,1.000000e-06,0.000000e+00
1.666667e-01,1.692569e+00,0.000000e+00,0.000000e+00,1.000000e-06,0.000000e+00
3.333333e-01,1.692569e+00,0.000000e+00,0.000000e+00,1.000000e-06,0.000000e+00
5.000000e-01,1.692569e+00,0.000000e+00,0.000000e+00,1.000000e-06,0.000000e+00
6.666667e-01,1.692569e+00,0.000000e+00,0.000000e+00,1.000000e-06,0.000000e+00
8.333333e-01,1.692569e+00,0.000000e+00,0.000000e+00,1.000000e-06,0.000000e+00
1.000000e+00,1.692569e+00,0.000000e+00,0.000000e+00,1.000000e-06,0.000000e+00
1.166667e+00,1.692569e+00,0.000000e+00,0.000000e+00,1.000000e-06,0.000000e+00
1.333333e+00,1.692569e+00,1.692569e+00,0.000000e+00,1.000000e-06,0.000000e+00
1.500000e+00,1.692569e+00,1.692569e+00,0.000000e+00,1.000000e-06,0.000000e+00
1.666667e+00,1.692569e+00,1.692569e+00,0.000000e+00,1.000000e-06,0.000000e+00
1.833333e+00,1.692569e+00,1.692569e+00,0.000000e+00,1.000000e-06,0.000000e+00
2.000000e+00,1.692569e+00,1.692569e+00,0.000000e+00,1.000000e-06,0.000000e+00
2.166667e+00,1.692569e+00,1.692569e+00,0.000000e+00,1.000000e-06,0.000000e+00
2.333333e+00,1.692569e+00,1.692569e+00,0.000000e+00,1.000000e-06,0.000000e+00
2.500000e+00,1.692569e+00,1.692569e+00,0.000000e+00,1.000000e-06,0.000000e+00
2.666667e+00,1.692569e+00,1.692569e+00,0.000000e+00,1.000000e-06,0.000000e+00
2.833333e+00,1.692569e+00,1.692569e+00,0.000000e+00,1.000000e-06,0.000000e+00
3.000000e+00,1.692569e+00,1.692569e+00,0.000000e+00,1.000000e-06,0.000000e+00
3.166667e+00,1.692569e+00,1.692569e+00,0.000000e+00,1.000000e-06,0.000000e+00
3.333333e+00,1.692569e+00,1.692569e+00,0.000000e+00,1.000000e-06,0.000000e+00
3.500000e+00,1.692569e+00,1.692569e+00,0.000000e+00,1.000000e-06,0.000000e+00
3.666667e+00,1.692569e+00,1.692569e+00,0.000000e+00,1.000000e-06,0.000000e+00
3.833333e+00,1.692569e+00,1.692569e+00,0.000000e+00,1.000000e-06,0.000000e+00
4.000000e+00,1.692569e+00,1.692569e+00,0.000000e+00,1.000000e-06,0.000000e+00
4.166667e+00,1.692569e+00,1.692569e+00,0.000000e+00,1.000000e-06,0.000000e+00
4.333333e+00,1.692569e+00,1.692569e+00,0.000000e+00,1.000000e-06,0.000000e+00
4.500000e+00,1.692569e+00,1.692569e+00,0.000000e+00,1.000000e-06,0.000000e+00
4.666667e+00,1.692569e+00,1.692569e+00,0.000000e+00,1.000000e-06,0.000000e+00
4.833333e+00,1.692569e+00,1.692569e+00,0.000000e+00,1.000000e-06,0.000000e+00
5.000000e+00,1.692569e+00,1.692569e+00,0.000000e+00,1.000000e-06,0.000000e+00
5.166667e+00,1.692569e+00,1.692569e+00,0.000000e+00,1.000000e-06,0.000000e+00
5.333333e+00,1.692569e+00,1.692569e+00,0.000000e+00,1.000000e-06,0.000000e+00
5.500000e+00,1.692569e+00,1.692569e+00,0.000000e+00,1.000000e-06,0.000000e+00
5.666667e+00,2.393654e+00,1.692569e+00,0.000000e+00,1.000000e-06,1.615123e-05
5.833333e+00,2.393654e+00,1.692569e+00,0.000000e+00,1.000000e-06,0.000000e+00
6.000000e+00,2.393654e+00,1.692569e+00,0.000000e+00,1.000000e-06,0.000000e+00
6.166667e+00,2.393654e+00,1.692569e+00,0.000000e+00,1.000000e-06,0.000000e+00
6.333333e+00,2.393654e+00,1.692569e+00,0.000000e+00,1.000000e-06,0.000000e+00
6.500000e+00,2.393654e+00,2.393654e+00,0.000000e+00,1.000000e-06,0.000000e+00
6.666667e+00,2.931615e+00,2.393654e+00,0.000000e+00,1.000000e-06,4.228224e-06
6.833333e+00,2.931615e+00,2.393654e+00,0.000000e+00,1.000000e-06,0.000000e+00
7.000000e+00,2.931615e+00,2.393654e+00,0.000000e+00,1.000000e-06,0.000000e+00
7.166667e+00,2.931615e+00,2.393654e+00,0.000000e+00,1.000000e-06,0.000000e+00
7.333333e+00,2.931615e+00,2.393654e+00,0.000000e+00,1.000000e-06,0.000000e+00
7.500000e+00,3.784699e+00,2.393654e+00,0.000000e+00,1.000000e-06,2.768112e-06
7.666667e+00,3.784699e+00,2.393654e+00,0.000000e+00,1.000000e-06,0.000000e+00
7.833333e+00,4.145930e+00,2.393654e+00,0.000000e+00,1.000000e-06,8.856585e-07
8.000000e+00,5.077706e+00,2.393654e+00,0.000000e+00,1.000000e-06,2.125733e-06
8.166667e+00,5.352372e+00,2.393654e+00,0.000000e+00,1.000000e-06,5.668898e-07
8.333333e+00,5.613615e+00,2.393654e+00,0.000000e+00,1.000000e-06,4.535604e-07
8.500000e+00,5.613615e+00,2.393654e+00,0.000000e+00,1.000000e-06,0.000000e+00
8.666667e+00,5.613615e+00,2.931615e+00,0.000000e+00,1.000000e-06,0.000000e+00
8.833333e+00,5.863230e+00,3.385138e+00,0.000000e+00,1.000000e-06,2.323962e-07
9.000000e+00,5.863230e+00,3.784699e+00,0.000000e+00,1.000000e-06,0.000000e+00
9.166667e+00,5.863230e+00,3.784699e+00,0.000000e+00,1.000000e-06,0.000000e+00
9.333333e+00,5.863230e+00,3.784699e+00,0.000000e+00,1.000000e-06,0.000000e+00
9.500000e+00,6.102643e+00,3.784699e+00,0.000000e+00,1.000000e-06,9.548108e-08
9.666667e+00,6.333012e+00,3.784699e+00,0.000000e+00,1.000000e-06,7.649644e-08
9.833333e+00,6.770275e+00,3.784699e+00,0.000000e+00,1.000000e-06,1.226272e-07
1.000000e+01,6.978640e+00,3.784699e+00,0.000000e+00,1.000000e-06,4.916712e-08
1.016667e+01,7.756324e+00,3.784699e+00,0.000000e+00,1.000000e-06,1.578230e-07
1.033333e+01,8.117275e+00,3.784699e+00,0.000000e+00,1.000000e-06,6.336940e-08
1.050000e+01,8.291860e+00,3.784699e+00,0.000000e+00,1.000000e-06,2.546758e-08
1.066667e+01,8.462844e+00,3.784699e+00,0.000000e+00,1.000000e-06,2.049449e-08
1.083333e+01,8.956232e+00,3.784699e+00,0.000000e+00,1.000000e-06,4.955276e-08
1.100000e+01,9.723067e+00,4.145930e+00,0.000000e+00,1.000000e-06,6.668496e-08
1.116667e+01,1.001337e+01,4.145930e+00,0.000000e+00,1.000000e-06,2.158204e-08
1.133333e+01,1.070474e+01,4.478116e+00,0.000000e+00,1.000000e-06,4.377423e-08
1.150000e+01,1.109892e+01,4.478116e+00,0.000000e+00,1.000000e-06,2.137467e-08
1.166667e+01,1.147956e+01,4.478116e+00,0.000000e+00,1.000000e-06,1.746110e-08
1.183333e+01,1.172646e+01,5.077706e+00,0.000000e+00,1.000000e-06,9.551690e-09
1.200000e+01,1.196827e+01,5.613615e+00,0.000000e+00,1.000000e-06,7.878712e-09
1.216667e+01,1.266602e+01,6.102643e+00,0.000000e+00,1.000000e-06,1.961751e-08
1.233333e+01,1.277861e+01,6.333012e+00,0.000000e+00,1.000000e-06,2.731981e-09
1.250000e+01,1.311058e+01,7.180961e+00,0.000000e+00,1.000000e-06,6.901947e-09
1.266667e+01,1.364593e+01,7.377736e+00,0.000000e+00,1.000000e-06,9.770676e-09
1.283333e+01,1.446131e+01,7.377736e+00,0.000000e+00,1.000000e-06,1.340286e-08
1.300000e+01,1.494836e+01,7.377736e+00,0.000000e+00,1.000000e-06,7.251517e-09
1.316667e+01,1.504388e+01,7.569398e+00,0.000000e+00,1.000000e-06,1.268135e-09
1.333333e+01,1.523312e+01,8.117275e+00,0.000000e+00,1.000000e-06,2.240929e-09
1.350000e+01,1.578723e+01,8.117275e+00,0.000000e+00,1.000000e-06,6.002956e-09
1.366667e+01,1.605712e+01,8.462844e+00,0.000000e+00,1.000000e-06,2.707434e-09
1.383333e+01,1.632254e+01,9.270581e+00,0.000000e+00,1.000000e-06,2.466619e-09
1.400000e+01,1.666987e+01,9.723067e+00,0.000000e+00,1.000000e-06,3.025009e-09
1.416667e+01,1.709411e+01,9.869287e+00,0.000000e+00,1.000000e-06,3.509496e-09
1.433333e+01,1.742606e+01,9.869287e+00,0.000000e+00,1.000000e-06,2.627742e-09
1.450000e+01,1.775181e+01,1.001337e+01,0.000000e+00,1.000000e-06,2.478677e-09
1.466667e+01,1.815078e+01,1.001337e+01,0.000000e+00,1.000000e-06,2.943752e-09
1.483333e+01,1.838600e+01,1.070474e+01,0.000000e+00,1.000000e-06,1.689050e-09
1.500000e+01,1.869503e+01,1.122723e+01,1.692569e+00,1.000000e-06,2.166586e-09
1.516667e+01,1.937233e+01,1.135410e+01,1.692569e+00,1.000000e-06,4.715946e-09
1.533333e+01,1.959290e+01,1.196827e+01,1.692569e+00,1.000000e-06,1.717452e-09
1.550000e+01,1.981101e+01,1.208736e+01,1.692569e+00,1.000000e-06,1.874533e-09
1.566667e+01,1.995509e+01,1.220529e+01,1.692569e+00,1.000000e-06,1.362102e-09
1.583333e+01,2.002674e+01,1.277861e+01,1.692569e+00,1.000000e-06,7.409539e-10
1.600000e+01,2.024018e+01,1.277861e+01,1.692569e+00,1.000000e-06,2.412731e-09
1.616667e+01,2.031083e+01,1.300087e+01,1.692569e+00,1.000000e-06,8.700634e-10
1.633333e+01,2.086739e+01,1.311058e+01,1.692569e+00,1.000000e-06,7.500150e-09
1.650000e+01,2.127526e+01,1.354055e+01,1.692569e+00,1.000000e-06,6.027243e-09
1.666667e+01,2.140949e+01,1.375049e+01,1.692569e+00,1.000000e-06,2.137080e-09
1.683333e+01,2.167546e+01,1.416105e+01,1.692569e+00,1.000000e-06,4.505846e-09
1.700000e+01,2.180722e+01,1.436192e+01,1.692569e+00,1.000000e-06,2.348476e-09
1.716667e+01,2.213321e+01,1.513880e+01,1.692569e+00,1.000000e-06,6.039339e-09
1.733333e+01,2.239058e+01,1.560471e+01,1.692569e+00,1.000000e-06,4.893028e-09
1.750000e+01,2.258168e+01,1.578723e+01,1.692569e+00,1.000000e-06,3.652196e-09
1.766667e+01,2.283400e+01,1.605712e+01,1.692569e+00,1.000000e-06,4.756640e-09
1.783333e+01,2.302142e+01,1.614608e+01,1.692569e+00,1.000000e-06,3.419938e-09
1.800000e+01,2.314553e+01,1.641006e+01,1.692569e+00,1.000000e-06,2.146611e-09
1.816667e+01,2.345292e+01,1.666987e+01,1.692569e+00,1.000000e-06,4.971299e-09
1.833333e+01,2.375633e+01,1.684085e+01,1.692569e+00,1.000000e-06,4.487329e-09
1.850000e+01,2.387662e+01,1.692569e+01,1.692569e+00,1.000000e-06,1.602741e-09
1.866667e+01,2.399630e+01,1.717770e+01,1.692569e+00,1.000000e-06,1.419863e-09
1.883333e+01,2.429293e+01,1.750807e+01,1.692569e+00,1.000000e-06,3.127564e-09
1.900000e+01,2.446918e+01,1.767094e+01,1.692569e+00,1.000000e-06,1.647133e-09
1.916667e+01,2.470223e+01,1.815078e+01,1.692569e+00,1.000000e-06,1.923482e-09
1.933333e+01,2.493309e+01,1.838600e+01,1.692569e+00,1.000000e-06,1.682755e-09
1.950000e+01,2.510485e+01,1.899904e+01,1.692569e+00,1.000000e-06,1.103415e-09
1.966667e+01,2.533205e+01,1.914923e+01,1.692569e+00,1.000000e-06,1.286514e-09
1.983333e+01,2.550112e+01,1.922389e+01,1.692569e+00,1.000000e-06,8.440392e-10
2.000000e+01,2.594659e+01,1.966587e+01,1.692569e+00,1.000000e-06,1.891250e-09
2.016667e+01,2.600173e+01,2.002674e+01,1.692569e+00,1.000000e-06,2.012257e-10
2.033333e+01,2.616648e+01,2.016928e+01,2.393654e+00,1.000000e-06,5.117686e-10
2.050000e+01,2.633019e+01,2.031083e+01,3.385138e+00,1.000000e-06,4.379226e-10
2.066667e+01,2.649289e+01,2.059099e+01,3.784699e+00,1.000000e-06,3.850036e-10
2.083333e+01,2.660081e+01,2.093592e+01,4.145930e+00,1.000000e-06,2.319229e-10
2.100000e+01,2.681533e+01,2.114018e+01,4.145930e+00,1.000000e-06,4.262679e-10
2.116667e+01,2.697511e+01,2.120783e+01,4.478116e+00,1.000000e-06,2.993020e-10
2.133333e+01,2.702816e+01,2.147629e+01,4.478116e+00,1.000000e-06,9.304709e-11
2.150000e+01,2.718668e+01,2.160927e+01,4.787307e+00,1.000000e-06,2.631199e-10
2.166667e+01,2.760496e+01,2.187281e+01,5.077706e+00,1.000000e-06,6.578656e-10
2.183333e+01,2.781174e+01,2.200339e+01,5.352372e+00,1.000000e-06,3.116827e-10
2.200000e+01,2.786320e+01,2.213321e+01,5.613615e+00,1.000000e-06,7.436508e-11
2.216667e+01,2.801700e+01,2.239058e+01,5.613615e+00,1.000000e-06,2.142431e-10
2.233333e+01,2.832209e+01,2.245446e+01,5.863230e+00,1.000000e-06,4.097624e-10
2.250000e+01,2.852368e+01,2.264503e+01,6.102643e+00,1.000000e-06,2.578441e-10
2.266667e+01,2.862393e+01,2.295912e+01,6.333012e+00,1.000000e-06,1.211058e-10
2.283333e+01,2.892263e+01,2.314553e+01,6.333012e+00,1.000000e-06,3.399777e-10
2.300000e+01,2.926725e+01,2.351392e+01,6.555291e+00,1.000000e-06,3.695275e-10
2.316667e+01,2.946237e+01,2.357475e+01,6.555291e+00,1.000000e-06,1.947824e-10
2.333333e+01,2.970446e+01,2.375633e+01,6.555291e+00,1.000000e-06,2.241979e-10
2.350000e+01,2.999239e+01,2.399630e+01,7.180961e+00,1.000000e-06,2.460405e-10
2.366667e+01,3.027759e+01,2.417472e+01,7.569398e+00,1.000000e-06,2.238820e-10
2.383333e+01,3.056012e+01,2.429293e+01,7.569398e+00,1.000000e-06,2.067248e-10
2.400000e+01,3.097909e+01,2.446918e+01,8.291860e+00,1.000000e-06,2.859551e-10
2.416667e+01,3.125529e+01,2.452765e+01,8.462844e+00,1.000000e-06,1.749457e-10
2.433333e+01,3.139247e+01,2.487558e+01,9.114762e+00,1.000000e-06,8.142340e-11
2.450000e+01,3.161979e+01,2.504773e+01,9.114762e+00,1.000000e-06,1.264001e-10
2.466667e+01,3.189044e+01,2.533205e+01,9.574615e+00,1.000000e-06,1.436265e-10
2.483333e+01,3.211423e+01,2.550112e+01,9.723067e+00,1.000000e-06,1.125983e-10
2.500000e+01,3.251318e+01,2.566908e+01,9.869287e+00,1.000000e-06,1.922429e-10
2.516667e+01,3.290730e+01,2.578044e+01,1.029549e+01,1.000000e-06,1.819309e-10
2.533333e+01,3.316744e+01,2.622116e+01,1.109892e+01,1.000000e-06,1.146295e-10
2.550000e+01,3.346838e+01,2.627573e+01,1.135410e+01,1.000000e-06,1.272054e-10
2.566667e+01,3.418821e+01,2.654690e+01,1.147956e+01,1.000000e-06,2.972578e-10
2.583333e+01,3.460465e+01,2.665460e+01,1.184798e+01,1.000000e-06,1.681974e-10
2.600000e+01,3.489320e+01,2.692195e+01,1.220529e+01,1.000000e-06,1.125129e-10
2.616667e+01,3.513864e+01,2.713394e+01,1.243779e+01,1.000000e-06,9.259217e-11
2.633333e+01,3.554394e+01,2.739662e+01,1.289022e+01,1.000000e-06,1.487404e-10
2.650000e+01,3.594468e+01,2.770854e+01,1.321938e+01,1.000000e-06,1.433791e-10
2.666667e+01,3.618299e+01,2.786320e+01,1.354055e+01,1.000000e-06,8.313084e-11
2.683333e+01,3.645905e+01,2.806808e+01,1.395728e+01,1.000000e-06,9.395111e-11
2.700000e+01,3.688868e+01,2.837262e+01,1.416105e+01,1.000000e-06,1.435300e-10
2.716667e+01,3.708232e+01,2.857385e+01,1.446131e+01,1.000000e-06,6.364620e-11
2.733333e+01,3.735174e+01,2.907082e+01,1.494836e+01,1.000000e-06,8.670625e-11
2.750000e+01,3.761922e+01,2.912005e+01,1.513880e+01,1.000000e-06,8.460298e-11
2.766667e+01,3.814856e+01,2.941371e+01,1.551265e+01,1.000000e-06,1.662231e-10
2.783333e+01,3.844777e+01,2.955944e+01,1.551265e+01,1.000000e-06,9.320730e-11
2.800000e+01,3.885542e+01,2.975264e+01,1.560471e+01,1.000000e-06,1.262594e-10
2.816667e+01,3.940451e+01,3.018282e+01,1.614608e+01,1.000000e-06,1.686337e-10
2.833333e+01,3.976636e+01,3.037206e+01,1.649712e+01,1.000000e-06,1.097984e-10
2.850000e+01,3.994606e+01,3.056012e+01,1.675558e+01,1.000000e-06,5.391249e-11
2.866667e+01,4.030304e+01,3.074704e+01,1.701011e+01,1.000000e-06,1.062530e-10
2.883333e+01,4.055106e+01,3.093282e+01,1.758969e+01,1.000000e-06,7.341311e-11
2.900000e+01,4.090277e+01,3.134681e+01,1.815078e+01,1.000000e-06,1.036809e-10
2.916667e+01,4.121674e+01,3.184549e+01,1.854116e+01,1.000000e-06,9.304587e-11
2.933333e+01,4.163169e+01,3.206960e+01,1.869503e+01,1.000000e-06,1.247221e-10
2.950000e+01,4.190603e+01,3.255721e+01,1.892349e+01,1.000000e-06,8.374581e-11
2.966667e+01,4.231422e+01,3.290730e+01,1.899904e+01,1.000000e-06,1.261026e-10
2.983333e+01,4.268496e+01,3.312422e+01,1.914923e+01,1.000000e-06,1.158845e-10
3.000000e+01,4.301922e+01,3.355387e+01,1.937233e+01,1.000000e-06,1.051441e-10
3.016667e+01,4.331786e+01,3.402021e+01,1.966587e+01,1.000000e-06,9.418643e-11
3.033333e+01,4.361445e+01,3.435539e+01,1.988318e+01,1.000000e-06,9.379240e-11
3.050000e+01,4.420165e+01,3.468734e+01,2.002674e+01,1.000000e-06,1.873133e-10
3.066667e+01,4.446014e+01,3.497520e+01,2.016928e+01,1.000000e-06,8.313743e-11
3.083333e+01,4.474916e+01,3.513864e+01,2.031083e+01,1.000000e-06,9.282542e-11
3.100000e+01,4.494081e+01,3.546325e+01,2.066043e+01,1.000000e-06,6.127900e-11
3.116667e+01,4.516337e+01,3.586489e+01,2.093592e+01,1.000000e-06,7.067237e-11
3.133333e+01,4.551090e+01,3.622255e+01,2.114018e+01,1.000000e-06,1.102909e-10
3.150000e+01,4.573069e+01,3.641974e+01,2.127526e+01,1.000000e-06,6.975786e-11
3.166667e+01,4.613608e+01,3.661586e+01,2.147629e+01,1.000000e-06,1.286860e-10
3.183333e+01,4.659946e+01,3.696626e+01,2.187281e+01,1.000000e-06,1.473021e-10
3.200000e+01,4.684473e+01,3.704368e+01,2.206840e+01,1.000000e-06,7.781707e-11
3.216667e+01,4.733144e+01,3.735174e+01,2.239058e+01,1.000000e-06,1.550228e-10
3.233333e+01,4.760303e+01,3.780912e+01,2.283400e+01,1.000000e-06,8.674506e-11
3.250000e+01,4.787307e+01,3.822358e+01,2.314553e+01,1.000000e-06,8.655791e-11
3.266667e+01,4.820108e+01,3.863360e+01,2.333045e+01,1.000000e-06,1.061332e-10
3.283333e+01,4.867423e+01,3.892908e+01,2.369596e+01,1.000000e-06,1.556482e-10
3.300000e+01,4.911367e+01,3.925884e+01,2.411539e+01,1.000000e-06,1.467039e-10
3.316667e+01,4.949136e+01,3.962202e+01,2.411539e+01,1.000000e-06,1.283926e-10
3.333333e+01,4.980871e+01,4.001771e+01,2.411539e+01,1.000000e-06,1.104927e-10
3.350000e+01,5.018117e+01,4.037406e+01,2.429293e+01,1.000000e-06,1.318853e-10
3.366667e+01,5.055088e+01,4.093778e+01,2.452765e+01,1.000000e-06,1.323383e-10
3.383333e+01,5.083345e+01,4.107750e+01,2.487558e+01,1.000000e-06,1.021233e-10
3.400000e+01,5.100224e+01,4.139014e+01,2.504773e+01,1.000000e-06,6.139004e-11
3.416667e+01,5.131024e+01,4.170044e+01,2.516184e+01,1.000000e-06,1.134823e-10
3.433333e+01,5.169959e+01,4.194020e+01,2.533205e+01,1.000000e-06,1.454312e-10
3.450000e+01,5.203101e+01,4.238187e+01,2.555723e+01,1.000000e-06,1.247317e-10
3.466667e+01,5.225078e+01,4.271850e+01,2.566908e+01,1.000000e-06,8.311192e-11
3.483333e+01,5.255147e+01,4.295258e+01,2.589132e+01,1.000000e-06,1.141746e-10
3.500000e+01,5.274192e+01,4.325167e+01,2.605676e+01,1.000000e-06,7.222146e-11
3.516667e+01,5.301281e+01,4.364728e+01,2.638454e+01,1.000000e-06,1.025693e-10
3.533333e+01,5.328232e+01,4.387640e+01,2.670828e+01,1.000000e-06,1.019239e-10
3.550000e+01,5.341657e+01,4.413679e+01,2.681533e+01,1.000000e-06,5.072994e-11
3.566667e+01,5.360395e+01,4.452453e+01,2.692195e+01,1.000000e-06,7.093253e-11
3.583333e+01,5.381730e+01,4.481314e+01,2.713394e+01,1.000000e-06,8.045521e-11
3.600000e+01,5.416220e+01,4.509989e+01,2.718668e+01,1.000000e-06,1.289047e-10
3.616667e+01,5.437336e+01,4.532167e+01,2.729185e+01,1.000000e-06,7.809512e-11
3.633333e+01,5.460994e+01,4.551090e+01,2.765680e+01,1.000000e-06,8.591649e-11
3.650000e+01,5.492379e+01,4.569936e+01,2.781174e+01,1.000000e-06,1.116327e-10
3.666667e+01,5.526179e+01,4.607395e+01,2.791456e+01,1.000000e-06,1.184981e-10
3.683333e+01,5.546876e+01,4.613608e+01,2.811906e+01,1.000000e-06,7.100112e-11
3.700000e+01,5.588041e+01,4.659946e+01,2.852368e+01,1.000000e-06,1.378860e-10
3.716667e+01,5.618716e+01,4.690584e+01,2.872384e+01,1.000000e-06,1.003119e-10
3.733333e+01,5.631449e+01,4.739193e+01,2.907082e+01,1.000000e-06,4.078768e-11
3.750000e+01,5.651761e+01,4.766317e+01,2.916920e+01,1.000000e-06,6.354659e-11
3.766667e+01,5.669474e+01,4.781319e+01,2.955944e+01,1.000000e-06,5.427793e-11
3.783333e+01,5.697197e+01,4.805226e+01,2.975264e+01,1.000000e-06,8.289672e-11
3.800000e+01,5.712263e+01,4.834943e+01,3.013533e+01,1.000000e-06,4.413078e-11
3.816667e+01,5.742275e+01,4.870365e+01,3.060696e+01,1.000000e-06,8.599621e-11
3.833333e+01,5.762196e+01,4.885048e+01,3.102530e+01,1.000000e-06,5.600711e-11
3.850000e+01,5.789476e+01,4.914282e+01,3.116350e+01,1.000000e-06,7.551185e-11
3.866667e+01,5.821551e+01,4.940446e+01,3.161979e+01,1.000000e-06,8.780134e-11
3.883333e+01,5.860787e+01,4.969354e+01,3.193532e+01,1.000000e-06,1.056859e-10
3.900000e+01,5.882742e+01,4.998096e+01,3.220332e+01,1.000000e-06,5.831560e-11
3.916667e+01,5.909465e+01,5.032369e+01,3.246910e+01,1.000000e-06,6.993956e-11
3.933333e+01,5.943303e+01,5.057921e+01,3.282013e+01,1.000000e-06,8.737134e-11
3.950000e+01,5.981740e+01,5.077706e+01,3.308095e+01,1.000000e-06,9.790087e-11
3.966667e+01,6.010407e+01,5.097415e+01,3.355387e+01,1.000000e-06,7.209525e-11
3.983333e+01,6.036565e+01,5.122643e+01,3.393590e+01,1.000000e-06,6.481922e-11
4.000000e+01,6.074412e+01,5.142179e+01,3.414629e+01,1.000000e-06,9.297185e-11
4.016667e+01,6.109681e+01,5.158865e+01,3.443868e+01,1.000000e-06,8.605624e-11
4.033333e+01,6.149408e+01,5.169959e+01,3.481100e+01,1.000000e-06,9.592981e-11
4.050000e+01,6.177296e+01,5.208604e+01,3.522007e+01,1.000000e-06,6.662811e-11
4.066667e+01,6.209675e+01,5.241500e+01,3.546325e+01,1.000000e-06,7.657596e-11
4.083333e+01,6.239590e+01,5.276907e+01,3.566464e+01,1.000000e-06,7.030974e-11
4.100000e+01,6.269362e+01,5.309381e+01,3.606403e+01,1.000000e-06,6.929484e-11
4.116667e+01,6.296720e+01,5.330920e+01,3.641974e+01,1.000000e-06,6.292111e-11
4.133333e+01,6.323959e+01,5.349695e+01,3.677201e+01,1.000000e-06,6.201050e-11
4.150000e+01,6.355590e+01,5.392366e+01,3.700499e+01,1.000000e-06,7.138850e-11
4.166667e+01,6.389307e+01,5.413575e+01,3.742836e+01,1.000000e-06,7.543210e-11
4.183333e+01,6.425077e+01,5.437336e+01,3.792261e+01,1.000000e-06,7.907796e-11
4.200000e+01,6.460648e+01,5.468857e+01,3.829846e+01,1.000000e-06,7.796240e-11
4.216667e+01,6.498230e+01,5.492379e+01,3.863360e+01,1.000000e-06,8.197401e-11
4.233333e+01,6.520235e+01,5.541709e+01,3.878162e+01,1.000000e-06,4.779048e-11
4.250000e+01,6.555291e+01,5.580346e+01,3.907598e+01,1.000000e-06,7.572408e-11
4.266667e+01,6.585811e+01,5.621265e+01,3.925884e+01,1.000000e-06,6.533048e-11
4.283333e+01,6.609692e+01,5.649226e+01,3.958585e+01,1.000000e-06,5.065362e-11
4.300000e+01,6.648586e+01,5.687132e+01,4.008923e+01,1.000000e-06,8.151223e-11
4.316667e+01,6.676535e+01,5.724787e+01,4.030304e+01,1.000000e-06,5.791960e-11
4.333333e+01,6.702230e+01,5.752244e+01,4.055106e+01,1.000000e-06,5.293613e-11
4.350000e+01,6.727828e+01,5.777092e+01,4.086774e+01,1.000000e-06,5.219313e-11
4.366667e+01,6.766042e+01,5.799364e+01,4.111235e+01,1.000000e-06,7.717564e-11
4.383333e+01,6.793508e+01,5.831384e+01,4.152834e+01,1.000000e-06,5.502629e-11
4.400000e+01,6.818763e+01,5.875433e+01,4.183762e+01,1.000000e-06,5.008649e-11
4.416667e+01,6.854381e+01,5.907041e+01,4.197434e+01,1.000000e-06,7.025136e-11
4.433333e+01,6.900202e+01,5.938481e+01,4.241565e+01,1.000000e-06,8.994258e-11
4.450000e+01,6.929204e+01,5.976949e+01,4.271850e+01,1.000000e-06,5.644139e-11
4.466667e+01,6.953966e+01,5.996091e+01,4.335091e+01,1.000000e-06,4.785721e-11
4.483333e+01,6.980692e+01,6.022311e+01,4.384374e+01,1.000000e-06,5.126589e-11
4.500000e+01,7.005272e+01,6.046049e+01,4.410433e+01,1.000000e-06,4.709079e-11
4.516667e+01,7.048081e+01,6.072054e+01,4.449235e+01,1.000000e-06,8.234057e-11
4.533333e+01,7.070401e+01,6.097947e+01,4.481314e+01,1.000000e-06,4.299288e-11
4.550000e+01,7.114831e+01,6.142416e+01,4.516337e+01,1.000000e-06,8.572742e-11
4.566667e+01,7.130919e+01,6.165691e+01,4.538484e+01,1.000000e-06,3.105704e-11
4.583333e+01,7.170981e+01,6.195819e+01,4.569936e+01,1.000000e-06,7.748060e-11
4.600000e+01,7.220745e+01,6.225801e+01,4.601173e+01,1.000000e-06,9.648800e-11
4.616667e+01,7.240555e+01,6.257928e+01,4.635290e+01,1.000000e-06,3.847678e-11
4.633333e+01,7.278046e+01,6.278495e+01,4.663019e+01,1.000000e-06,7.289429e-11
4.650000e+01,7.313386e+01,6.305812e+01,4.702783e+01,1.000000e-06,6.887099e-11
4.666667e+01,7.356349e+01,6.351081e+01,4.736169e+01,1.000000e-06,8.392695e-11
4.683333e+01,7.385498e+01,6.371347e+01,4.751267e+01,1.000000e-06,5.711668e-11
4.700000e+01,7.408735e+01,6.398268e+01,4.781319e+01,1.000000e-06,4.565285e-11
4.716667e+01,7.437679e+01,6.427306e+01,4.802244e+01,1.000000e-06,5.682343e-11
4.733333e+01,7.468430e+01,6.453993e+01,4.829015e+01,1.000000e-06,6.037540e-11
4.750000e+01,7.510506e+01,6.487199e+01,4.858586e+01,1.000000e-06,8.266405e-11
4.766667e+01,7.533357e+01,6.522432e+01,4.902609e+01,1.000000e-06,4.487830e-11
4.783333e+01,7.565612e+01,6.548732e+01,4.928835e+01,1.000000e-06,6.336670e-11
4.800000e+01,7.592072e+01,6.581460e+01,4.963586e+01,1.000000e-06,5.219128e-11
4.816667e+01,7.610915e+01,6.607525e+01,5.003824e+01,1.000000e-06,3.729546e-11
4.833333e+01,7.657822e+01,6.633488e+01,5.026673e+01,1.000000e-06,9.352008e-11
4.850000e+01,7.682100e+01,6.652893e+01,5.052254e+01,1.000000e-06,4.894041e-11
4.866667e+01,7.704442e+01,6.691536e+01,5.080526e+01,1.000000e-06,4.540868e-11
4.883333e+01,7.723011e+01,6.721438e+01,5.094604e+01,1.000000e-06,3.800048e-11
4.900000e+01,7.765553e+01,6.736339e+01,5.125438e+01,1.000000e-06,8.773445e-11
4.916667e+01,7.793172e+01,6.757569e+01,5.153309e+01,1.000000e-06,5.722649e-11
4.933333e+01,7.813364e+01,6.791399e+01,5.186557e+01,1.000000e-06,4.205286e-11
4.950000e+01,7.846293e+01,6.818763e+01,5.205853e+01,1.000000e-06,6.896474e-11
4.966667e+01,7.869990e+01,6.850200e+01,5.230558e+01,1.000000e-06,4.991936e-11
4.983333e+01,7.911741e+01,6.866908e+01,5.271475e+01,1.000000e-06,8.835119e-11
5.000000e+01,7.933436e+01,6.881494e+01,5.312078e+01,1.000000e-06,4.601238e-11
5.016667e+01,7.969465e+01,6.925068e+01,5.333606e+01,1.000000e-06,7.690009e-11
5.033333e+01,7.991004e+01,6.943659e+01,5.363066e+01,1.000000e-06,4.643263e-11
5.050000e+01,8.019633e+01,6.978640e+01,5.384391e+01,1.000000e-06,6.221304e-11
5.066667e+01,8.049940e+01,7.017530e+01,5.408280e+01,1.000000e-06,6.636577e-11
5.083333e+01,8.076586e+01,7.037912e+01,5.434701e+01,1.000000e-06,5.860314e-11
5.100000e+01,8.101377e+01,7.060264e+01,5.466237e+01,1.000000e-06,5.469779e-11
5.116667e+01,8.138423e+01,7.102741e+01,5.489770e+01,1.000000e-06,8.182922e-11
5.133333e+01,8.166535e+01,7.130919e+01,5.513203e+01,1.000000e-06,6.222457e-11
5.150000e+01,8.203286e+01,7.160986e+01,5.541709e+01,1.000000e-06,8.138014e-11
5.166667e+01,8.222470e+01,7.188935e+01,5.557196e+01,1.000000e-06,4.241723e-11
5.183333e+01,8.252032e+01,7.218761e+01,5.582912e+01,1.000000e-06,6.525477e-11
5.200000e+01,8.274567e+01,7.256364e+01,5.600843e+01,1.000000e-06,4.951822e-11
5.216667e+01,8.307392e+01,7.289845e+01,5.616167e+01,1.000000e-06,7.179541e-11
5.233333e+01,8.329777e+01,7.334899e+01,5.639074e+01,1.000000e-06,4.860320e-11
5.250000e+01,8.364099e+01,7.362188e+01,5.679571e+01,1.000000e-06,7.386685e-11
5.266667e+01,8.386332e+01,7.393252e+01,5.709755e+01,1.000000e-06,4.739239e-11
5.283333e+01,8.410210e+01,7.414533e+01,5.749753e+01,1.000000e-06,5.049688e-11
5.300000e+01,8.440812e+01,7.435753e+01,5.782049e+01,1.000000e-06,6.426217e-11
5.316667e+01,8.471302e+01,7.460754e+01,5.814165e+01,1.000000e-06,6.367193e-11
5.333333e+01,8.498313e+01,7.499054e+01,5.833840e+01,1.000000e-06,5.618544e-11
5.350000e+01,8.543701e+01,7.521940e+01,5.870555e+01,1.000000e-06,9.410009e-11
5.366667e+01,8.583844e+01,7.552347e+01,5.899762e+01,1.000000e-06,8.278888e-11
5.383333e+01,8.608838e+01,7.588297e+01,5.928825e+01,1.000000e-06,5.131725e-11
5.400000e+01,8.632101e+01,7.622199e+01,5.969755e+01,1.000000e-06,4.754446e-11
5.416667e+01,8.663572e+01,7.646590e+01,5.996091e+01,1.000000e-06,6.409441e-11
5.433333e+01,8.686688e+01,7.663431e+01,6.029442e+01,1.000000e-06,4.705366e-11
5.450000e+01,8.729455e+01,7.693279e+01,6.055518e+01,1.000000e-06,8.701087e-11
5.466667e+01,8.747486e+01,7.726720e+01,6.086191e+01,1.000000e-06,3.663811e-11
5.483333e+01,8.783437e+01,7.767397e+01,6.109681e+01,1.000000e-06,7.281844e-11
5.500000e+01,8.811117e+01,7.796847e+01,6.149408e+01,1.000000e-06,5.593095e-11
5.516667e+01,8.838710e+01,7.835332e+01,6.165691e+01,1.000000e-06,5.556608e-11
5.533333e+01,8.880745e+01,7.864528e+01,6.195819e+01,1.000000e-06,8.466399e-11
5.550000e+01,8.919372e+01,7.902683e+01,6.225801e+01,1.000000e-06,7.758407e-11
5.566667e+01,8.945030e+01,7.929825e+01,6.262504e+01,1.000000e-06,5.141514e-11
5.583333e+01,8.976999e+01,7.973059e+01,6.280776e+01,1.000000e-06,6.386058e-11
5.600000e+01,9.000902e+01,7.996380e+01,6.323959e+01,1.000000e-06,4.768513e-11
5.616667e+01,9.024741e+01,8.017847e+01,6.342053e+01,1.000000e-06,4.732547e-11
5.633333e+01,9.056429e+01,8.048160e+01,6.364599e+01,1.000000e-06,6.281227e-11
5.650000e+01,9.086430e+01,8.073038e+01,6.389307e+01,1.000000e-06,5.920156e-11
5.666667e+01,9.108473e+01,8.117275e+01,6.425077e+01,1.000000e-06,4.321195e-11
5.683333e+01,9.141438e+01,8.157760e+01,6.471724e+01,1.000000e-06,6.416399e-11
5.700000e+01,9.163349e+01,8.180554e+01,6.511442e+01,1.000000e-06,4.244139e-11
5.716667e+01,9.189885e+01,8.215499e+01,6.557475e+01,1.000000e-06,5.137016e-11
5.733333e+01,9.213235e+01,8.229436e+01,6.587986e+01,1.000000e-06,4.529056e-11
5.750000e+01,9.253569e+01,8.252032e+01,6.609692e+01,1.000000e-06,7.879600e-11
5.766667e+01,9.286019e+01,8.281488e+01,6.631328e+01,1.000000e-06,6.382691e-11
5.783333e+01,9.302971e+01,8.305668e+01,6.652893e+01,1.000000e-06,3.345435e-11
5.800000e+01,9.324502e+01,8.326337e+01,6.685111e+01,1.000000e-06,4.249096e-11
5.816667e+01,9.344451e+01,8.355532e+01,6.715041e+01,1.000000e-06,3.927803e-11
5.833333e+01,9.364357e+01,8.391455e+01,6.744839e+01,1.000000e-06,3.912294e-11
5.850000e+01,9.399473e+01,8.425525e+01,6.763925e+01,1.000000e-06,6.897187e-11
5.866667e+01,9.428383e+01,8.450987e+01,6.793508e+01,1.000000e-06,5.670428e-11
5.883333e+01,9.458719e+01,8.479753e+01,6.825062e+01,1.000000e-06,5.920479e-11
5.900000e+01,9.490467e+01,8.506737e+01,6.860647e+01,1.000000e-06,6.167181e-11
5.916667e+01,9.514585e+01,8.528598e+01,6.889815e+01,1.000000e-06,4.659717e-11
5.933333e+01,9.555147e+01,8.540347e+01,6.916789e+01,1.000000e-06,7.795851e-11
5.950000e+01,9.582092e+01,8.572155e+01,6.941596e+01,1.000000e-06,5.150564e-11
5.966667e+01,9.613433e+01,8.608838e+01,6.978640e+01,1.000000e-06,5.957126e-11
5.983333e+01,9.646157e+01,8.632101e+01,7.025690e+01,1.000000e-06,6.182330e-11
6.000000e+01,9.674330e+01,8.666878e+01,7.050113e+01,1.000000e-06,5.295469e-11
6.016667e+01,9.699468e+01,8.691633e+01,7.082546e+01,1.000000e-06,4.719495e-11
6.033333e+01,9.726013e+01,8.716318e+01,7.108789e+01,1.000000e-06,4.963943e-11
6.050000e+01,9.759828e+01,8.750760e+01,7.132927e+01,1.000000e-06,6.307693e-11
6.066667e+01,9.773027e+01,8.785068e+01,7.166984e+01,1.000000e-06,2.453175e-11
6.083333e+01,9.802297e+01,8.811117e+01,7.214791e+01,1.000000e-06,5.410578e-11
6.100000e+01,9.819817e+01,8.840330e+01,7.240555e+01,1.000000e-06,3.228021e-11
6.116667e+01,9.862027e+01,8.859753e+01,7.278046e+01,1.000000e-06,7.798193e-11
6.133333e+01,9.906951e+01,8.874291e+01,7.299663e+01,1.000000e-06,8.325643e-11
6.150000e+01,9.937267e+01,8.904906e+01,7.321216e+01,1.000000e-06,5.641068e-11
6.166667e+01,9.961741e+01,8.938622e+01,7.344656e+01,1.000000e-06,4.560218e-11
6.183333e+01,9.987590e+01,8.992941e+01,7.373852e+01,1.000000e-06,4.817009e-11
6.200000e+01,1.001480e+02,9.023154e+01,7.404867e+01,1.000000e-06,5.070016e-11
6.216667e+01,1.004194e+02,9.048517e+01,7.424186e+01,1.000000e-06,5.049177e-11
6.233333e+01,1.008322e+02,9.076967e+01,7.468430e+01,1.000000e-06,7.691317e-11
6.250000e+01,1.010309e+02,9.108473e+01,7.499054e+01,1.000000e-06,3.698072e-11
6.266667e+01,1.013706e+02,9.141438e+01,7.542858e+01,1.000000e-06,6.345309e-11
6.283333e+01,1.017232e+02,9.168037e+01,7.584521e+01,1.000000e-06,6.610470e-11
6.300000e+01,1.020887e+02,9.191443e+01,7.620320e+01,1.000000e-06,6.893769e-11
6.316667e+01,1.023829e+02,9.214789e+01,7.646590e+01,1.000000e-06,5.591738e-11
6.333333e+01,1.027181e+02,9.250473e+01,7.682100e+01,1.000000e-06,6.427448e-11
6.350000e+01,1.030384e+02,9.273671e+01,7.719301e+01,1.000000e-06,6.188133e-11
6.366667e+01,1.034407e+02,9.302971e+01,7.747085e+01,1.000000e-06,7.852414e-11
6.383333e+01,1.036759e+02,9.324502e+01,7.780295e+01,1.000000e-06,4.640292e-11
6.400000e+01,1.039932e+02,9.349049e+01,7.798684e+01,1.000000e-06,6.324913e-11
6.416667e+01,1.043095e+02,9.390325e+01,7.831675e+01,1.000000e-06,6.379720e-11
6.433333e+01,1.046659e+02,9.420784e+01,7.869990e+01,1.000000e-06,7.253559e-11
6.450000e+01,1.049666e+02,9.461747e+01,7.893615e+01,1.000000e-06,6.166574e-11
6.466667e+01,1.053616e+02,9.507055e+01,7.913551e+01,1.000000e-06,8.181559e-11
6.483333e+01,1.055517e+02,9.547648e+01,7.938851e+01,1.000000e-06,3.963972e-11
6.500000e+01,1.058228e+02,9.571622e+01,7.969465e+01,1.000000e-06,5.674558e-11
6.516667e+01,1.060526e+02,9.598521e+01,7.992796e+01,1.000000e-06,4.826704e-11
6.533333e+01,1.063089e+02,9.625345e+01,8.019633e+01,1.000000e-06,5.399987e-11
6.550000e+01,1.066318e+02,9.662478e+01,8.033909e+01,1.000000e-06,6.824007e-11
6.566667e+01,1.069270e+02,9.686167e+01,8.058832e+01,1.000000e-06,6.256135e-11
6.583333e+01,1.072880e+02,9.708324e+01,8.090762e+01,1.000000e-06,7.643435e-11
6.600000e+01,1.076479e+02,9.727486e+01,8.108447e+01,1.000000e-06,7.599583e-11
6.616667e+01,1.079004e+02,9.748079e+01,8.138423e+01,1.000000e-06,5.320013e-11
6.633333e+01,1.083112e+02,9.771562e+01,8.157760e+01,1.000000e-06,8.616733e-11
6.650000e+01,1.086017e+02,9.805219e+01,8.184056e+01,1.000000e-06,6.072211e-11
6.666667e+01,1.089178e+02,9.831479e+01,8.222470e+01,1.000000e-06,6.563482e-11
6.683333e+01,1.091936e+02,9.859122e+01,8.250296e+01,1.000000e-06,5.680347e-11
6.700000e+01,1.094688e+02,9.892482e+01,8.272836e+01,1.000000e-06,5.625723e-11
6.716667e+01,1.097954e+02,9.911287e+01,8.305668e+01,1.000000e-06,6.641231e-11
6.733333e+01,1.100951e+02,9.947352e+01,8.340089e+01,1.000000e-06,6.052271e-11
6.750000e+01,1.104847e+02,9.984721e+01,8.382916e+01,1.000000e-06,7.841393e-11
6.766667e+01,1.107695e+02,1.000479e+02,8.411913e+01,1.000000e-06,5.720913e-11
6.783333e+01,1.110279e+02,1.003909e+02,8.440812e+01,1.000000e-06,5.187126e-11
6.800000e+01,1.114271e+02,1.007327e+02,8.464536e+01,1.000000e-06,8.023805e-11
6.816667e+01,1.116711e+02,1.009458e+02,8.499999e+01,1.000000e-06,4.900941e-11
6.833333e+01,1.120296e+02,1.011159e+02,8.523558e+01,1.000000e-06,7.190461e-11
6.850000e+01,1.123361e+02,1.013706e+02,8.550404e+01,1.000000e-06,6.147559e-11
6.866667e+01,1.125654e+02,1.016105e+02,8.583844e+01,1.000000e-06,4.589945e-11
6.883333e+01,1.128323e+02,1.018499e+02,8.600515e+01,1.000000e-06,5.334325e-11
6.900000e+01,1.131239e+02,1.021448e+02,8.630441e+01,1.000000e-06,5.833977e-11
6.916667e+01,1.134400e+02,1.024808e+02,8.661918e+01,1.000000e-06,6.319661e-11
6.933333e+01,1.136544e+02,1.027042e+02,8.685038e+01,1.000000e-06,4.285859e-11
6.950000e+01,1.139565e+02,1.029967e+02,8.717961e+01,1.000000e-06,6.041915e-11
6.966667e+01,1.141700e+02,1.034684e+02,8.749123e+01,1.000000e-06,4.271303e-11
6.983333e+01,1.144957e+02,1.037725e+02,8.768748e+01,1.000000e-06,6.531269e-11
7.000000e+01,1.148206e+02,1.040345e+02,8.798102e+01,1.000000e-06,6.534234e-11
7.016667e+01,1.151320e+02,1.045701e+02,8.819242e+01,1.000000e-06,6.272561e-11
7.033333e+01,1.153930e+02,1.049256e+02,8.840330e+01,1.000000e-06,5.261969e-11
7.050000e+01,1.157648e+02,1.052119e+02,8.858136e+01,1.000000e-06,7.496826e-11
7.066667e+01,1.160737e+02,1.055517e+02,8.882358e+01,1.000000e-06,6.218811e-11
7.083333e+01,1.163326e+02,1.057144e+02,8.919372e+01,1.000000e-06,5.185606e-11
7.100000e+01,1.165540e+02,1.060391e+02,8.946631e+01,1.000000e-06,4.406052e-11
7.116667e+01,1.168240e+02,1.063089e+02,8.973807e+01,1.000000e-06,5.356145e-11
7.133333e+01,1.170445e+02,1.066587e+02,9.004084e+01,1.000000e-06,4.361730e-11
7.150000e+01,1.172890e+02,1.069939e+02,9.029501e+01,1.000000e-06,4.823453e-11
7.166667e+01,1.175574e+02,1.073147e+02,9.050100e+01,1.000000e-06,5.283621e-11
7.183333e+01,1.178616e+02,1.076080e+02,9.080123e+01,1.000000e-06,5.973424e-11
7.200000e+01,1.181651e+02,1.079270e+02,9.110046e+01,1.000000e-06,5.937157e-11
7.216667e+01,1.184435e+02,1.080861e+02,9.144572e+01,1.000000e-06,5.431531e-11
7.233333e+01,1.187214e+02,1.085094e+02,9.188326e+01,1.000000e-06,5.400403e-11
7.250000e+01,1.189504e+02,1.089047e+02,9.210125e+01,1.000000e-06,4.442839e-11
7.266667e+01,1.192150e+02,1.091280e+02,9.238077e+01,1.000000e-06,5.142118e-11
7.283333e+01,1.195390e+02,1.094688e+02,9.269036e+01,1.000000e-06,6.300031e-11
7.300000e+01,1.198621e+02,1.097432e+02,9.299891e+01,1.000000e-06,6.284175e-11
7.316667e+01,1.201008e+02,1.099779e+02,9.329110e+01,1.000000e-06,4.648704e-11
7.333333e+01,1.204224e+02,1.102771e+02,9.356706e+01,1.000000e-06,6.272272e-11
7.350000e+01,1.206245e+02,1.106013e+02,9.384221e+01,1.000000e-06,3.944202e-11
7.366667e+01,1.208854e+02,1.108471e+02,9.423824e+01,1.000000e-06,5.099251e-11
7.383333e+01,1.212640e+02,1.111568e+02,9.446596e+01,1.000000e-06,7.407778e-11
7.400000e+01,1.215943e+02,1.113499e+02,9.476874e+01,1.000000e-06,6.484194e-11
7.416667e+01,1.219589e+02,1.116582e+02,9.514585e+01,1.000000e-06,7.168500e-11
7.433333e+01,1.222522e+02,1.119785e+02,9.538642e+01,1.000000e-06,5.774812e-11
7.450000e+01,1.224629e+02,1.124126e+02,9.571622e+01,1.000000e-06,4.158217e-11
7.466667e+01,1.227783e+02,1.127053e+02,9.592550e+01,1.000000e-06,6.227705e-11
7.483333e+01,1.231511e+02,1.130732e+02,9.610452e+01,1.000000e-06,7.374152e-11
7.500000e+01,1.234183e+02,1.133642e+02,9.650611e+01,1.000000e-06,5.281748e-11
7.516667e+01,1.237660e+02,1.136923e+02,9.683209e+01,1.000000e-06,6.845144e-11
7.533333e+01,1.240204e+02,1.140319e+02,9.708324e+01,1.000000e-06,5.001111e-11
7.550000e+01,1.243779e+02,1.143580e+02,9.734846e+01,1.000000e-06,7.031215e-11
7.566667e+01,1.247918e+02,1.145958e+02,9.758360e+01,1.000000e-06,8.136586e-11
7.583333e+01,1.250899e+02,1.149328e+02,9.786209e+01,1.000000e-06,5.846826e-11
7.600000e+01,1.253073e+02,1.151569e+02,9.806680e+01,1.000000e-06,4.245664e-11
7.616667e+01,1.255471e+02,1.154178e+02,9.846038e+01,1.000000e-06,4.660549e-11
7.633333e+01,1.258434e+02,1.156162e+02,9.877991e+01,1.000000e-06,5.720035e-11
7.650000e+01,1.262184e+02,1.159255e+02,9.912732e+01,1.000000e-06,7.219243e-11
7.666667e+01,1.264905e+02,1.161477e+02,9.934384e+01,1.000000e-06,5.222835e-11
7.683333e+01,1.267507e+02,1.164802e+02,9.976110e+01,1.000000e-06,4.979251e-11
7.700000e+01,1.271231e+02,1.167014e+02,1.001051e+02,1.000000e-06,7.092497e-11
7.716667e+01,1.273932e+02,1.169221e+02,1.003623e+02,1.000000e-06,5.133088e-11
7.733333e+01,1.276403e+02,1.172035e+02,1.006331e+02,1.000000e-06,4.688654e-11
7.750000e+01,1.279430e+02,1.174721e+02,1.010734e+02,1.000000e-06,5.735229e-11
7.766667e+01,1.282226e+02,1.177887e+02,1.012716e+02,1.000000e-06,5.291295e-11
7.783333e+01,1.284792e+02,1.180438e+02,1.015682e+02,1.000000e-06,4.865906e-11
7.800000e+01,1.288466e+02,1.182741e+02,1.018499e+02,1.000000e-06,6.965388e-11
7.816667e+01,1.291353e+02,1.186127e+02,1.021728e+02,1.000000e-06,5.478913e-11
7.833333e+01,1.294234e+02,1.188420e+02,1.024529e+02,1.000000e-06,5.471385e-11
7.850000e+01,1.297661e+02,1.191549e+02,1.027600e+02,1.000000e-06,6.518728e-11
7.866667e+01,1.300527e+02,1.194311e+02,1.030523e+02,1.000000e-06,5.452251e-11
7.883333e+01,1.303388e+02,1.197186e+02,1.034546e+02,1.000000e-06,5.438400e-11
7.900000e+01,1.306681e+02,1.200054e+02,1.037587e+02,1.000000e-06,6.261726e-11
7.916667e+01,1.309528e+02,1.202796e+02,1.040207e+02,1.000000e-06,5.425866e-11
7.933333e+01,1.312696e+02,1.205888e+02,1.042133e+02,1.000000e-06,6.047588e-11
7.950000e+01,1.314659e+02,1.208143e+02,1.045701e+02,1.000000e-06,3.742350e-11
7.966667e+01,1.317815e+02,1.210512e+02,1.048846e+02,1.000000e-06,6.004880e-11
7.983333e+01,1.321180e+02,1.213467e+02,1.051847e+02,1.000000e-06,6.406038e-11
