Time,avgI1rd,avgI2rd,avgDrd,Beta,Beff
0.000000e+00,1.692569e+00,0.000000e+00,0.000000e+00,7.943282e-06,0.000000e+00
1.666667e-01,1.692569e+00,0.000000e+00,0.000000e+00,7.943282e-06,0.000000e+00
3.333333e-01,1.692569e+00,0.000000e+00,0.000000e+00,7.943282e-06,0.000000e+00
5.000000e-01,1.692569e+00,0.000000e+00,0.000000e+00,7.943282e-06,0.000000e+00
6.666667e-01,1.692569e+00,0.000000e+00,0.000000e+00,7.943282e-06,0.000000e+00
8.333333e-01,1.692569e+00,0.000000e+00,0.000000e+00,7.943282e-06,0.000000e+00
1.000000e+00,1.692569e+00,1.692569e+00,0.000000e+00,7.943282e-06,0.000000e+00
1.166667e+00,1.692569e+00,1.692569e+00,0.000000e+00,7.943282e-06,0.000000e+00
1.333333e+00,1.692569e+00,1.692569e+00,0.000000e+00,7.943282e-06,0.000000e+00
1.500000e+00,1.692569e+00,1.692569e+00,0.000000e+00,7.943282e-06,0.000000e+00
1.666667e+00,1.692569e+00,1.692569e+00,0.000000e+00,7.943282e-06,0.000000e+00
1.833333e+00,1.692569e+00,1.692569e+00,0.000000e+00,7.943282e-06,0.000000e+00
2.000000e+00,1.692569e+00,1.692569e+00,0.000000e+00,7.943282e-06,0.000000e+00
2.166667e+00,1.692569e+00,1.692569e+00,0.000000e+00,7.943282e-06,0.000000e+00
2.333333e+00,1.692569e+00,1.692569e+00,0.000000e+00,7.943282e-06,0.000000e+00
2.500000e+00,1.692569e+00,1.692569e+00,0.000000e+00,7.943282e-06,0.000000e+00
2.666667e+00,1.692569e+00,1.692569e+00,0.000000e+00,7.943282e-06,0.000000e+00
2.833333e+00,1.692569e+00,1.692569e+00,0.000000e+00,7.943282e-06,0.000000e+00
3.000000e+00,1.692569e+00,1.692569e+00,0.000000e+00,7.943282e-06,0.000000e+00
3.166667e+00,1.692569e+00,1.692569e+00,0.000000e+00,7.943282e-06,0.000000e+00
3.333333e+00,1.692569e+00,1.692569e+00,0.000000e+00,7.943282e-06,0.000000e+00
3.500000e+00,1.692569e+00,1.692569e+00,0.000000e+00,7.943282e-06,0.000000e+00
3.666667e+00,1.692569e+00,1.692569e+00,0.000000e+00,7.943282e-06,0.000000e+00
3.833333e+00,1.692569e+00,1.692569e+00,0.000000e+00,7.943282e-06,0.000000e+00
4.000000e+00,1.692569e+00,1.692569e+00,0.000000e+00,7.943282e-06,0.000000e+00
4.166667e+00,1.692569e+00,1.692569e+00,0.000000e+00,7.943282e-06,0.000000e+00
4.333333e+00,2.393654e+00,1.692569e+00,0.000000e+00,7.943282e-06,9.662484e-05
4.500000e+00,2.393654e+00,1.692569e+00,0.000000e+00,7.943282e-06,0.000000e+00
4.666667e+00,2.393654e+00,1.692569e+00,0.000000e+00,7.943282e-06,0.000000e+00
4.833333e+00,2.393654e+00,1.692569e+00,0.000000e+00,7.943282e-06,0.000000e+00
5.000000e+00,2.393654e+00,1.692569e+00,0.000000e+00,7.943282e-06,0.000000e+00
5.166667e+00,2.393654e+00,1.692569e+00,0.000000e+00,7.943282e-06,0.000000e+00
5.333333e+00,2.393654e+00,1.692569e+00,0.000000e+00,7.943282e-06,0.000000e+00
5.500000e+00,2.393654e+00,2.393654e+00,0.000000e+00,7.943282e-06,0.000000e+00
5.666667e+00,2.393654e+00,2.393654e+00,0.000000e+00,7.943282e-06,0.000000e+00
5.833333e+00,2.931615e+00,2.393654e+00,0.000000e+00,7.943282e-06,1.290554e-05
6.000000e+00,3.385138e+00,2.393654e+00,0.000000e+00,7.943282e-06,1.031638e-05
6.166667e+00,3.385138e+00,2.393654e+00,0.000000e+00,7.943282e-06,0.000000e+00
6.333333e+00,3.784699e+00,2.931615e+00,0.000000e+00,7.943282e-06,6.595104e-06
6.500000e+00,4.145930e+00,2.931615e+00,0.000000e+00,7.943282e-06,5.274071e-06
6.666667e+00,4.145930e+00,2.931615e+00,0.000000e+00,7.943282e-06,0.000000e+00
6.833333e+00,4.787307e+00,2.931615e+00,0.000000e+00,7.943282e-06,6.745749e-06
7.000000e+00,5.077706e+00,2.931615e+00,0.000000e+00,7.943282e-06,2.697580e-06
7.166667e+00,5.352372e+00,2.931615e+00,0.000000e+00,7.943282e-06,2.157603e-06
7.333333e+00,6.333012e+00,3.385138e+00,0.000000e+00,7.943282e-06,6.903905e-06
7.500000e+00,6.333012e+00,3.385138e+00,0.000000e+00,7.943282e-06,0.000000e+00
7.666667e+00,6.555291e+00,4.145930e+00,0.000000e+00,7.943282e-06,1.104247e-06
7.833333e+00,6.978640e+00,4.145930e+00,0.000000e+00,7.943282e-06,1.766658e-06
8.000000e+00,7.180961e+00,4.478116e+00,0.000000e+00,7.943282e-06,7.066050e-07
8.166667e+00,7.377736e+00,4.478116e+00,0.000000e+00,7.943282e-06,5.652775e-07
8.333333e+00,7.756324e+00,4.478116e+00,0.000000e+00,7.943282e-06,9.045262e-07
8.500000e+00,8.291860e+00,4.478116e+00,0.000000e+00,7.943282e-06,1.085661e-06
8.666667e+00,8.794845e+00,4.787307e+00,0.000000e+00,7.943282e-06,8.687971e-07
8.833333e+00,8.956232e+00,4.787307e+00,0.000000e+00,7.943282e-06,2.317609e-07
9.000000e+00,9.423824e+00,4.787307e+00,0.000000e+00,7.943282e-06,5.565240e-07
9.166667e+00,9.423824e+00,4.787307e+00,0.000000e+00,7.943282e-06,0.000000e+00
9.333333e+00,9.869287e+00,4.787307e+00,0.000000e+00,7.943282e-06,3.567232e-07
9.500000e+00,1.015541e+01,5.077706e+00,0.000000e+00,7.943282e-06,1.904732e-07
9.666667e+00,1.057009e+01,5.077706e+00,0.000000e+00,7.943282e-06,2.289162e-07
9.833333e+00,1.096910e+01,5.352372e+00,0.000000e+00,7.943282e-06,1.834857e-07
1.000000e+01,1.135410e+01,5.613615e+00,0.000000e+00,7.943282e-06,1.471452e-07
1.016667e+01,1.172646e+01,5.613615e+00,0.000000e+00,7.943282e-06,1.180689e-07
1.033333e+01,1.220529e+01,6.102643e+00,0.000000e+00,7.943282e-06,1.264189e-07
1.050000e+01,1.232209e+01,6.102643e+00,0.000000e+00,7.943282e-06,2.540172e-08
1.066667e+01,1.232209e+01,6.555291e+00,0.000000e+00,7.943282e-06,0.000000e+00
1.083333e+01,1.277861e+01,6.770275e+00,0.000000e+00,7.943282e-06,6.589107e-08
1.100000e+01,1.321938e+01,6.978640e+00,0.000000e+00,7.943282e-06,5.319443e-08
1.116667e+01,1.405953e+01,7.180961e+00,0.000000e+00,7.943282e-06,8.608834e-08
1.133333e+01,1.446131e+01,7.569398e+00,0.000000e+00,7.943282e-06,3.491749e-08
1.150000e+01,1.485223e+01,7.938851e+00,0.000000e+00,7.943282e-06,2.841479e-08
1.166667e+01,1.494836e+01,7.938851e+00,0.000000e+00,7.943282e-06,5.801931e-09
1.183333e+01,1.523312e+01,8.117275e+00,0.000000e+00,7.943282e-06,1.428072e-08
1.200000e+01,1.551265e+01,8.291860e+00,0.000000e+00,7.943282e-06,1.177803e-08
1.216667e+01,1.551265e+01,8.630441e+00,0.000000e+00,7.943282e-06,0.000000e+00
1.233333e+01,1.605712e+01,9.114762e+00,0.000000e+00,7.943282e-06,1.632907e-08
1.250000e+01,1.623455e+01,9.423824e+00,0.000000e+00,7.943282e-06,4.582270e-09
1.266667e+01,1.684085e+01,9.574615e+00,0.000000e+00,7.943282e-06,1.361888e-08
1.283333e+01,1.726088e+01,9.574615e+00,0.000000e+00,7.943282e-06,8.335673e-09
1.300000e+01,1.783232e+01,9.869287e+00,0.000000e+00,7.943282e-06,1.009796e-08
1.316667e+01,1.830793e+01,1.043369e+01,0.000000e+00,7.943282e-06,7.564954e-09
1.333333e+01,1.884765e+01,1.083773e+01,0.000000e+00,7.943282e-06,7.793622e-09
1.350000e+01,1.944613e+01,1.122723e+01,0.000000e+00,7.943282e-06,7.946607e-09
1.366667e+01,1.981101e+01,1.135410e+01,0.000000e+00,7.943282e-06,4.475370e-09
1.383333e+01,2.009814e+01,1.135410e+01,0.000000e+00,7.943282e-06,3.257497e-09
1.400000e+01,2.038123e+01,1.184798e+01,0.000000e+00,7.943282e-06,2.991207e-09
1.416667e+01,2.045139e+01,1.208736e+01,0.000000e+00,7.943282e-06,6.925455e-10
1.433333e+01,2.072965e+01,1.255243e+01,1.692569e+00,7.943282e-06,2.586241e-09
1.450000e+01,2.120783e+01,1.289022e+01,1.692569e+00,7.943282e-06,4.256539e-09
1.466667e+01,2.154288e+01,1.332730e+01,1.692569e+00,7.943282e-06,3.302043e-09
1.483333e+01,2.193820e+01,1.395728e+01,1.692569e+00,7.943282e-06,4.289379e-09
1.500000e+01,2.232652e+01,1.395728e+01,1.692569e+00,7.943282e-06,4.624180e-09
1.516667e+01,2.264503e+01,1.436192e+01,1.692569e+00,7.943282e-06,4.130711e-09
1.533333e+01,2.320733e+01,1.485223e+01,1.692569e+00,7.943282e-06,7.915353e-09
1.550000e+01,2.339177e+01,1.485223e+01,1.692569e+00,7.943282e-06,2.783192e-09
1.566667e+01,2.387662e+01,1.523312e+01,1.692569e+00,7.943282e-06,7.743202e-09
1.583333e+01,2.446918e+01,1.578723e+01,1.692569e+00,7.943282e-06,9.964092e-09
1.600000e+01,2.458598e+01,1.605712e+01,1.692569e+00,7.943282e-06,2.018777e-09
1.616667e+01,2.476015e+01,1.632254e+01,1.692569e+00,7.943282e-06,3.013999e-09
1.633333e+01,2.504773e+01,1.641006e+01,1.692569e+00,7.943282e-06,4.904632e-09
1.650000e+01,2.555723e+01,1.649712e+01,1.692569e+00,7.943282e-06,8.454500e-09
1.666667e+01,2.605676e+01,1.666987e+01,1.692569e+00,7.943282e-06,7.944300e-09
1.683333e+01,2.638454e+01,1.701011e+01,1.692569e+00,7.943282e-06,4.889619e-09
1.700000e+01,2.660081e+01,1.726088e+01,1.692569e+00,7.943282e-06,2.963440e-09
1.716667e+01,2.702816e+01,1.742606e+01,1.692569e+00,7.943282e-06,5.320392e-09
1.733333e+01,2.739662e+01,1.775181e+01,2.393654e+00,7.943282e-06,4.136690e-09
1.750000e+01,2.760496e+01,1.791246e+01,2.393654e+00,7.943282e-06,2.084252e-09
1.766667e+01,2.796583e+01,1.830793e+01,2.393654e+00,7.943282e-06,3.470133e-09
1.783333e+01,2.827147e+01,1.846375e+01,2.393654e+00,7.943282e-06,2.770904e-09
1.800000e+01,2.842306e+01,1.861826e+01,2.393654e+00,7.943282e-06,1.265555e-09
1.816667e+01,2.872384e+01,1.899904e+01,2.393654e+00,7.943282e-06,2.272995e-09
1.833333e+01,2.931615e+01,1.929825e+01,2.393654e+00,7.943282e-06,4.016849e-09
1.850000e+01,2.936497e+01,1.951966e+01,3.385138e+00,7.943282e-06,2.923615e-10
1.866667e+01,2.946237e+01,2.016928e+01,3.385138e+00,7.943282e-06,5.062592e-10
1.883333e+01,2.975264e+01,2.045139e+01,3.385138e+00,7.943282e-06,1.382739e-09
1.900000e+01,3.004012e+01,2.072965e+01,3.385138e+00,7.943282e-06,1.241673e-09
1.916667e+01,3.013533e+01,2.086739e+01,3.385138e+00,7.943282e-06,3.676648e-10
1.933333e+01,3.023024e+01,2.107231e+01,3.385138e+00,7.943282e-06,3.240906e-10
1.950000e+01,3.051322e+01,2.134248e+01,3.385138e+00,7.943282e-06,8.529034e-10
1.966667e+01,3.060696e+01,2.167546e+01,3.784699e+00,7.943282e-06,2.487118e-10
1.983333e+01,3.070042e+01,2.193820e+01,4.145930e+00,7.943282e-06,2.174444e-10
2.000000e+01,3.097909e+01,2.213321e+01,4.145930e+00,7.943282e-06,5.796488e-10
2.016667e+01,3.148360e+01,2.219783e+01,4.145930e+00,7.943282e-06,9.554184e-10
2.033333e+01,3.184549e+01,2.277118e+01,4.478116e+00,7.943282e-06,6.223663e-10
2.050000e+01,3.224777e+01,2.320733e+01,4.787307e+00,7.943282e-06,6.260174e-10
2.066667e+01,3.260118e+01,2.345292e+01,4.787307e+00,7.943282e-06,5.043007e-10
2.083333e+01,3.290730e+01,2.363544e+01,5.352372e+00,7.943282e-06,3.995605e-10
2.100000e+01,3.303762e+01,2.405592e+01,5.613615e+00,7.943282e-06,1.548081e-10
2.116667e+01,3.355387e+01,2.435182e+01,5.613615e+00,7.943282e-06,5.694654e-10
2.133333e+01,3.380903e+01,2.452765e+01,5.863230e+00,7.943282e-06,2.608235e-10
2.150000e+01,3.402021e+01,2.499048e+01,6.770275e+00,7.943282e-06,1.989235e-10
2.166667e+01,3.414629e+01,2.521871e+01,6.978640e+00,7.943282e-06,1.097010e-10
2.183333e+01,3.448025e+01,2.533205e+01,7.180961e+00,7.943282e-06,2.766537e-10
2.200000e+01,3.472861e+01,2.561321e+01,7.180961e+00,7.943282e-06,1.966454e-10
2.216667e+01,3.517938e+01,2.578044e+01,7.938851e+00,7.943282e-06,3.424934e-10
2.233333e+01,3.542284e+01,2.633019e+01,8.462844e+00,7.943282e-06,1.765679e-10
2.250000e+01,3.594468e+01,2.649289e+01,8.630441e+00,7.943282e-06,3.688610e-10
2.266667e+01,3.630156e+01,2.660081e+01,8.794845e+00,7.943282e-06,2.471937e-10
2.283333e+01,3.657672e+01,2.697511e+01,8.794845e+00,7.943282e-06,1.857670e-10
2.300000e+01,3.688868e+01,2.723932e+01,8.956232e+00,7.943282e-06,2.048113e-10
2.316667e+01,3.739007e+01,2.760496e+01,9.270581e+00,7.943282e-06,3.189852e-10
2.333333e+01,3.780912e+01,2.781174e+01,9.574615e+00,7.943282e-06,2.567101e-10
2.350000e+01,3.803575e+01,2.811906e+01,9.723067e+00,7.943282e-06,1.338210e-10
2.366667e+01,3.833584e+01,2.827147e+01,1.015541e+01,7.943282e-06,1.710871e-10
2.383333e+01,3.863360e+01,2.867393e+01,1.057009e+01,7.943282e-06,1.637230e-10
2.400000e+01,3.900260e+01,2.892263e+01,1.083773e+01,7.943282e-06,1.969278e-10
2.416667e+01,3.947715e+01,2.931615e+01,1.109892e+01,7.943282e-06,2.465494e-10
2.433333e+01,3.991018e+01,2.941371e+01,1.160367e+01,7.943282e-06,2.186695e-10
2.450000e+01,4.008923e+01,2.975264e+01,1.172646e+01,7.943282e-06,8.723234e-11
2.466667e+01,4.044496e+01,2.999239e+01,1.208736e+01,7.943282e-06,1.683161e-10
2.483333e+01,4.072730e+01,3.027759e+01,1.208736e+01,7.943282e-06,1.283407e-10
2.500000e+01,4.093778e+01,3.056012e+01,1.232209e+01,7.943282e-06,9.207260e-11
2.516667e+01,4.159727e+01,3.093282e+01,1.289022e+01,7.943282e-06,2.776388e-10
2.533333e+01,4.197434e+01,3.130108e+01,1.343435e+01,7.943282e-06,1.530076e-10
2.550000e+01,4.248314e+01,3.161979e+01,1.354055e+01,7.943282e-06,2.001879e-10
2.566667e+01,4.285242e+01,3.184549e+01,1.375049e+01,7.943282e-06,1.419910e-10
2.583333e+01,4.318539e+01,3.233648e+01,1.405953e+01,7.943282e-06,1.242514e-10
2.600000e+01,4.361445e+01,3.277645e+01,1.456003e+01,7.943282e-06,1.551762e-10
2.616667e+01,4.410433e+01,3.303762e+01,1.475547e+01,7.943282e-06,1.716968e-10
2.633333e+01,4.446014e+01,3.321060e+01,1.513880e+01,7.943282e-06,1.214325e-10
2.650000e+01,4.474916e+01,3.355387e+01,1.569624e+01,7.943282e-06,9.556988e-11
2.666667e+01,4.497267e+01,3.380903e+01,1.587770e+01,7.943282e-06,7.161752e-11
2.683333e+01,4.522675e+01,3.410432e+01,1.623455e+01,7.943282e-06,7.916860e-11
2.700000e+01,4.551090e+01,3.427191e+01,1.649712e+01,7.943282e-06,8.604145e-11
2.716667e+01,4.588703e+01,3.468734e+01,1.675558e+01,7.943282e-06,1.110070e-10
2.733333e+01,4.641467e+01,3.497520e+01,1.717770e+01,7.943282e-06,1.524167e-10
2.750000e+01,4.678353e+01,3.530132e+01,1.767094e+01,7.943282e-06,1.043821e-10
2.766667e+01,4.717988e+01,3.554394e+01,1.807169e+01,7.943282e-06,1.101607e-10
2.783333e+01,4.766317e+01,3.586489e+01,1.822952e+01,7.943282e-06,1.327085e-10
2.800000e+01,4.802244e+01,3.626208e+01,1.877150e+01,7.943282e-06,9.771837e-11
2.816667e+01,4.831980e+01,3.661586e+01,1.944613e+01,7.943282e-06,7.975534e-11
2.833333e+01,4.861534e+01,3.708232e+01,1.995509e+01,7.943282e-06,7.843074e-11
2.850000e+01,4.887979e+01,3.742836e+01,2.045139e+01,7.943282e-06,6.992706e-11
2.866667e+01,4.931740e+01,3.796036e+01,2.079863e+01,7.943282e-06,1.157804e-10
2.883333e+01,4.966471e+01,3.833584e+01,2.093592e+01,7.943282e-06,9.226398e-11
2.900000e+01,4.992361e+01,3.896586e+01,2.134248e+01,7.943282e-06,6.880612e-11
2.916667e+01,5.026673e+01,3.936814e+01,2.154288e+01,7.943282e-06,9.078746e-11
2.933333e+01,5.055088e+01,3.973033e+01,2.180722e+01,7.943282e-06,7.488438e-11
2.950000e+01,5.097415e+01,3.994606e+01,2.206840e+01,7.943282e-06,1.107749e-10
2.966667e+01,5.131024e+01,4.023190e+01,2.232652e+01,7.943282e-06,8.735292e-11
2.983333e+01,5.153309e+01,4.076245e+01,2.277118e+01,7.943282e-06,5.725256e-11
3.000000e+01,5.194835e+01,4.090277e+01,2.320733e+01,7.943282e-06,1.056710e-10
3.016667e+01,5.219592e+01,4.111235e+01,2.351392e+01,7.943282e-06,6.247316e-11
3.033333e+01,5.241500e+01,4.145930e+01,2.363544e+01,7.943282e-06,5.495683e-11
3.050000e+01,5.282333e+01,4.187184e+01,2.429293e+01,7.943282e-06,1.019569e-10
3.066667e+01,5.309381e+01,4.228035e+01,2.464417e+01,7.943282e-06,6.712894e-11
3.083333e+01,5.341657e+01,4.255052e+01,2.487558e+01,7.943282e-06,8.008591e-11
3.100000e+01,5.368405e+01,4.275202e+01,2.510485e+01,7.943282e-06,6.654632e-11
3.116667e+01,5.410928e+01,4.295258e+01,2.538853e+01,7.943282e-06,1.061032e-10
3.133333e+01,5.458370e+01,4.321854e+01,2.566908e+01,7.943282e-06,1.189617e-10
3.150000e+01,5.481937e+01,4.354871e+01,2.583594e+01,7.943282e-06,5.934857e-11
3.166667e+01,5.513203e+01,4.390903e+01,2.611168e+01,7.943282e-06,7.901687e-11
3.183333e+01,5.570069e+01,4.416923e+01,2.643877e+01,7.943282e-06,1.443623e-10
3.200000e+01,5.590604e+01,4.446014e+01,2.676186e+01,7.943282e-06,5.238245e-11
3.216667e+01,5.628905e+01,4.487702e+01,2.697511e+01,7.943282e-06,9.814525e-11
3.233333e+01,5.656827e+01,4.509989e+01,2.734429e+01,7.943282e-06,7.195788e-11
3.250000e+01,5.707245e+01,4.541639e+01,2.770854e+01,7.943282e-06,1.308231e-10
3.266667e+01,5.742275e+01,4.582456e+01,2.801700e+01,7.943282e-06,9.184171e-11
3.283333e+01,5.772131e+01,4.616712e+01,2.811906e+01,7.943282e-06,7.901250e-11
3.300000e+01,5.819090e+01,4.659946e+01,2.842306e+01,7.943282e-06,1.255080e-10
3.316667e+01,5.851002e+01,4.696688e+01,2.887306e+01,7.943282e-06,8.566031e-11
3.333333e+01,5.880306e+01,4.724056e+01,2.902151e+01,7.943282e-06,7.892809e-11
3.350000e+01,5.909465e+01,4.766317e+01,2.941371e+01,7.943282e-06,7.909579e-11
3.366667e+01,5.933655e+01,4.790298e+01,2.970446e+01,7.943282e-06,6.577150e-11
3.383333e+01,5.960150e+01,4.814161e+01,2.989672e+01,7.943282e-06,7.234080e-11
3.400000e+01,6.003253e+01,4.846779e+01,3.018282e+01,7.943282e-06,1.182800e-10
3.416667e+01,6.050785e+01,4.890909e+01,3.060696e+01,7.943282e-06,1.310052e-10
3.433333e+01,6.090896e+01,4.911367e+01,3.070042e+01,7.943282e-06,1.108930e-10
3.450000e+01,6.133081e+01,4.940446e+01,3.079359e+01,7.943282e-06,1.172083e-10
3.466667e+01,6.170336e+01,4.966471e+01,3.111750e+01,7.943282e-06,1.035137e-10
3.483333e+01,6.207368e+01,4.998096e+01,3.125529e+01,7.943282e-06,1.022447e-10
3.500000e+01,6.246473e+01,5.026673e+01,3.161979e+01,7.943282e-06,1.071717e-10
3.516667e+01,6.280776e+01,5.052254e+01,3.202490e+01,7.943282e-06,9.278244e-11
3.533333e+01,6.305812e+01,5.083345e+01,3.229215e+01,7.943282e-06,6.679624e-11
3.550000e+01,6.330750e+01,5.103032e+01,3.238075e+01,7.943282e-06,6.568136e-11
3.566667e+01,6.362348e+01,5.156088e+01,3.251318e+01,7.943282e-06,8.204521e-11
3.583333e+01,6.393789e+01,5.200347e+01,3.273272e+01,7.943282e-06,8.010956e-11
3.600000e+01,6.422847e+01,5.230558e+01,3.333974e+01,7.943282e-06,7.233440e-11
3.616667e+01,6.462865e+01,5.271475e+01,3.372419e+01,7.943282e-06,9.715792e-11
3.633333e+01,6.482781e+01,5.312078e+01,3.427191e+01,7.943282e-06,4.743088e-11
3.650000e+01,6.518038e+01,5.355048e+01,3.460465e+01,7.943282e-06,8.244042e-11
3.666667e+01,6.546544e+01,5.389709e+01,3.497520e+01,7.943282e-06,6.582530e-11
3.683333e+01,6.574927e+01,5.408280e+01,3.517938e+01,7.943282e-06,6.461691e-11
3.700000e+01,6.611859e+01,5.445233e+01,3.554394e+01,7.943282e-06,8.302720e-11
3.716667e+01,6.646431e+01,5.474093e+01,3.594468e+01,7.943282e-06,7.649413e-11
3.733333e+01,6.697955e+01,5.497593e+01,3.614338e+01,7.943282e-06,1.126359e-10
3.750000e+01,6.717174e+01,5.536537e+01,3.645905e+01,7.943282e-06,4.149330e-11
3.766667e+01,6.746962e+01,5.570069e+01,3.696626e+01,7.943282e-06,6.331300e-11
3.783333e+01,6.776619e+01,5.605955e+01,3.750482e+01,7.943282e-06,6.214085e-11
3.800000e+01,6.810355e+01,5.626359e+01,3.777122e+01,7.943282e-06,7.006439e-11
3.816667e+01,6.848109e+01,5.669474e+01,3.814856e+01,7.943282e-06,7.816119e-11
3.833333e+01,6.896049e+01,5.704735e+01,3.841050e+01,7.943282e-06,9.905500e-11
3.850000e+01,6.910574e+01,5.732288e+01,3.874467e+01,7.943282e-06,2.991271e-11
3.866667e+01,6.943659e+01,5.767166e+01,3.903931e+01,7.943282e-06,6.778315e-11
3.883333e+01,6.986845e+01,5.816628e+01,3.951342e+01,7.943282e-06,8.821152e-11
3.900000e+01,7.025690e+01,5.851002e+01,3.976636e+01,7.943282e-06,7.906469e-11
3.916667e+01,7.052144e+01,5.877870e+01,4.019628e+01,7.943282e-06,5.378882e-11
3.933333e+01,7.082546e+01,5.907041e+01,4.055106e+01,7.943282e-06,6.166894e-11
3.950000e+01,7.104758e+01,5.928825e+01,4.090277e+01,7.943282e-06,4.498736e-11
3.966667e+01,7.132927e+01,5.950529e+01,4.121674e+01,7.943282e-06,5.697119e-11
3.983333e+01,7.168983e+01,5.981740e+01,4.166608e+01,7.943282e-06,7.297190e-11
4.000000e+01,7.202869e+01,6.017552e+01,4.207659e+01,7.943282e-06,6.852202e-11
4.016667e+01,7.240555e+01,6.053152e+01,4.241565e+01,7.943282e-06,7.641963e-11
4.033333e+01,7.268198e+01,6.086191e+01,4.265139e+01,7.943282e-06,5.619773e-11
4.050000e+01,7.321216e+01,6.123732e+01,4.295258e+01,7.943282e-06,1.083104e-10
4.066667e+01,7.356349e+01,6.158718e+01,4.308577e+01,7.943282e-06,7.192351e-11
4.083333e+01,7.387437e+01,6.177296e+01,4.361445e+01,7.943282e-06,6.365388e-11
4.100000e+01,7.414533e+01,6.202751e+01,4.397423e+01,7.943282e-06,5.525325e-11
4.116667e+01,7.445379e+01,6.248766e+01,4.423405e+01,7.943282e-06,6.282118e-11
4.133333e+01,7.464593e+01,6.264791e+01,4.462094e+01,7.943282e-06,3.911711e-11
4.150000e+01,7.493321e+01,6.283056e+01,4.490892e+01,7.943282e-06,5.839496e-11
4.166667e+01,7.531455e+01,6.314892e+01,4.500451e+01,7.943282e-06,7.767746e-11
4.183333e+01,7.558035e+01,6.353336e+01,4.541639e+01,7.943282e-06,5.418295e-11
4.200000e+01,7.593958e+01,6.387065e+01,4.563663e+01,7.943282e-06,7.287472e-11
4.216667e+01,7.629712e+01,6.431761e+01,4.604285e+01,7.943282e-06,7.219745e-11
4.233333e+01,7.663431e+01,6.462865e+01,4.635290e+01,7.943282e-06,6.760321e-11
4.250000e+01,7.693279e+01,6.480571e+01,4.656872e+01,7.943282e-06,5.950968e-11
4.266667e+01,7.728574e+01,6.511442e+01,4.702783e+01,7.943282e-06,7.001817e-11
4.283333e+01,7.782136e+01,6.544356e+01,4.721023e+01,7.943282e-06,1.058367e-10
4.300000e+01,7.831675e+01,6.577105e+01,4.751267e+01,7.943282e-06,9.802496e-11
4.316667e+01,7.866349e+01,6.627006e+01,4.784314e+01,7.943282e-06,6.831510e-11
4.333333e+01,7.900870e+01,6.659349e+01,4.814161e+01,7.943282e-06,6.767390e-11
4.350000e+01,7.928018e+01,6.685111e+01,4.837905e+01,7.943282e-06,5.280871e-11
4.366667e+01,7.964071e+01,6.727828e+01,4.867423e+01,7.943282e-06,6.966495e-11
4.383333e+01,7.999962e+01,6.785069e+01,4.899687e+01,7.943282e-06,6.888005e-11
4.400000e+01,8.035692e+01,6.825062e+01,4.943344e+01,7.943282e-06,6.797623e-11
4.416667e+01,8.071264e+01,6.854381e+01,4.977994e+01,7.943282e-06,6.700725e-11
4.433333e+01,8.099609e+01,6.904353e+01,5.035214e+01,7.943282e-06,5.295031e-11
4.450000e+01,8.126093e+01,6.935402e+01,5.077706e+01,7.943282e-06,4.903898e-11
4.466667e+01,8.152491e+01,6.958084e+01,5.114247e+01,7.943282e-06,4.864079e-11
4.483333e+01,8.196298e+01,6.992993e+01,5.144964e+01,7.943282e-06,8.049166e-11
4.500000e+01,8.229436e+01,7.017530e+01,5.164415e+01,7.943282e-06,6.064502e-11
4.516667e+01,8.264174e+01,7.046048e+01,5.203101e+01,7.943282e-06,6.329942e-11
4.533333e+01,8.303943e+01,7.082546e+01,5.230558e+01,7.943282e-06,7.206960e-11
4.550000e+01,8.346956e+01,7.110803e+01,5.266038e+01,7.943282e-06,7.757907e-11
4.566667e+01,8.376078e+01,7.148974e+01,5.312078e+01,7.943282e-06,5.218400e-11
4.583333e+01,8.406803e+01,7.176971e+01,5.357722e+01,7.943282e-06,5.474900e-11
4.600000e+01,8.437417e+01,7.224711e+01,5.402981e+01,7.943282e-06,5.439159e-11
4.616667e+01,8.479753e+01,7.280013e+01,5.439970e+01,7.943282e-06,7.529522e-11
4.633333e+01,8.515152e+01,7.325128e+01,5.468857e+01,7.943282e-06,6.319440e-11
4.650000e+01,8.557103e+01,7.381618e+01,5.508005e+01,7.943282e-06,7.524663e-11
4.666667e+01,8.587180e+01,7.410668e+01,5.541709e+01,7.943282e-06,5.412066e-11
4.683333e+01,8.610502e+01,7.445379e+01,5.575209e+01,7.943282e-06,4.204362e-11
4.700000e+01,8.640394e+01,7.474181e+01,5.605955e+01,7.943282e-06,5.400882e-11
4.716667e+01,8.673486e+01,7.518131e+01,5.644152e+01,7.943282e-06,5.987555e-11
4.733333e+01,8.713031e+01,7.546655e+01,5.679571e+01,7.943282e-06,7.165408e-11
4.750000e+01,8.744211e+01,7.580743e+01,5.709755e+01,7.943282e-06,5.652544e-11
4.766667e+01,8.780175e+01,7.618440e+01,5.742275e+01,7.943282e-06,6.522283e-11
4.783333e+01,8.806239e+01,7.654080e+01,5.782049e+01,7.943282e-06,4.726490e-11
4.800000e+01,8.832225e+01,7.698863e+01,5.824011e+01,7.943282e-06,4.705276e-11
4.816667e+01,8.862986e+01,7.732279e+01,5.865673e+01,7.943282e-06,5.564744e-11
4.833333e+01,8.900080e+01,7.760017e+01,5.902189e+01,7.943282e-06,6.726475e-11
4.850000e+01,8.929002e+01,7.789495e+01,5.933655e+01,7.943282e-06,5.265281e-11
4.866667e+01,8.965823e+01,7.822525e+01,5.972154e+01,7.943282e-06,6.737923e-11
4.883333e+01,9.004084e+01,7.848118e+01,6.000866e+01,7.943282e-06,7.041916e-11
4.900000e+01,9.053265e+01,7.880903e+01,6.038937e+01,7.943282e-06,9.124552e-11
4.916667e+01,9.091158e+01,7.931631e+01,6.067334e+01,7.943282e-06,7.067540e-11
4.933333e+01,9.113190e+01,7.973059e+01,6.097947e+01,7.943282e-06,4.122890e-11
4.950000e+01,9.157094e+01,8.007120e+01,6.135416e+01,7.943282e-06,8.235400e-11
4.966667e+01,9.202345e+01,8.057054e+01,6.151737e+01,7.943282e-06,8.513826e-11
4.983333e+01,9.239627e+01,8.097840e+01,6.170336e+01,7.943282e-06,7.042448e-11
5.000000e+01,9.278303e+01,8.131379e+01,6.216591e+01,7.943282e-06,7.307676e-11
5.016667e+01,9.312205e+01,8.157760e+01,6.239590e+01,7.943282e-06,6.389449e-11
5.033333e+01,9.344451e+01,8.201539e+01,6.276213e+01,7.943282e-06,6.075577e-11
5.050000e+01,9.372002e+01,8.224212e+01,6.305812e+01,7.943282e-06,5.178928e-11
5.066667e+01,9.416221e+01,8.260707e+01,6.339794e+01,7.943282e-06,8.305578e-11
5.083333e+01,9.452659e+01,8.288404e+01,6.360096e+01,7.943282e-06,6.840058e-11
5.100000e+01,9.484428e+01,8.322896e+01,6.380333e+01,7.943282e-06,5.951273e-11
5.116667e+01,9.520605e+01,8.350387e+01,6.416153e+01,7.943282e-06,6.746954e-11
5.133333e+01,9.567132e+01,8.381207e+01,6.447332e+01,7.943282e-06,8.630359e-11
5.150000e+01,9.592550e+01,8.399985e+01,6.478361e+01,7.943282e-06,4.689888e-11
5.166667e+01,9.623857e+01,8.432322e+01,6.518038e+01,7.943282e-06,5.740091e-11
5.183333e+01,9.649126e+01,8.466228e+01,6.566207e+01,7.943282e-06,4.606881e-11
5.200000e+01,9.686167e+01,8.505053e+01,6.611859e+01,7.943282e-06,6.723904e-11
5.216667e+01,9.733374e+01,8.535314e+01,6.644276e+01,7.943282e-06,8.571716e-11
5.233333e+01,9.767163e+01,8.573826e+01,6.678680e+01,7.943282e-06,6.145048e-11
5.250000e+01,9.813980e+01,8.617153e+01,6.710774e+01,7.943282e-06,8.529277e-11
5.266667e+01,9.846038e+01,8.650335e+01,6.736339e+01,7.943282e-06,5.848787e-11
5.283333e+01,9.885239e+01,8.688336e+01,6.766042e+01,7.943282e-06,7.157912e-11
5.300000e+01,9.921399e+01,8.719604e+01,6.801937e+01,7.943282e-06,6.596887e-11
5.316667e+01,9.948792e+01,8.757306e+01,6.841831e+01,7.943282e-06,4.984675e-11
5.333333e+01,9.974674e+01,8.778543e+01,6.864822e+01,7.943282e-06,4.700372e-11
5.350000e+01,9.996191e+01,8.807865e+01,6.893972e+01,7.943282e-06,3.901342e-11
5.366667e+01,1.003623e+02,8.841951e+01,6.941596e+01,7.943282e-06,7.243443e-11
5.383333e+01,1.006474e+02,8.872677e+01,6.978640e+01,7.943282e-06,5.137663e-11
5.400000e+01,1.010734e+02,8.914552e+01,7.023650e+01,7.943282e-06,7.689922e-11
5.416667e+01,1.013423e+02,8.954633e+01,7.058235e+01,7.943282e-06,4.862595e-11
5.433333e+01,1.017514e+02,8.988162e+01,7.084568e+01,7.943282e-06,7.422458e-11
5.450000e+01,1.020326e+02,9.027915e+01,7.122880e+01,7.943282e-06,5.113830e-11
5.466667e+01,1.024249e+02,9.061173e+01,7.156984e+01,7.943282e-06,7.145505e-11
5.483333e+01,1.027878e+02,9.089583e+01,7.198891e+01,7.943282e-06,6.630270e-11
5.500000e+01,1.031079e+02,9.119475e+01,7.230657e+01,7.943282e-06,5.863311e-11
5.516667e+01,1.034407e+02,9.149270e+01,7.270169e+01,7.943282e-06,6.123091e-11
5.533333e+01,1.037725e+02,9.182088e+01,7.293773e+01,7.943282e-06,6.124324e-11
5.550000e+01,1.040758e+02,9.224111e+01,7.329038e+01,7.943282e-06,5.617629e-11
5.566667e+01,1.045153e+02,9.264398e+01,7.366078e+01,7.943282e-06,8.161875e-11
5.583333e+01,1.048437e+02,9.312205e+01,7.391314e+01,7.943282e-06,6.110967e-11
5.600000e+01,1.050757e+02,9.339851e+01,7.416465e+01,7.943282e-06,4.317646e-11
5.616667e+01,1.053208e+02,9.365887e+01,7.451148e+01,7.943282e-06,4.551954e-11
5.633333e+01,1.055653e+02,9.405567e+01,7.483757e+01,7.943282e-06,4.526727e-11
5.650000e+01,1.059986e+02,9.432939e+01,7.523844e+01,7.943282e-06,8.009603e-11
5.666667e+01,1.063494e+02,9.472338e+01,7.552347e+01,7.943282e-06,6.470399e-11
5.683333e+01,1.066990e+02,9.498011e+01,7.593958e+01,7.943282e-06,6.435038e-11
5.700000e+01,1.071544e+02,9.531131e+01,7.627835e+01,7.943282e-06,8.370333e-11
5.716667e+01,1.075014e+02,9.562639e+01,7.667168e+01,7.943282e-06,6.379014e-11
5.733333e+01,1.079270e+02,9.588070e+01,7.683964e+01,7.943282e-06,7.829419e-11
5.750000e+01,1.082847e+02,9.620880e+01,7.710018e+01,7.943282e-06,6.589341e-11
5.766667e+01,1.085490e+02,9.653579e+01,7.734132e+01,7.943282e-06,4.855305e-11
5.783333e+01,1.089047e+02,9.683209e+01,7.778454e+01,7.943282e-06,6.507450e-11
5.800000e+01,1.092723e+02,9.720120e+01,7.818862e+01,7.943282e-06,6.689743e-11
5.816667e+01,1.095342e+02,9.752487e+01,7.860884e+01,7.943282e-06,4.747594e-11
5.833333e+01,1.098606e+02,9.794988e+01,7.895430e+01,7.943282e-06,5.906990e-11
5.850000e+01,1.102511e+02,9.830022e+01,7.929825e+01,7.943282e-06,7.069550e-11
5.866667e+01,1.106143e+02,9.851855e+01,7.956874e+01,7.943282e-06,6.571920e-11
5.883333e+01,1.108729e+02,9.880891e+01,7.999962e+01,7.943282e-06,4.672306e-11
5.900000e+01,1.111310e+02,9.899719e+01,8.048160e+01,7.943282e-06,4.643589e-11
5.916667e+01,1.114271e+02,9.932942e+01,8.083677e+01,7.943282e-06,5.319583e-11
5.933333e+01,1.117480e+02,9.967491e+01,8.117275e+01,7.943282e-06,5.781100e-11
5.950000e+01,1.120680e+02,9.994758e+01,8.141942e+01,7.943282e-06,5.780876e-11
5.966667e+01,1.124380e+02,1.003052e+02,8.173548e+01,7.943282e-06,6.712417e-11
5.983333e+01,1.128069e+02,1.006758e+02,8.205031e+01,7.943282e-06,6.710918e-11
6.000000e+01,1.131112e+02,1.009458e+02,8.246823e+01,7.943282e-06,5.536690e-11
6.016667e+01,1.134526e+02,1.012999e+02,8.278028e+01,7.943282e-06,6.206490e-11
6.033333e+01,1.138559e+02,1.015400e+02,8.305668e+01,7.943282e-06,7.346577e-11
6.050000e+01,1.141825e+02,1.019764e+02,8.333216e+01,7.943282e-06,5.958279e-11
6.066667e+01,1.144707e+02,1.023269e+02,8.367523e+01,7.943282e-06,5.254717e-11
6.083333e+01,1.147082e+02,1.026484e+02,8.399985e+01,7.943282e-06,4.324659e-11
6.100000e+01,1.151196e+02,1.030523e+02,8.425525e+01,7.943282e-06,7.492737e-11
6.116667e+01,1.154674e+02,1.034130e+02,8.459458e+01,7.943282e-06,6.339353e-11
6.133333e+01,1.158143e+02,1.037725e+02,8.498313e+01,7.943282e-06,6.305247e-11
6.150000e+01,1.162217e+02,1.040620e+02,8.531957e+01,7.943282e-06,7.390607e-11
6.166667e+01,1.165540e+02,1.044741e+02,8.567140e+01,7.943282e-06,6.016573e-11
6.183333e+01,1.168731e+02,1.047206e+02,8.610502e+01,7.943282e-06,5.761513e-11
6.200000e+01,1.171913e+02,1.050075e+02,8.647022e+01,7.943282e-06,5.731931e-11
6.216667e+01,1.175696e+02,1.054703e+02,8.691633e+01,7.943282e-06,6.817210e-11
6.233333e+01,1.179588e+02,1.059175e+02,8.731096e+01,7.943282e-06,7.024790e-11
6.250000e+01,1.183710e+02,1.062955e+02,8.754034e+01,7.943282e-06,7.464248e-11
6.266667e+01,1.186610e+02,1.067527e+02,8.776912e+01,7.943282e-06,5.268711e-11
6.283333e+01,1.190467e+02,1.070341e+02,8.807865e+01,7.943282e-06,7.006117e-11
6.300000e+01,1.193111e+02,1.074748e+02,8.846809e+01,7.943282e-06,4.791014e-11
6.316667e+01,1.196109e+02,1.079004e+02,8.887195e+01,7.943282e-06,5.411850e-11
6.333333e+01,1.199338e+02,1.083112e+02,8.917766e+01,7.943282e-06,5.810460e-11
6.350000e+01,1.202439e+02,1.086281e+02,8.948232e+01,7.943282e-06,5.569208e-11
6.366667e+01,1.206007e+02,1.089704e+02,8.972211e+01,7.943282e-06,6.390067e-11
6.383333e+01,1.209802e+02,1.092854e+02,9.004084e+01,7.943282e-06,6.777073e-11
6.400000e+01,1.212758e+02,1.096126e+02,9.051683e+01,7.943282e-06,5.250786e-11
6.416667e+01,1.217003e+02,1.098606e+02,9.086430e+01,7.943282e-06,7.504186e-11
6.433333e+01,1.220529e+02,1.101991e+02,9.125756e+01,7.943282e-06,6.221801e-11
6.450000e+01,1.223810e+02,1.106402e+02,9.178967e+01,7.943282e-06,5.780831e-11
6.466667e+01,1.227550e+02,1.109504e+02,9.213235e+01,7.943282e-06,6.585708e-11
6.483333e+01,1.230347e+02,1.114913e+02,9.241177e+01,7.943282e-06,4.934468e-11
6.500000e+01,1.234183e+02,1.119145e+02,9.279847e+01,7.943282e-06,6.780762e-11
6.516667e+01,1.237544e+02,1.122851e+02,9.315281e+01,7.943282e-06,5.942844e-11
6.533333e+01,1.241704e+02,1.125654e+02,9.342918e+01,7.943282e-06,7.362166e-11
6.550000e+01,1.245390e+02,1.128323e+02,9.370474e+01,7.943282e-06,6.527187e-11
6.566667e+01,1.248721e+02,1.132251e+02,9.404044e+01,7.943282e-06,5.892587e-11
6.583333e+01,1.252272e+02,1.135788e+02,9.448112e+01,7.943282e-06,6.266133e-11
6.600000e+01,1.255585e+02,1.138811e+02,9.481407e+01,7.943282e-06,5.829309e-11
6.616667e+01,1.259003e+02,1.142202e+02,9.510068e+01,7.943282e-06,6.011316e-11
6.633333e+01,1.261276e+02,1.145708e+02,9.544647e+01,7.943282e-06,3.993806e-11
6.650000e+01,1.263999e+02,1.148455e+02,9.570126e+01,7.943282e-06,4.774840e-11
6.666667e+01,1.267394e+02,1.152066e+02,9.605980e+01,7.943282e-06,5.950186e-11
6.683333e+01,1.270667e+02,1.155294e+02,9.635757e+01,7.943282e-06,5.729520e-11
6.700000e+01,1.274157e+02,1.157276e+02,9.671368e+01,7.943282e-06,6.099284e-11
6.716667e+01,1.277525e+02,1.161477e+02,9.697991e+01,7.943282e-06,5.872585e-11
6.733333e+01,1.280549e+02,1.163818e+02,9.727486e+01,7.943282e-06,5.264189e-11
6.750000e+01,1.283789e+02,1.167136e+02,9.761295e+01,7.943282e-06,5.625923e-11
6.766667e+01,1.287465e+02,1.170568e+02,9.787673e+01,7.943282e-06,6.373526e-11
6.783333e+01,1.291353e+02,1.173135e+02,9.830022e+01,7.943282e-06,6.732687e-11
6.800000e+01,1.295562e+02,1.177035e+02,9.857669e+01,7.943282e-06,7.277113e-11
6.816667e+01,1.298984e+02,1.180195e+02,9.905505e+01,7.943282e-06,5.922209e-11
6.833333e+01,1.303058e+02,1.183589e+02,9.941590e+01,7.943282e-06,7.047187e-11
6.850000e+01,1.306790e+02,1.186610e+02,9.964617e+01,7.943282e-06,6.481157e-11
6.866667e+01,1.310293e+02,1.189504e+02,9.997624e+01,7.943282e-06,6.110382e-11
6.883333e+01,1.313350e+02,1.193351e+02,1.003052e+02,7.943282e-06,5.345862e-11
6.900000e+01,1.318358e+02,1.196947e+02,1.006616e+02,7.943282e-06,8.790912e-11
6.916667e+01,1.322047e+02,1.201485e+02,1.010167e+02,7.943282e-06,6.493715e-11
6.933333e+01,1.325401e+02,1.205651e+02,1.012716e+02,7.943282e-06,5.917551e-11
6.950000e+01,1.328747e+02,1.208380e+02,1.015823e+02,7.943282e-06,5.920474e-11
6.966667e+01,1.331655e+02,1.211340e+02,1.019061e+02,7.943282e-06,5.145308e-11
6.983333e+01,1.335629e+02,1.213585e+02,1.022849e+02,7.943282e-06,7.036170e-11
7.000000e+01,1.338521e+02,1.216179e+02,1.027042e+02,7.943282e-06,5.116183e-11
7.016667e+01,1.342368e+02,1.219707e+02,1.030384e+02,7.943282e-06,6.801418e-11
7.033333e+01,1.345672e+02,1.222639e+02,1.033576e+02,7.943282e-06,5.850455e-11
7.050000e+01,1.350241e+02,1.224980e+02,1.036621e+02,7.943282e-06,8.111072e-11
7.066667e+01,1.352997e+02,1.229649e+02,1.041033e+02,7.943282e-06,4.893311e-11
7.083333e+01,1.356169e+02,1.233022e+02,1.044878e+02,7.943282e-06,5.632999e-11
7.100000e+01,1.358385e+02,1.237197e+02,1.048573e+02,7.943282e-06,3.941729e-11
7.116667e+01,1.361861e+02,1.240088e+02,1.051847e+02,7.943282e-06,6.197411e-11
7.133333e+01,1.365852e+02,1.243549e+02,1.054838e+02,7.943282e-06,7.147894e-11
7.150000e+01,1.368471e+02,1.246195e+02,1.058228e+02,7.943282e-06,4.708249e-11
7.166667e+01,1.371921e+02,1.250212e+02,1.060796e+02,7.943282e-06,6.215501e-11
7.183333e+01,1.376195e+02,1.254672e+02,1.064167e+02,7.943282e-06,7.732344e-11
7.200000e+01,1.380663e+02,1.257181e+02,1.067392e+02,7.943282e-06,8.112493e-11
7.216667e+01,1.384393e+02,1.260822e+02,1.070341e+02,7.943282e-06,6.796240e-11
7.233333e+01,1.388216e+02,1.263885e+02,1.073548e+02,7.943282e-06,6.989573e-11
7.250000e+01,1.391514e+02,1.267507e+02,1.077011e+02,7.943282e-06,6.046404e-11
7.266667e+01,1.395215e+02,1.270893e+02,1.080596e+02,7.943282e-06,6.806141e-11
7.283333e+01,1.399213e+02,1.274045e+02,1.085094e+02,7.943282e-06,7.380378e-11
7.300000e+01,1.402791e+02,1.277525e+02,1.087731e+02,7.943282e-06,6.627374e-11
7.316667e+01,1.406055e+02,1.280884e+02,1.091018e+02,7.943282e-06,6.077702e-11
7.333333e+01,1.409616e+02,1.283900e+02,1.094426e+02,7.943282e-06,6.658355e-11
7.350000e+01,1.412864e+02,1.286909e+02,1.097563e+02,7.943282e-06,6.089492e-11
7.366667e+01,1.416711e+02,1.291908e+02,1.100430e+02,7.943282e-06,7.238801e-11
7.383333e+01,1.420246e+02,1.296004e+02,1.103160e+02,7.943282e-06,6.666898e-11
7.400000e+01,1.423671e+02,1.300748e+02,1.106531e+02,7.943282e-06,6.464278e-11
7.416667e+01,1.426987e+02,1.304157e+02,1.109892e+02,7.943282e-06,6.251497e-11
7.433333e+01,1.429895e+02,1.307557e+02,1.112212e+02,7.943282e-06,5.470855e-11
7.450000e+01,1.433996e+02,1.311058e+02,1.116069e+02,7.943282e-06,7.707936e-11
7.466667e+01,1.436890e+02,1.315203e+02,1.119273e+02,7.943282e-06,5.420852e-11
7.483333e+01,1.440176e+02,1.317488e+02,1.122978e+02,7.943282e-06,6.140790e-11
7.500000e+01,1.443653e+02,1.321180e+02,1.127561e+02,7.943282e-06,6.481734e-11
7.516667e+01,1.446428e+02,1.324969e+02,1.131239e+02,7.943282e-06,5.165584e-11
7.533333e+01,1.449199e+02,1.328747e+02,1.134400e+02,7.943282e-06,5.156956e-11
7.550000e+01,1.452654e+02,1.330794e+02,1.137300e+02,7.943282e-06,6.437437e-11
7.566667e+01,1.456691e+02,1.335414e+02,1.141324e+02,7.943282e-06,7.525853e-11
7.583333e+01,1.460325e+02,1.338842e+02,1.144457e+02,7.943282e-06,6.775922e-11
7.600000e+01,1.463656e+02,1.341728e+02,1.147457e+02,7.943282e-06,6.216269e-11
7.616667e+01,1.466394e+02,1.346949e+02,1.150822e+02,7.943282e-06,5.105983e-11
7.633333e+01,1.469321e+02,1.351726e+02,1.154550e+02,7.943282e-06,5.457442e-11
7.650000e+01,1.472924e+02,1.354478e+02,1.157400e+02,7.943282e-06,6.718716e-11
7.666667e+01,1.476518e+02,1.358702e+02,1.161107e+02,7.943282e-06,6.708925e-11
7.683333e+01,1.479909e+02,1.361966e+02,1.164802e+02,7.943282e-06,6.331947e-11
7.700000e+01,1.483196e+02,1.365642e+02,1.168853e+02,7.943282e-06,6.139101e-11
7.716667e+01,1.486765e+02,1.369831e+02,1.171913e+02,7.943282e-06,6.671946e-11
7.733333e+01,1.490037e+02,1.373069e+02,1.175208e+02,7.943282e-06,6.132087e-11
7.750000e+01,1.493878e+02,1.376403e+02,1.178495e+02,7.943282e-06,7.212877e-11
7.766667e+01,1.496656e+02,1.380040e+02,1.182014e+02,7.943282e-06,5.224310e-11
7.783333e+01,1.500956e+02,1.383358e+02,1.184193e+02,7.943282e-06,8.102702e-11
7.800000e+01,1.503340e+02,1.386047e+02,1.188420e+02,7.943282e-06,4.496417e-11
7.816667e+01,1.506766e+02,1.388732e+02,1.191910e+02,7.943282e-06,6.455182e-11
7.833333e+01,1.509616e+02,1.391308e+02,1.194431e+02,7.943282e-06,5.373112e-11
7.850000e+01,1.511417e+02,1.395112e+02,1.198023e+02,7.943282e-06,3.398835e-11
7.866667e+01,1.515298e+02,1.398086e+02,1.201128e+02,7.943282e-06,7.322728e-11
7.883333e+01,1.519734e+02,1.401054e+02,1.205176e+02,7.943282e-06,8.389935e-11
7.900000e+01,1.523500e+02,1.403914e+02,1.208854e+02,7.943282e-06,7.128190e-11
7.916667e+01,1.526975e+02,1.407582e+02,1.210985e+02,7.943282e-06,6.589869e-11
7.933333e+01,1.529505e+02,1.411546e+02,1.214765e+02,7.943282e-06,4.808218e-11
7.950000e+01,1.532780e+02,1.414992e+02,1.218179e+02,7.943282e-06,6.224254e-11
7.966667e+01,1.535860e+02,1.417520e+02,1.221115e+02,7.943282e-06,5.863482e-11
7.983333e+01,1.539307e+02,1.420952e+02,1.224278e+02,7.943282e-06,6.566374e-11
