Time,avgI1rd,avgI2rd,avgDrd,Beta,Beff
0.000000e+00,1.692569e+00,0.000000e+00,0.000000e+00,1.258925e-06,0.000000e+00
1.666667e-01,1.692569e+00,1.692569e+00,0.000000e+00,1.258925e-06,0.000000e+00
3.333333e-01,1.692569e+00,1.692569e+00,0.000000e+00,1.258925e-06,0.000000e+00
5.000000e-01,1.692569e+00,1.692569e+00,0.000000e+00,1.258925e-06,0.000000e+00
6.666667e-01,1.692569e+00,1.692569e+00,0.000000e+00,1.258925e-06,0.000000e+00
8.333333e-01,1.692569e+00,1.692569e+00,0.000000e+00,1.258925e-06,0.000000e+00
1.000000e+00,1.692569e+00,1.692569e+00,0.000000e+00,1.258925e-06,0.000000e+00
1.166667e+00,1.692569e+00,1.692569e+00,0.000000e+00,1.258925e-06,0.000000e+00
1.333333e+00,1.692569e+00,1.692569e+00,0.000000e+00,1.258925e-06,0.000000e+00
1.500000e+00,1.692569e+00,1.692569e+00,0.000000e+00,1.258925e-06,0.000000e+00
1.666667e+00,1.692569e+00,1.692569e+00,0.000000e+00,1.258925e-06,0.000000e+00
1.833333e+00,1.692569e+00,1.692569e+00,0.000000e+00,1.258925e-06,0.000000e+00
2.000000e+00,1.692569e+00,1.692569e+00,0.000000e+00,1.258925e-06,0.000000e+00
2.166667e+00,1.692569e+00,1.692569e+00,0.000000e+00,1.258925e-06,0.000000e+00
2.333333e+00,1.692569e+00,1.692569e+00,0.000000e+00,1.258925e-06,0.000000e+00
2.500000e+00,1.692569e+00,1.692569e+00,0.000000e+00,1.258925e-06,0.000000e+00
2.666667e+00,1.692569e+00,1.692569e+00,0.000000e+00,1.258925e-06,0.000000e+00
2.833333e+00,1.692569e+00,1.692569e+00,0.000000e+00,1.258925e-06,0.000000e+00
3.000000e+00,1.692569e+00,1.692569e+00,0.000000e+00,1.258925e-06,0.000000e+00
3.166667e+00,1.692569e+00,1.692569e+00,0.000000e+00,1.258925e-06,0.000000e+00
3.333333e+00,1.692569e+00,1.692569e+00,0.000000e+00,1.258925e-06,0.000000e+00
3.500000e+00,1.692569e+00,1.692569e+00,0.000000e+00,1.258925e-06,0.000000e+00
3.666667e+00,1.692569e+00,1.692569e+00,0.000000e+00,1.258925e-06,0.000000e+00
3.833333e+00,1.692569e+00,1.692569e+00,0.000000e+00,1.258925e-06,0.000000e+00
4.000000e+00,1.692569e+00,1.692569e+00,0.000000e+00,1.258925e-06,0.000000e+00
4.166667e+00,1.692569e+00,1.692569e+00,0.000000e+00,1.258925e-06,0.000000e+00
4.333333e+00,1.692569e+00,1.692569e+00,0.000000e+00,1.258925e-06,0.000000e+00
4.500000e+00,1.692569e+00,1.692569e+00,0.000000e+00,1.258925e-06,0.000000e+00
4.666667e+00,1.692569e+00,1.692569e+00,0.000000e+00,1.258925e-06,0.000000e+00
4.833333e+00,1.692569e+00,1.692569e+00,0.000000e+00,1.258925e-06,0.000000e+00
5.000000e+00,1.692569e+00,1.692569e+00,0.000000e+00,1.258925e-06,0.000000e+00
5.166667e+00,1.692569e+00,1.692569e+00,0.000000e+00,1.258925e-06,0.000000e+00
5.333333e+00,1.692569e+00,1.692569e+00,0.000000e+00,1.258925e-06,0.000000e+00
5.500000e+00,1.692569e+00,1.692569e+00,0.000000e+00,1.258925e-06,0.000000e+00
5.666667e+00,2.393654e+00,1.692569e+00,0.000000e+00,1.258925e-06,1.614569e-05
5.833333e+00,2.393654e+00,1.692569e+00,0.000000e+00,1.258925e-06,0.000000e+00
6.000000e+00,2.393654e+00,1.692569e+00,0.000000e+00,1.258925e-06,0.000000e+00
6.166667e+00,2.931615e+00,1.692569e+00,0.000000e+00,1.258925e-06,8.262142e-06
6.333333e+00,2.931615e+00,1.692569e+00,0.000000e+00,1.258925e-06,0.000000e+00
6.500000e+00,2.931615e+00,1.692569e+00,0.000000e+00,1.258925e-06,0.000000e+00
6.666667e+00,2.931615e+00,1.692569e+00,0.000000e+00,1.258925e-06,0.000000e+00
6.833333e+00,2.931615e+00,1.692569e+00,0.000000e+00,1.258925e-06,0.000000e+00
7.000000e+00,2.931615e+00,1.692569e+00,0.000000e+00,1.258925e-06,0.000000e+00
7.166667e+00,3.385138e+00,1.692569e+00,0.000000e+00,1.258925e-06,2.163845e-06
7.333333e+00,3.784699e+00,1.692569e+00,0.000000e+00,1.258925e-06,1.730925e-06
7.500000e+00,4.145930e+00,1.692569e+00,0.000000e+00,1.258925e-06,1.384644e-06
7.666667e+00,4.478116e+00,1.692569e+00,0.000000e+00,1.258925e-06,1.107663e-06
7.833333e+00,4.478116e+00,1.692569e+00,0.000000e+00,1.258925e-06,0.000000e+00
8.000000e+00,4.478116e+00,1.692569e+00,0.000000e+00,1.258925e-06,0.000000e+00
8.166667e+00,5.352372e+00,1.692569e+00,0.000000e+00,1.258925e-06,1.701471e-06
8.333333e+00,5.613615e+00,1.692569e+00,0.000000e+00,1.258925e-06,4.537783e-07
8.500000e+00,5.863230e+00,1.692569e+00,0.000000e+00,1.258925e-06,3.630897e-07
8.666667e+00,6.333012e+00,2.393654e+00,0.000000e+00,1.258925e-06,5.811216e-07
8.833333e+00,6.333012e+00,3.385138e+00,0.000000e+00,1.258925e-06,0.000000e+00
9.000000e+00,6.333012e+00,3.385138e+00,0.000000e+00,1.258925e-06,0.000000e+00
9.166667e+00,6.555291e+00,3.385138e+00,0.000000e+00,1.258925e-06,1.489842e-07
9.333333e+00,7.180961e+00,3.385138e+00,0.000000e+00,1.258925e-06,3.578988e-07
9.500000e+00,7.569398e+00,3.784699e+00,0.000000e+00,1.258925e-06,1.911028e-07
9.666667e+00,7.938851e+00,3.784699e+00,0.000000e+00,1.258925e-06,1.531113e-07
9.833333e+00,7.938851e+00,4.478116e+00,0.000000e+00,1.258925e-06,0.000000e+00
1.000000e+01,8.462844e+00,4.478116e+00,0.000000e+00,1.258925e-06,1.476157e-07
1.016667e+01,8.794845e+00,4.787307e+00,0.000000e+00,1.258925e-06,7.896143e-08
1.033333e+01,9.270581e+00,4.787307e+00,0.000000e+00,1.258925e-06,9.511284e-08
1.050000e+01,9.574615e+00,5.077706e+00,0.000000e+00,1.258925e-06,5.096658e-08
1.066667e+01,1.001337e+01,5.352372e+00,0.000000e+00,1.258925e-06,6.152418e-08
1.083333e+01,1.015541e+01,5.352372e+00,0.000000e+00,1.258925e-06,1.652702e-08
1.100000e+01,1.070474e+01,5.613615e+00,0.000000e+00,1.258925e-06,5.337579e-08
1.116667e+01,1.109892e+01,5.863230e+00,0.000000e+00,1.258925e-06,3.239080e-08
1.133333e+01,1.160367e+01,6.333012e+00,0.000000e+00,1.258925e-06,3.503740e-08
1.150000e+01,1.184798e+01,6.978640e+00,0.000000e+00,1.258925e-06,1.425664e-08
1.166667e+01,1.220529e+01,7.180961e+00,0.000000e+00,1.258925e-06,1.746958e-08
1.183333e+01,1.220529e+01,7.180961e+00,0.000000e+00,1.258925e-06,0.000000e+00
1.200000e+01,1.266602e+01,7.569398e+00,0.000000e+00,1.258925e-06,1.576519e-08
1.216667e+01,1.300087e+01,7.938851e+00,0.000000e+00,1.258925e-06,9.812605e-09
1.233333e+01,1.354055e+01,8.291860e+00,0.000000e+00,1.258925e-06,1.366738e-08
1.250000e+01,1.385427e+01,8.462844e+00,0.000000e+00,1.258925e-06,6.904580e-09
1.266667e+01,1.436192e+01,8.462844e+00,0.000000e+00,1.258925e-06,9.773043e-09
1.283333e+01,1.475547e+01,8.794845e+00,0.000000e+00,1.258925e-06,6.701315e-09
1.300000e+01,1.504388e+01,8.956232e+00,0.000000e+00,1.258925e-06,4.350084e-09
1.316667e+01,1.523312e+01,9.270581e+00,0.000000e+00,1.258925e-06,2.535589e-09
1.333333e+01,1.542004e+01,9.423824e+00,0.000000e+00,1.258925e-06,2.240078e-09
1.350000e+01,1.578723e+01,9.423824e+00,0.000000e+00,1.258925e-06,3.999704e-09
1.366667e+01,1.632254e+01,9.723067e+00,0.000000e+00,1.258925e-06,5.411726e-09
1.383333e+01,1.666987e+01,9.869287e+00,0.000000e+00,1.258925e-06,3.286585e-09
1.400000e+01,1.734367e+01,1.015541e+01,0.000000e+00,1.258925e-06,6.045929e-09
1.416667e+01,1.799225e+01,1.029549e+01,0.000000e+00,1.258925e-06,5.611087e-09
1.433333e+01,1.830793e+01,1.043369e+01,0.000000e+00,1.258925e-06,2.625296e-09
1.450000e+01,1.854116e+01,1.070474e+01,0.000000e+00,1.258925e-06,1.856756e-09
1.466667e+01,1.877150e+01,1.109892e+01,0.000000e+00,1.258925e-06,1.763455e-09
1.483333e+01,1.922389e+01,1.147956e+01,0.000000e+00,1.258925e-06,3.371406e-09
1.500000e+01,1.929825e+01,1.184798e+01,0.000000e+00,1.258925e-06,5.401828e-10
1.516667e+01,1.966587e+01,1.196827e+01,0.000000e+00,1.258925e-06,2.610444e-09
1.533333e+01,1.995509e+01,1.243779e+01,0.000000e+00,1.258925e-06,2.027761e-09
1.550000e+01,2.016928e+01,1.255243e+01,0.000000e+00,1.258925e-06,1.482686e-09
1.566667e+01,2.038123e+01,1.289022e+01,0.000000e+00,1.258925e-06,1.450601e-09
1.583333e+01,2.059099e+01,1.311058e+01,0.000000e+00,1.258925e-06,1.423408e-09
1.600000e+01,2.086739e+01,1.332730e+01,0.000000e+00,1.258925e-06,1.866807e-09
1.616667e+01,2.120783e+01,1.364593e+01,0.000000e+00,1.258925e-06,2.299500e-09
1.633333e+01,2.134248e+01,1.364593e+01,0.000000e+00,1.258925e-06,9.073557e-10
1.650000e+01,2.154288e+01,1.395728e+01,0.000000e+00,1.258925e-06,1.343344e-09
1.666667e+01,2.174144e+01,1.426184e+01,0.000000e+00,1.258925e-06,1.325608e-09
1.683333e+01,2.200339e+01,1.446131e+01,0.000000e+00,1.258925e-06,1.742499e-09
1.700000e+01,2.219783e+01,1.465808e+01,0.000000e+00,1.258925e-06,1.286031e-09
1.716667e+01,2.245446e+01,1.475547e+01,0.000000e+00,1.258925e-06,1.682881e-09
1.733333e+01,2.308356e+01,1.494836e+01,0.000000e+00,1.258925e-06,4.115179e-09
1.750000e+01,2.320733e+01,1.513880e+01,0.000000e+00,1.258925e-06,8.011849e-10
1.766667e+01,2.351392e+01,1.569624e+01,1.692569e+00,1.258925e-06,1.939490e-09
1.783333e+01,2.387662e+01,1.605712e+01,1.692569e+00,1.258925e-06,2.239966e-09
1.800000e+01,2.429293e+01,1.641006e+01,1.692569e+00,1.258925e-06,2.574934e-09
1.816667e+01,2.446918e+01,1.666987e+01,1.692569e+00,1.258925e-06,1.078799e-09
1.833333e+01,2.458598e+01,1.675558e+01,1.692569e+00,1.258925e-06,6.972918e-10
1.850000e+01,2.493309e+01,1.684085e+01,1.692569e+00,1.258925e-06,2.010423e-09
1.866667e+01,2.521871e+01,1.709411e+01,1.692569e+00,1.258925e-06,1.595012e-09
1.883333e+01,2.550112e+01,1.734367e+01,1.692569e+00,1.258925e-06,1.504061e-09
1.900000e+01,2.566908e+01,1.758969e+01,1.692569e+00,1.258925e-06,8.428940e-10
1.916667e+01,2.605676e+01,1.799225e+01,2.393654e+00,1.258925e-06,1.820819e-09
1.933333e+01,2.622116e+01,1.815078e+01,2.393654e+00,1.258925e-06,7.164169e-10
1.950000e+01,2.633019e+01,1.854116e+01,2.393654e+00,1.258925e-06,4.423631e-10
1.966667e+01,2.654690e+01,1.884765e+01,2.931615e+00,1.258925e-06,8.130419e-10
1.983333e+01,2.686870e+01,1.899904e+01,2.931615e+00,1.258925e-06,1.108375e-09
2.000000e+01,2.729185e+01,1.929825e+01,2.931615e+00,1.258925e-06,1.382970e-09
2.016667e+01,2.744885e+01,1.944613e+01,3.385138e+00,1.258925e-06,4.794843e-10
2.033333e+01,2.750099e+01,1.959290e+01,3.385138e+00,1.258925e-06,1.462445e-10
2.050000e+01,2.760496e+01,1.981101e+01,3.385138e+00,1.258925e-06,2.716084e-10
2.066667e+01,2.786320e+01,2.045139e+01,3.385138e+00,1.258925e-06,6.238739e-10
2.083333e+01,2.816996e+01,2.079863e+01,3.784699e+00,1.258925e-06,6.816517e-10
2.100000e+01,2.832209e+01,2.114018e+01,4.478116e+00,1.258925e-06,3.077492e-10
2.116667e+01,2.852368e+01,2.160927e+01,4.478116e+00,1.258925e-06,3.710209e-10
2.133333e+01,2.887306e+01,2.174144e+01,4.478116e+00,1.258925e-06,5.953275e-10
2.150000e+01,2.912005e+01,2.193820e+01,4.787307e+00,1.258925e-06,3.877643e-10
2.166667e+01,2.921827e+01,2.213321e+01,4.787307e+00,1.258925e-06,1.409167e-10
2.183333e+01,2.941371e+01,2.264503e+01,4.787307e+00,1.258925e-06,2.591546e-10
2.200000e+01,2.955944e+01,2.289665e+01,5.077706e+00,1.258925e-06,1.779234e-10
2.216667e+01,2.965620e+01,2.302142e+01,5.077706e+00,1.258925e-06,1.082286e-10
2.233333e+01,2.980075e+01,2.302142e+01,5.077706e+00,1.258925e-06,1.493308e-10
2.250000e+01,3.032486e+01,2.320733e+01,5.077706e+00,1.258925e-06,5.020114e-10
2.266667e+01,3.079359e+01,2.333045e+01,5.352372e+00,1.258925e-06,4.174654e-10
2.283333e+01,3.102530e+01,2.357475e+01,6.102643e+00,1.258925e-06,1.906731e-10
2.300000e+01,3.148360e+01,2.375633e+01,6.555291e+00,1.258925e-06,3.506418e-10
2.316667e+01,3.175540e+01,2.387662e+01,7.180961e+00,1.258925e-06,1.962286e-10
2.333333e+01,3.189044e+01,2.405592e+01,7.180961e+00,1.258925e-06,9.229618e-11
2.350000e+01,3.198014e+01,2.429293e+01,7.377736e+00,1.258925e-06,5.825627e-11
2.366667e+01,3.206960e+01,2.458598e+01,8.291860e+00,1.258925e-06,5.488095e-11
2.383333e+01,3.246910e+01,2.470223e+01,8.630441e+00,1.258925e-06,2.329208e-10
2.400000e+01,3.268893e+01,2.504773e+01,8.956232e+00,1.258925e-06,1.239713e-10
2.416667e+01,3.308095e+01,2.533205e+01,9.114762e+00,1.258925e-06,2.149548e-10
2.433333e+01,3.338267e+01,2.544489e+01,9.270581e+00,1.258925e-06,1.612379e-10
2.450000e+01,3.363914e+01,2.566908e+01,9.574615e+00,1.258925e-06,1.325898e-10
2.466667e+01,3.393590e+01,2.583594e+01,9.869287e+00,1.258925e-06,1.483337e-10
2.483333e+01,3.410432e+01,2.594659e+01,1.043369e+01,1.258925e-06,8.142524e-11
2.500000e+01,3.456323e+01,2.627573e+01,1.070474e+01,1.258925e-06,2.154203e-10
2.516667e+01,3.468734e+01,2.654690e+01,1.109892e+01,1.258925e-06,5.683204e-11
2.533333e+01,3.505702e+01,2.686870e+01,1.160367e+01,1.258925e-06,1.646066e-10
2.550000e+01,3.522007e+01,2.697511e+01,1.184798e+01,1.258925e-06,7.075840e-11
2.566667e+01,3.574487e+01,2.723932e+01,1.208736e+01,1.258925e-06,2.235088e-10
2.583333e+01,3.618299e+01,2.765680e+01,1.311058e+01,1.258925e-06,1.832893e-10
2.600000e+01,3.649831e+01,2.776019e+01,1.321938e+01,1.258925e-06,1.285361e-10
2.616667e+01,3.677201e+01,2.806808e+01,1.375049e+01,1.258925e-06,1.106264e-10
2.633333e+01,3.704368e+01,2.827147e+01,1.385427e+01,1.258925e-06,1.082787e-10
2.650000e+01,3.731337e+01,2.842306e+01,1.416105e+01,1.258925e-06,1.063130e-10
2.666667e+01,3.765728e+01,2.877367e+01,1.456003e+01,1.258925e-06,1.335886e-10
2.683333e+01,3.788482e+01,2.892263e+01,1.485223e+01,1.258925e-06,8.714969e-11
2.700000e+01,3.848501e+01,2.916920e+01,1.504388e+01,1.258925e-06,2.278315e-10
2.716667e+01,3.889227e+01,2.980075e+01,1.513880e+01,1.258925e-06,1.534763e-10
2.733333e+01,3.925884e+01,2.994460e+01,1.532686e+01,1.258925e-06,1.365297e-10
2.750000e+01,3.951342e+01,3.018282e+01,1.560471e+01,1.258925e-06,9.308811e-11
2.766667e+01,3.983834e+01,3.032486e+01,1.605712e+01,1.258925e-06,1.163839e-10
2.783333e+01,4.026749e+01,3.070042e+01,1.649712e+01,1.258925e-06,1.512620e-10
2.800000e+01,4.058637e+01,3.097909e+01,1.658372e+01,1.258925e-06,1.113708e-10
2.816667e+01,4.090277e+01,3.148360e+01,1.692569e+01,1.258925e-06,1.100025e-10
2.833333e+01,4.135552e+01,3.180048e+01,1.709411e+01,1.258925e-06,1.562362e-10
2.850000e+01,4.176909e+01,3.198014e+01,1.742606e+01,1.258925e-06,1.418373e-10
2.866667e+01,4.231422e+01,3.220332e+01,1.767094e+01,1.258925e-06,1.859882e-10
2.883333e+01,4.271850e+01,3.242495e+01,1.830793e+01,1.258925e-06,1.373449e-10
2.900000e+01,4.305251e+01,3.260118e+01,1.846375e+01,1.258925e-06,1.127179e-10
2.916667e+01,4.341695e+01,3.295080e+01,1.892349e+01,1.258925e-06,1.230112e-10
2.933333e+01,4.384374e+01,3.312422e+01,1.907428e+01,1.258925e-06,1.439775e-10
2.950000e+01,4.407184e+01,3.359653e+01,1.951966e+01,1.258925e-06,7.737210e-11
2.966667e+01,4.455669e+01,3.393590e+01,1.966587e+01,1.258925e-06,1.647001e-10
2.983333e+01,4.481314e+01,3.427191e+01,1.988318e+01,1.258925e-06,8.758903e-11
3.000000e+01,4.506812e+01,3.456323e+01,2.002674e+01,1.258925e-06,8.714573e-11
3.016667e+01,4.541639e+01,3.493423e+01,2.031083e+01,1.258925e-06,1.186060e-10
3.033333e+01,4.573069e+01,3.513864e+01,2.079863e+01,1.258925e-06,1.063874e-10
3.050000e+01,4.613608e+01,3.562445e+01,2.093592e+01,1.258925e-06,1.367130e-10
3.066667e+01,4.647635e+01,3.566464e+01,2.127526e+01,1.258925e-06,1.152129e-10
3.083333e+01,4.672226e+01,3.610373e+01,2.154288e+01,1.258925e-06,8.317567e-11
3.100000e+01,4.699736e+01,3.634099e+01,2.174144e+01,1.258925e-06,9.327523e-11
3.116667e+01,4.721023e+01,3.653754e+01,2.200339e+01,1.258925e-06,7.233313e-11
3.133333e+01,4.766317e+01,3.673303e+01,2.206840e+01,1.258925e-06,1.543302e-10
3.150000e+01,4.805226e+01,3.684983e+01,2.264503e+01,1.258925e-06,1.331320e-10
3.166667e+01,4.829015e+01,3.723651e+01,2.283400e+01,1.258925e-06,8.105565e-11
3.183333e+01,4.855637e+01,3.754299e+01,2.314553e+01,1.258925e-06,9.070971e-11
3.200000e+01,4.893837e+01,3.792261e+01,2.345292e+01,1.258925e-06,1.298038e-10
3.216667e+01,4.925928e+01,3.829846e+01,2.363544e+01,1.258925e-06,1.088910e-10
3.233333e+01,4.954921e+01,3.859651e+01,2.369596e+01,1.258925e-06,9.828166e-11
3.250000e+01,5.006686e+01,3.900260e+01,2.405592e+01,1.258925e-06,1.756660e-10
3.266667e+01,5.032369e+01,3.944085e+01,2.417472e+01,1.258925e-06,8.674532e-11
3.283333e+01,5.063582e+01,3.998190e+01,2.464417e+01,1.258925e-06,1.049038e-10
3.300000e+01,5.077706e+01,4.048036e+01,2.487558e+01,1.258925e-06,4.706745e-11
3.316667e+01,5.088978e+01,4.100770e+01,2.516184e+01,1.258925e-06,3.753132e-11
3.333333e+01,5.128232e+01,4.128619e+01,2.521871e+01,1.258925e-06,1.309148e-10
3.350000e+01,5.153309e+01,4.166608e+01,2.550112e+01,1.258925e-06,8.412119e-11
3.366667e+01,5.192077e+01,4.190603e+01,2.578044e+01,1.258925e-06,1.299985e-10
3.383333e+01,5.216847e+01,4.238187e+01,2.622116e+01,1.258925e-06,8.308304e-11
3.400000e+01,5.241500e+01,4.261779e+01,2.633019e+01,1.258925e-06,8.282387e-11
3.416667e+01,5.274192e+01,4.281898e+01,2.643877e+01,1.258925e-06,1.107449e-10
3.433333e+01,5.301281e+01,4.305251e+01,2.649289e+01,1.258925e-06,9.220937e-11
3.450000e+01,5.328232e+01,4.321854e+01,2.670828e+01,1.258925e-06,9.178392e-11
3.466667e+01,5.357722e+01,4.351581e+01,2.702816e+01,1.258925e-06,9.981374e-11
3.483333e+01,5.387050e+01,4.377835e+01,2.729185e+01,1.258925e-06,9.865889e-11
3.500000e+01,5.421507e+01,4.413679e+01,2.744885e+01,1.258925e-06,1.157788e-10
3.516667e+01,5.432065e+01,4.436339e+01,2.765680e+01,1.258925e-06,3.527753e-11
3.533333e+01,5.455745e+01,4.474916e+01,2.786320e+01,1.258925e-06,7.844515e-11
3.550000e+01,5.481937e+01,4.500451e+01,2.816996e+01,1.258925e-06,8.608943e-11
3.566667e+01,5.520992e+01,4.519507e+01,2.847341e+01,1.258925e-06,1.273871e-10
3.583333e+01,5.546876e+01,4.563663e+01,2.857385e+01,1.258925e-06,8.412592e-11
3.600000e+01,5.580346e+01,4.591824e+01,2.877367e+01,1.258925e-06,1.084895e-10
3.616667e+01,5.605955e+01,4.632199e+01,2.887306e+01,1.258925e-06,8.247066e-11
3.633333e+01,5.626359e+01,4.666090e+01,2.916920e+01,1.258925e-06,6.508566e-11
3.650000e+01,5.666947e+01,4.693637e+01,2.980075e+01,1.258925e-06,1.277490e-10
3.666667e+01,5.694683e+01,4.724056e+01,2.994460e+01,1.258925e-06,8.632944e-11
3.683333e+01,5.729789e+01,4.757293e+01,3.018282e+01,1.258925e-06,1.093506e-10
3.700000e+01,5.764681e+01,4.787307e+01,3.060696e+01,1.258925e-06,1.085392e-10
3.716667e+01,5.779571e+01,4.814161e+01,3.074704e+01,1.258925e-06,4.621561e-11
3.733333e+01,5.799364e+01,4.834943e+01,3.107143e+01,1.258925e-06,6.147622e-11
3.750000e+01,5.819090e+01,4.855637e+01,3.139247e+01,1.258925e-06,6.115815e-11
3.766667e+01,5.841202e+01,4.887979e+01,3.143807e+01,1.258925e-06,6.851821e-11
3.783333e+01,5.860787e+01,4.917196e+01,3.152906e+01,1.258925e-06,6.079960e-11
3.800000e+01,5.911888e+01,4.928835e+01,3.184549e+01,1.258925e-06,1.582237e-10
3.816667e+01,5.948121e+01,4.960699e+01,3.202490e+01,1.258925e-06,1.113371e-10
3.833333e+01,5.967355e+01,4.992361e+01,3.206960e+01,1.258925e-06,5.852051e-11
3.850000e+01,6.000866e+01,5.038058e+01,3.215881e+01,1.258925e-06,1.006008e-10
3.866667e+01,6.017552e+01,5.069236e+01,3.238075e+01,1.258925e-06,4.903827e-11
3.883333e+01,6.036565e+01,5.094604e+01,3.282013e+01,1.258925e-06,5.433570e-11
3.900000e+01,6.064972e+01,5.131024e+01,3.329675e+01,1.258925e-06,7.879534e-11
3.916667e+01,6.088544e+01,5.144964e+01,3.368169e+01,1.258925e-06,6.375340e-11
3.933333e+01,6.112025e+01,5.189318e+01,3.389366e+01,1.258925e-06,6.209327e-11
3.950000e+01,6.142416e+01,5.227819e+01,3.435539e+01,1.258925e-06,7.884466e-11
3.966667e+01,6.161043e+01,5.236032e+01,3.464602e+01,1.258925e-06,4.726209e-11
3.983333e+01,6.179615e+01,5.274192e+01,3.509785e+01,1.258925e-06,4.626733e-11
4.000000e+01,6.188879e+01,5.287754e+01,3.534187e+01,1.258925e-06,2.264144e-11
4.016667e+01,6.241885e+01,5.312078e+01,3.558422e+01,1.258925e-06,1.278207e-10
4.033333e+01,6.267077e+01,5.360395e+01,3.586489e+01,1.258925e-06,5.996901e-11
4.050000e+01,6.301268e+01,5.381730e+01,3.614338e+01,1.258925e-06,8.015675e-11
4.066667e+01,6.321693e+01,5.410928e+01,3.641974e+01,1.258925e-06,4.690772e-11
4.083333e+01,6.348825e+01,5.439970e+01,3.688868e+01,1.258925e-06,6.094258e-11
4.100000e+01,6.393789e+01,5.460994e+01,3.708232e+01,1.258925e-06,9.907570e-11
4.116667e+01,6.422847e+01,5.494986e+01,3.739007e+01,1.258925e-06,6.300215e-11
4.133333e+01,6.456212e+01,5.541709e+01,3.780912e+01,1.258925e-06,7.096539e-11
4.150000e+01,6.487199e+01,5.562349e+01,3.829846e+01,1.258925e-06,6.482066e-11
4.166667e+01,6.522432e+01,5.580346e+01,3.863360e+01,1.258925e-06,7.255000e-11
4.183333e+01,6.535595e+01,5.611063e+01,3.914923e+01,1.258925e-06,2.670875e-11
4.200000e+01,6.570568e+01,5.628905e+01,3.951342e+01,1.258925e-06,7.001072e-11
4.216667e+01,6.590159e+01,5.654294e+01,4.001771e+01,1.258925e-06,3.885508e-11
4.233333e+01,6.616190e+01,5.682092e+01,4.033857e+01,1.258925e-06,5.116887e-11
4.250000e+01,6.639963e+01,5.714770e+01,4.069211e+01,1.258925e-06,4.653646e-11
4.266667e+01,6.680824e+01,5.742275e+01,4.100770e+01,1.258925e-06,7.968809e-11
4.283333e+01,6.717174e+01,5.767166e+01,4.132087e+01,1.258925e-06,7.075516e-11
4.300000e+01,6.738465e+01,5.791949e+01,4.156282e+01,1.258925e-06,4.124018e-11
4.316667e+01,6.772390e+01,5.809235e+01,4.183762e+01,1.258925e-06,6.545294e-11
4.333333e+01,6.801937e+01,5.855897e+01,4.221254e+01,1.258925e-06,5.667361e-11
4.350000e+01,6.835547e+01,5.877870e+01,4.251684e+01,1.258925e-06,6.413265e-11
4.366667e+01,6.868994e+01,5.914311e+01,4.295258e+01,1.258925e-06,6.341880e-11
4.383333e+01,6.902278e+01,5.933655e+01,4.335091e+01,1.258925e-06,6.271035e-11
4.400000e+01,6.931271e+01,5.967355e+01,4.358159e+01,1.258925e-06,5.440741e-11
4.416667e+01,6.964257e+01,5.988920e+01,4.397423e+01,1.258925e-06,6.180651e-11
4.433333e+01,6.997088e+01,6.029442e+01,4.442791e+01,1.258925e-06,6.135294e-11
4.450000e+01,7.021611e+01,6.048418e+01,4.471714e+01,1.258925e-06,4.571577e-11
4.466667e+01,7.060264e+01,6.088544e+01,4.503633e+01,1.258925e-06,7.214500e-11
4.483333e+01,7.112818e+01,6.112025e+01,4.547942e+01,1.258925e-06,9.842320e-11
4.500000e+01,7.138949e+01,6.133081e+01,4.579329e+01,1.258925e-06,4.898951e-11
4.516667e+01,7.172978e+01,6.156392e+01,4.610503e+01,1.258925e-06,6.396902e-11
4.533333e+01,7.194910e+01,6.193507e+01,4.644552e+01,1.258925e-06,4.134349e-11
4.550000e+01,7.238577e+01,6.234997e+01,4.672226e+01,1.258925e-06,8.264681e-11
4.566667e+01,7.270169e+01,6.264791e+01,4.696688e+01,1.258925e-06,6.013306e-11
4.583333e+01,7.297700e+01,6.289892e+01,4.721023e+01,1.258925e-06,5.252097e-11
4.600000e+01,7.325128e+01,6.310354e+01,4.760303e+01,1.258925e-06,5.236924e-11
4.616667e+01,7.360242e+01,6.339794e+01,4.799261e+01,1.258925e-06,6.717850e-11
4.633333e+01,7.389376e+01,6.378088e+01,4.831980e+01,1.258925e-06,5.593968e-11
4.650000e+01,7.428044e+01,6.407217e+01,4.870365e+01,1.258925e-06,7.474980e-11
4.666667e+01,7.447303e+01,6.431761e+01,4.917196e+01,1.258925e-06,3.748829e-11
4.683333e+01,7.468430e+01,6.458431e+01,4.943344e+01,1.258925e-06,4.147895e-11
4.700000e+01,7.497143e+01,6.487199e+01,4.963586e+01,1.258925e-06,5.720588e-11
4.716667e+01,7.529553e+01,6.515840e+01,4.995229e+01,1.258925e-06,6.559525e-11
4.733333e+01,7.569398e+01,6.542167e+01,5.023822e+01,1.258925e-06,8.176275e-11
4.750000e+01,7.599615e+01,6.581460e+01,5.057921e+01,1.258925e-06,6.275438e-11
4.766667e+01,7.629712e+01,6.601018e+01,5.077706e+01,1.258925e-06,6.327120e-11
4.783333e+01,7.657822e+01,6.629168e+01,5.100224e+01,1.258925e-06,5.970744e-11
4.800000e+01,7.680235e+01,6.667948e+01,5.119846e+01,1.258925e-06,4.791801e-11
4.816667e+01,7.704442e+01,6.704367e+01,5.144964e+01,1.258925e-06,5.195893e-11
4.833333e+01,7.732279e+01,6.727828e+01,5.167188e+01,1.258925e-06,5.985252e-11
4.850000e+01,7.761863e+01,6.759688e+01,5.192077e+01,1.258925e-06,6.368325e-11
4.866667e+01,7.783976e+01,6.797724e+01,5.200347e+01,1.258925e-06,4.754798e-11
4.883333e+01,7.820693e+01,6.825062e+01,5.230558e+01,1.258925e-06,7.897073e-11
4.900000e+01,7.851768e+01,6.858559e+01,5.260595e+01,1.258925e-06,6.656936e-11
4.916667e+01,7.886353e+01,6.891894e+01,5.298578e+01,1.258925e-06,7.387657e-11
4.933333e+01,7.906307e+01,6.910574e+01,5.317468e+01,1.258925e-06,4.251812e-11
4.950000e+01,7.944262e+01,6.941596e+01,5.344338e+01,1.258925e-06,8.096682e-11
4.966667e+01,7.976651e+01,6.982744e+01,5.373739e+01,1.258925e-06,6.910855e-11
4.983333e+01,8.007120e+01,7.007316e+01,5.410928e+01,1.258925e-06,6.501269e-11
5.000000e+01,8.039256e+01,7.025690e+01,5.437336e+01,1.258925e-06,6.848309e-11
5.016667e+01,8.076586e+01,7.052144e+01,5.468857e+01,1.258925e-06,7.981571e-11
5.033333e+01,8.110213e+01,7.070401e+01,5.492379e+01,1.258925e-06,7.201386e-11
5.050000e+01,8.140182e+01,7.086590e+01,5.518397e+01,1.258925e-06,6.430906e-11
5.066667e+01,8.177052e+01,7.100724e+01,5.539124e+01,1.258925e-06,7.921145e-11
5.083333e+01,8.213756e+01,7.148974e+01,5.567496e+01,1.258925e-06,7.902050e-11
5.100000e+01,8.250296e+01,7.176971e+01,5.590604e+01,1.258925e-06,7.880022e-11
5.116667e+01,8.272836e+01,7.202869e+01,5.613615e+01,1.258925e-06,4.865606e-11
5.133333e+01,8.303943e+01,7.228676e+01,5.631449e+01,1.258925e-06,6.707175e-11
5.150000e+01,8.326337e+01,7.248464e+01,5.649226e+01,1.258925e-06,4.821462e-11
5.166667e+01,8.369235e+01,7.281981e+01,5.689650e+01,1.258925e-06,9.219786e-11
5.183333e+01,8.410210e+01,7.317302e+01,5.704735e+01,1.258925e-06,8.786847e-11
5.200000e+01,8.450987e+01,7.348556e+01,5.727289e+01,1.258925e-06,8.747245e-11
5.216667e+01,8.478063e+01,7.369966e+01,5.759710e+01,1.258925e-06,5.792945e-11
5.233333e+01,8.489882e+01,7.399062e+01,5.782049e+01,1.258925e-06,2.518328e-11
5.250000e+01,8.506737e+01,7.426115e+01,5.801833e+01,1.258925e-06,3.580415e-11
5.266667e+01,8.542024e+01,7.454992e+01,5.831384e+01,1.258925e-06,7.481410e-11
5.283333e+01,8.570484e+01,7.495233e+01,5.870555e+01,1.258925e-06,6.018487e-11
5.300000e+01,8.597183e+01,7.525748e+01,5.897333e+01,1.258925e-06,5.628153e-11
5.316667e+01,8.618815e+01,7.546655e+01,5.919153e+01,1.258925e-06,4.558905e-11
5.333333e+01,8.648679e+01,7.578853e+01,5.948121e+01,1.258925e-06,6.296905e-11
5.350000e+01,8.689985e+01,7.603384e+01,5.986527e+01,1.258925e-06,8.711902e-11
5.366667e+01,8.722889e+01,7.642843e+01,6.012789e+01,1.258925e-06,6.943338e-11
5.383333e+01,8.745848e+01,7.682100e+01,6.031817e+01,1.258925e-06,4.850174e-11
5.400000e+01,8.783437e+01,7.715589e+01,6.069694e+01,1.258925e-06,7.940008e-11
5.416667e+01,8.819242e+01,7.750782e+01,6.095598e+01,1.258925e-06,7.538837e-11
5.433333e+01,8.848428e+01,7.782136e+01,6.128408e+01,1.258925e-06,6.124941e-11
5.450000e+01,8.877519e+01,7.813364e+01,6.151737e+01,1.258925e-06,6.077911e-11
5.466667e+01,8.903298e+01,7.829846e+01,6.170336e+01,1.258925e-06,5.363485e-11
5.483333e+01,8.917766e+01,7.873629e+01,6.211981e+01,1.258925e-06,2.992023e-11
5.500000e+01,8.946631e+01,7.917170e+01,6.241885e+01,1.258925e-06,5.928140e-11
5.516667e+01,8.973807e+01,7.956874e+01,6.264791e+01,1.258925e-06,5.556945e-11
5.533333e+01,8.994534e+01,7.982037e+01,6.292168e+01,1.258925e-06,4.221317e-11
5.550000e+01,9.034259e+01,8.016060e+01,6.317160e+01,1.258925e-06,8.055584e-11
5.566667e+01,9.061173e+01,8.042819e+01,6.342053e+01,1.258925e-06,5.432223e-11
5.583333e+01,9.094309e+01,8.074813e+01,6.360096e+01,1.258925e-06,6.651073e-11
5.600000e+01,9.116333e+01,8.108447e+01,6.393789e+01,1.258925e-06,4.389614e-11
5.616667e+01,9.147704e+01,8.141942e+01,6.420616e+01,1.258925e-06,6.199323e-11
5.633333e+01,9.183648e+01,8.173548e+01,6.458431e+01,1.258925e-06,7.057913e-11
5.650000e+01,9.203902e+01,8.203286e+01,6.482781e+01,1.258925e-06,3.947697e-11
5.666667e+01,9.228769e+01,8.232916e+01,6.531210e+01,1.258925e-06,4.816531e-11
5.683333e+01,9.252021e+01,8.257238e+01,6.570568e+01,1.258925e-06,4.467923e-11
5.700000e+01,9.270581e+01,8.284947e+01,6.603188e+01,1.258925e-06,3.550230e-11
5.716667e+01,9.296810e+01,8.319453e+01,6.639963e+01,1.258925e-06,5.012319e-11
5.733333e+01,9.313743e+01,8.340089e+01,6.670095e+01,1.258925e-06,3.233084e-11
5.750000e+01,9.345984e+01,8.372657e+01,6.700093e+01,1.258925e-06,6.163214e-11
5.766667e+01,9.381168e+01,8.398280e+01,6.738465e+01,1.258925e-06,6.734676e-11
5.783333e+01,9.413178e+01,8.410210e+01,6.768159e+01,1.258925e-06,6.128797e-11
5.800000e+01,9.451144e+01,8.425525e+01,6.804042e+01,1.258925e-06,7.281289e-11
5.816667e+01,9.485938e+01,8.476373e+01,6.822963e+01,1.258925e-06,6.680075e-11
5.833333e+01,9.520605e+01,8.489882e+01,6.858559e+01,1.258925e-06,6.672234e-11
5.850000e+01,9.552148e+01,8.521878e+01,6.875247e+01,1.258925e-06,6.068467e-11
5.866667e+01,9.585081e+01,8.548729e+01,6.916789e+01,1.258925e-06,6.347924e-11
5.883333e+01,9.644672e+01,8.580506e+01,6.937467e+01,1.258925e-06,1.150116e-10
5.900000e+01,9.669887e+01,8.617153e+01,6.964257e+01,1.258925e-06,4.884243e-11
5.916667e+01,9.700944e+01,8.651990e+01,7.013446e+01,1.258925e-06,6.022393e-11
5.933333e+01,9.720120e+01,8.671834e+01,7.046048e+01,1.258925e-06,3.716499e-11
5.950000e+01,9.745140e+01,8.696576e+01,7.068375e+01,1.258925e-06,4.868065e-11
5.966667e+01,9.764229e+01,8.719604e+01,7.092651e+01,1.258925e-06,3.732467e-11
5.983333e+01,9.793525e+01,8.744211e+01,7.136942e+01,1.258925e-06,5.752371e-11
6.000000e+01,9.822733e+01,8.786698e+01,7.168983e+01,1.258925e-06,5.759119e-11
6.016667e+01,9.853309e+01,8.819242e+01,7.196901e+01,1.258925e-06,6.078556e-11
6.033333e+01,9.880891e+01,8.851665e+01,7.208833e+01,1.258925e-06,5.523124e-11
6.050000e+01,9.909842e+01,8.871063e+01,7.240555e+01,1.258925e-06,5.841787e-11
6.066667e+01,9.935825e+01,8.896860e+01,7.256364e+01,1.258925e-06,5.259677e-11
6.083333e+01,9.953110e+01,8.914552e+01,7.276077e+01,1.258925e-06,3.510542e-11
6.100000e+01,9.990458e+01,8.953033e+01,7.297700e+01,1.258925e-06,7.582752e-11
6.116667e+01,1.002481e+02,8.981785e+01,7.323172e+01,1.258925e-06,6.971495e-11
6.133333e+01,1.006047e+02,9.010445e+01,7.362188e+01,1.258925e-06,7.219433e-11
6.150000e+01,1.008464e+02,9.034259e+01,7.391314e+01,1.258925e-06,4.874091e-11
6.166667e+01,1.010876e+02,9.072232e+01,7.420326e+01,1.258925e-06,4.853805e-11
6.183333e+01,1.012150e+02,9.111618e+01,7.441530e+01,1.258925e-06,2.556279e-11
6.200000e+01,1.015259e+02,9.139871e+01,7.478013e+01,1.258925e-06,6.214823e-11
6.216667e+01,1.017936e+02,9.174285e+01,7.508598e+01,1.258925e-06,5.318895e-11
6.233333e+01,1.021728e+02,9.200789e+01,7.537159e+01,1.258925e-06,7.508363e-11
6.250000e+01,1.025088e+02,9.233424e+01,7.556140e+01,1.258925e-06,6.618252e-11
6.266667e+01,1.027739e+02,9.269036e+01,7.595844e+01,1.258925e-06,5.193742e-11
6.283333e+01,1.031356e+02,9.281390e+01,7.627835e+01,1.258925e-06,7.029704e-11
6.300000e+01,1.034684e+02,9.307589e+01,7.650336e+01,1.258925e-06,6.440871e-11
6.316667e+01,1.037725e+02,9.326038e+01,7.697002e+01,1.258925e-06,5.869492e-11
6.333333e+01,1.041171e+02,9.356706e+01,7.715589e+01,1.258925e-06,6.609814e-11
6.350000e+01,1.043781e+02,9.390325e+01,7.761863e+01,1.258925e-06,4.999834e-11
6.366667e+01,1.046385e+02,9.416221e+01,7.796847e+01,1.258925e-06,4.960385e-11
6.383333e+01,1.049802e+02,9.442046e+01,7.831675e+01,1.258925e-06,6.498473e-11
6.400000e+01,1.053480e+02,9.490467e+01,7.859062e+01,1.258925e-06,6.986166e-11
6.416667e+01,1.055517e+02,9.525118e+01,7.889985e+01,1.258925e-06,3.864324e-11
6.433333e+01,1.057415e+02,9.555147e+01,7.915361e+01,1.258925e-06,3.583332e-11
6.450000e+01,1.060661e+02,9.588070e+01,7.949669e+01,1.258925e-06,6.108263e-11
6.466667e+01,1.064167e+02,9.616412e+01,7.982037e+01,1.258925e-06,6.579801e-11
6.483333e+01,1.067258e+02,9.644672e+01,8.014273e+01,1.258925e-06,5.798369e-11
6.500000e+01,1.070474e+02,9.674330e+01,8.042819e+01,1.258925e-06,6.035165e-11
6.516667e+01,1.073814e+02,9.703897e+01,8.071264e+01,1.258925e-06,6.279052e-11
6.533333e+01,1.077410e+02,9.736317e+01,8.103145e+01,1.258925e-06,6.764079e-11
6.550000e+01,1.079800e+02,9.770096e+01,8.127855e+01,1.258925e-06,4.496523e-11
6.566667e+01,1.084301e+02,9.796450e+01,8.159516e+01,1.258925e-06,8.480617e-11
6.583333e+01,1.088389e+02,9.824192e+01,8.180554e+01,1.258925e-06,7.718009e-11
6.600000e+01,1.090755e+02,9.851855e+01,8.210267e+01,1.258925e-06,4.473258e-11
6.616667e+01,1.094426e+02,9.883790e+01,8.245086e+01,1.258925e-06,6.929368e-11
6.633333e+01,1.096910e+02,9.911287e+01,8.288404e+01,1.258925e-06,4.675543e-11
6.650000e+01,1.100820e+02,9.940149e+01,8.305668e+01,1.258925e-06,7.356294e-11
6.666667e+01,1.103290e+02,9.973238e+01,8.333216e+01,1.258925e-06,4.657744e-11
6.683333e+01,1.106013e+02,1.000622e+02,8.360673e+01,1.258925e-06,5.129455e-11
6.700000e+01,1.108600e+02,1.003481e+02,8.388040e+01,1.258925e-06,4.858979e-11
6.716667e+01,1.111826e+02,1.005904e+02,8.423825e+01,1.258925e-06,6.037888e-11
6.733333e+01,1.115556e+02,1.009600e+02,8.452682e+01,1.258925e-06,6.968084e-11
6.750000e+01,1.118249e+02,1.012716e+02,8.479753e+01,1.258925e-06,5.029330e-11
6.766667e+01,1.121830e+02,1.015541e+02,8.528598e+01,1.258925e-06,6.682606e-11
6.783333e+01,1.124763e+02,1.019202e+02,8.560450e+01,1.258925e-06,5.471881e-11
6.800000e+01,1.128704e+02,1.022149e+02,8.583844e+01,1.258925e-06,7.396292e-11
6.816667e+01,1.131112e+02,1.025507e+02,8.613828e+01,1.258925e-06,4.547561e-11
6.833333e+01,1.134526e+02,1.027878e+02,8.637077e+01,1.258925e-06,6.478091e-11
6.850000e+01,1.138308e+02,1.031356e+02,8.661918e+01,1.258925e-06,7.218474e-11
6.866667e+01,1.141449e+02,1.034269e+02,8.686688e+01,1.258925e-06,6.024844e-11
6.883333e+01,1.144207e+02,1.037311e+02,8.721247e+01,1.258925e-06,5.302642e-11
6.900000e+01,1.146708e+02,1.040482e+02,8.749123e+01,1.258925e-06,4.814685e-11
6.916667e+01,1.149702e+02,1.044056e+02,8.778543e+01,1.258925e-06,5.780297e-11
6.933333e+01,1.152688e+02,1.046659e+02,8.802985e+01,1.258925e-06,5.781712e-11
6.950000e+01,1.156410e+02,1.051574e+02,8.841951e+01,1.258925e-06,7.221160e-11
6.966667e+01,1.159873e+02,1.054295e+02,8.867833e+01,1.258925e-06,6.728316e-11
6.983333e+01,1.162340e+02,1.056738e+02,8.890418e+01,1.258925e-06,4.800631e-11
7.000000e+01,1.165294e+02,1.060391e+02,8.920977e+01,1.258925e-06,5.743467e-11
7.016667e+01,1.167750e+02,1.062416e+02,8.943428e+01,1.258925e-06,4.765768e-11
7.033333e+01,1.170445e+02,1.065243e+02,8.972211e+01,1.258925e-06,5.225385e-11
7.050000e+01,1.173379e+02,1.069002e+02,8.999310e+01,1.258925e-06,5.664291e-11
7.066667e+01,1.176670e+02,1.071411e+02,9.026328e+01,1.258925e-06,6.332878e-11
7.083333e+01,1.179952e+02,1.073681e+02,9.061173e+01,1.258925e-06,6.288930e-11
7.100000e+01,1.181772e+02,1.077277e+02,9.080123e+01,1.258925e-06,3.465851e-11
7.116667e+01,1.183710e+02,1.078872e+02,9.102181e+01,1.258925e-06,3.674350e-11
7.133333e+01,1.187093e+02,1.083244e+02,9.138304e+01,1.258925e-06,6.381921e-11
7.150000e+01,1.190346e+02,1.086940e+02,9.169600e+01,1.258925e-06,6.101124e-11
7.166667e+01,1.193471e+02,1.089310e+02,9.205458e+01,1.258925e-06,5.829474e-11
7.183333e+01,1.196587e+02,1.092330e+02,9.233424e+01,1.258925e-06,5.787724e-11
7.200000e+01,1.199696e+02,1.095473e+02,9.273671e+01,1.258925e-06,5.759945e-11
7.216667e+01,1.203034e+02,1.098345e+02,9.313743e+01,1.258925e-06,6.175151e-11
7.233333e+01,1.205888e+02,1.101341e+02,9.347516e+01,1.258925e-06,5.285801e-11
7.250000e+01,1.209091e+02,1.104976e+02,9.382695e+01,1.258925e-06,5.953874e-11
7.266667e+01,1.212168e+02,1.107566e+02,9.405567e+01,1.258925e-06,5.752070e-11
7.283333e+01,1.214765e+02,1.110150e+02,9.428383e+01,1.258925e-06,4.887088e-11
7.300000e+01,1.217003e+02,1.113242e+02,9.458719e+01,1.258925e-06,4.235505e-11
7.316667e+01,1.219002e+02,1.116711e+02,9.490467e+01,1.258925e-06,3.800790e-11
7.333333e+01,1.221936e+02,1.119145e+02,9.514585e+01,1.258925e-06,5.610056e-11
7.350000e+01,1.226032e+02,1.121319e+02,9.552148e+01,1.258925e-06,7.893227e-11
7.366667e+01,1.228600e+02,1.123361e+02,9.577606e+01,1.258925e-06,4.978481e-11
7.383333e+01,1.231511e+02,1.127434e+02,9.601506e+01,1.258925e-06,5.688365e-11
7.400000e+01,1.234299e+02,1.130479e+02,9.628321e+01,1.258925e-06,5.485893e-11
7.416667e+01,1.237429e+02,1.133010e+02,9.660995e+01,1.258925e-06,6.191745e-11
7.433333e+01,1.241012e+02,1.135914e+02,9.689125e+01,1.258925e-06,7.132443e-11
7.450000e+01,1.244470e+02,1.139565e+02,9.708324e+01,1.258925e-06,6.932377e-11
7.466667e+01,1.246770e+02,1.142453e+02,9.739259e+01,1.258925e-06,4.638791e-11
7.483333e+01,1.249065e+02,1.144832e+02,9.765696e+01,1.258925e-06,4.647288e-11
7.500000e+01,1.251586e+02,1.147332e+02,9.787673e+01,1.258925e-06,5.122160e-11
7.516667e+01,1.254672e+02,1.150822e+02,9.808140e+01,1.258925e-06,6.298165e-11
7.533333e+01,1.257751e+02,1.154054e+02,9.843128e+01,1.258925e-06,6.303144e-11
7.550000e+01,1.261162e+02,1.157276e+02,9.869287e+01,1.258925e-06,6.989553e-11
7.566667e+01,1.264225e+02,1.160737e+02,9.902612e+01,1.258925e-06,6.277729e-11
7.583333e+01,1.266829e+02,1.163449e+02,9.937267e+01,1.258925e-06,5.329141e-11
7.600000e+01,1.270103e+02,1.166523e+02,9.961741e+01,1.258925e-06,6.701862e-11
7.616667e+01,1.273932e+02,1.170323e+02,9.993325e+01,1.258925e-06,7.849984e-11
7.633333e+01,1.276964e+02,1.172402e+02,1.003052e+02,1.258925e-06,6.220369e-11
7.650000e+01,1.280325e+02,1.175330e+02,1.005619e+02,1.258925e-06,6.896355e-11
7.666667e+01,1.282561e+02,1.177765e+02,1.007469e+02,1.258925e-06,4.593240e-11
7.683333e+01,1.284904e+02,1.180438e+02,1.010025e+02,1.258925e-06,4.816485e-11
7.700000e+01,1.288577e+02,1.183468e+02,1.014271e+02,1.258925e-06,7.541353e-11
7.716667e+01,1.292019e+02,1.187334e+02,1.016528e+02,1.258925e-06,7.041629e-11
7.733333e+01,1.294677e+02,1.191549e+02,1.018921e+02,1.258925e-06,5.429812e-11
7.750000e+01,1.297992e+02,1.195270e+02,1.022709e+02,1.258925e-06,6.750376e-11
7.766667e+01,1.301518e+02,1.198143e+02,1.024948e+02,1.258925e-06,7.140662e-11
7.783333e+01,1.304267e+02,1.200531e+02,1.027460e+02,1.258925e-06,5.536222e-11
7.800000e+01,1.307119e+02,1.203272e+02,1.031356e+02,1.258925e-06,5.707981e-11
7.816667e+01,1.309746e+02,1.206363e+02,1.034130e+02,1.258925e-06,5.220220e-11
7.833333e+01,1.312914e+02,1.208854e+02,1.036621e+02,1.258925e-06,6.268985e-11
7.850000e+01,1.316401e+02,1.210630e+02,1.040482e+02,1.258925e-06,6.870769e-11
7.866667e+01,1.319770e+02,1.214175e+02,1.042820e+02,1.258925e-06,6.602884e-11
7.883333e+01,1.321613e+02,1.216767e+02,1.045290e+02,1.258925e-06,3.598193e-11
7.900000e+01,1.325077e+02,1.220411e+02,1.049802e+02,1.258925e-06,6.724781e-11
7.916667e+01,1.327885e+02,1.224044e+02,1.053616e+02,1.258925e-06,5.416180e-11
7.933333e+01,1.331009e+02,1.227667e+02,1.056738e+02,1.258925e-06,6.013024e-11
7.950000e+01,1.334019e+02,1.230813e+02,1.059445e+02,1.258925e-06,5.790220e-11
7.966667e+01,1.337022e+02,1.233138e+02,1.062416e+02,1.258925e-06,5.776492e-11
7.983333e+01,1.340873e+02,1.235343e+02,1.065378e+02,1.258925e-06,7.403981e-11
