Time,avgI1rd,avgI2rd,avgDrd,Beta,Beff
0.000000e+00,1.692569e+00,0.000000e+00,0.000000e+00,1.000000e-06,0.000000e+00
1.666667e-01,1.692569e+00,0.000000e+00,0.000000e+00,1.000000e-06,0.000000e+00
3.333333e-01,1.692569e+00,0.000000e+00,0.000000e+00,1.000000e-06,0.000000e+00
5.000000e-01,1.692569e+00,0.000000e+00,0.000000e+00,1.000000e-06,0.000000e+00
6.666667e-01,1.692569e+00,0.000000e+00,0.000000e+00,1.000000e-06,0.000000e+00
8.333333e-01,1.692569e+00,0.000000e+00,0.000000e+00,1.000000e-06,0.000000e+00
1.000000e+00,1.692569e+00,0.000000e+00,0.000000e+00,1.000000e-06,0.000000e+00
1.166667e+00,1.692569e+00,0.000000e+00,0.000000e+00,1.000000e-06,0.000000e+00
1.333333e+00,1.692569e+00,0.000000e+00,0.000000e+00,1.000000e-06,0.000000e+00
1.500000e+00,1.692569e+00,0.000000e+00,0.000000e+00,1.000000e-06,0.000000e+00
1.666667e+00,1.692569e+00,0.000000e+00,0.000000e+00,1.000000e-06,0.000000e+00
1.833333e+00,1.692569e+00,0.000000e+00,0.000000e+00,1.000000e-06,0.000000e+00
2.000000e+00,1.692569e+00,0.000000e+00,0.000000e+00,1.000000e-06,0.000000e+00
2.166667e+00,1.692569e+00,0.000000e+00,0.000000e+00,1.000000e-06,0.000000e+00
2.333333e+00,1.692569e+00,0.000000e+00,0.000000e+00,1.000000e-06,0.000000e+00
2.500000e+00,1.692569e+00,0.000000e+00,0.000000e+00,1.000000e-06,0.000000e+00
2.666667e+00,1.692569e+00,0.000000e+00,0.000000e+00,1.000000e-06,0.000000e+00
2.833333e+00,1.692569e+00,0.000000e+00,0.000000e+00,1.000000e-06,0.000000e+00
3.000000e+00,1.692569e+00,0.000000e+00,0.000000e+00,1.000000e-06,0.000000e+00
3.166667e+00,1.692569e+00,0.000000e+00,0.000000e+00,1.000000e-06,0.000000e+00
3.333333e+00,1.692569e+00,0.000000e+00,0.000000e+00,1.000000e-06,0.000000e+00
3.500000e+00,1.692569e+00,0.000000e+00,0.000000e+00,1.000000e-06,0.000000e+00
3.666667e+00,1.692569e+00,0.000000e+00,0.000000e+00,1.000000e-06,0.000000e+00
3.833333e+00,1.692569e+00,0.000000e+00,0.000000e+00,1.000000e-06,0.000000e+00
4.000000e+00,1.692569e+00,0.000000e+00,0.000000e+00,1.000000e-06,0.000000e+00
4.166667e+00,1.692569e+00,0.000000e+00,0.000000e+00,1.000000e-06,0.000000e+00
4.333333e+00,1.692569e+00,0.000000e+00,0.000000e+00,1.000000e-06,0.000000e+00
4.500000e+00,1.692569e+00,0.000000e+00,0.000000e+00,1.000000e-06,0.000000e+00
4.666667e+00,1.692569e+00,0.000000e+00,0.000000e+00,1.000000e-06,0.000000e+00
4.833333e+00,1.692569e+00,0.000000e+00,0.000000e+00,1.000000e-06,0.000000e+00
5.000000e+00,1.692569e+00,0.000000e+00,0.000000e+00,1.000000e-06,0.000000e+00
5.166667e+00,1.692569e+00,0.000000e+00,0.000000e+00,1.000000e-06,0.000000e+00
5.333333e+00,1.692569e+00,0.000000e+00,0.000000e+00,1.000000e-06,0.000000e+00
5.500000e+00,1.692569e+00,0.000000e+00,0.000000e+00,1.000000e-06,0.000000e+00
5.666667e+00,1.692569e+00,0.000000e+00,0.000000e+00,1.000000e-06,0.000000e+00
5.833333e+00,1.692569e+00,0.000000e+00,0.000000e+00,1.000000e-06,0.000000e+00
6.000000e+00,1.692569e+00,0.000000e+00,0.000000e+00,1.000000e-06,0.000000e+00
6.166667e+00,1.692569e+00,0.000000e+00,0.000000e+00,1.000000e-06,0.000000e+00
6.333333e+00,1.692569e+00,0.000000e+00,0.000000e+00,1.000000e-06,0.000000e+00
6.500000e+00,1.692569e+00,0.000000e+00,0.000000e+00,1.000000e-06,0.000000e+00
6.666667e+00,1.692569e+00,0.000000e+00,0.000000e+00,1.000000e-06,0.000000e+00
6.833333e+00,1.692569e+00,0.000000e+00,0.000000e+00,1.000000e-06,0.000000e+00
7.000000e+00,1.692569e+00,0.000000e+00,0.000000e+00,1.000000e-06,0.000000e+00
7.166667e+00,1.692569e+00,0.000000e+00,0.000000e+00,1.000000e-06,0.000000e+00
7.333333e+00,1.692569e+00,0.000000e+00,0.000000e+00,1.000000e-06,0.000000e+00
7.500000e+00,1.692569e+00,0.000000e+00,0.000000e+00,1.000000e-06,0.000000e+00
7.666667e+00,1.692569e+00,0.000000e+00,0.000000e+00,1.000000e-06,0.000000e+00
7.833333e+00,1.692569e+00,0.000000e+00,0.000000e+00,1.000000e-06,0.000000e+00
8.000000e+00,1.692569e+00,0.000000e+00,0.000000e+00,1.000000e-06,0.000000e+00
8.166667e+00,1.692569e+00,0.000000e+00,0.000000e+00,1.000000e-06,0.000000e+00
8.333333e+00,1.692569e+00,0.000000e+00,0.000000e+00,1.000000e-06,0.000000e+00
8.500000e+00,1.692569e+00,0.000000e+00,0.000000e+00,1.000000e-06,0.000000e+00
8.666667e+00,1.692569e+00,0.000000e+00,0.000000e+00,1.000000e-06,0.000000e+00
8.833333e+00,1.692569e+00,0.000000e+00,0.000000e+00,1.000000e-06,0.000000e+00
9.000000e+00,1.692569e+00,0.000000e+00,0.000000e+00,1.000000e-06,0.000000e+00
9.166667e+00,1.692569e+00,0.000000e+00,0.000000e+00,1.000000e-06,0.000000e+00
9.333333e+00,1.692569e+00,0.000000e+00,0.000000e+00,1.000000e-06,0.000000e+00
9.500000e+00,1.692569e+00,0.000000e+00,0.000000e+00,1.000000e-06,0.000000e+00
9.666667e+00,1.692569e+00,0.000000e+00,0.000000e+00,1.000000e-06,0.000000e+00
9.833333e+00,1.692569e+00,0.000000e+00,0.000000e+00,1.000000e-06,0.000000e+00
1.000000e+01,1.692569e+00,0.000000e+00,0.000000e+00,1.000000e-06,0.000000e+00
1.016667e+01,1.692569e+00,0.000000e+00,0.000000e+00,1.000000e-06,0.000000e+00
1.033333e+01,1.692569e+00,0.000000e+00,0.000000e+00,1.000000e-06,0.000000e+00
1.050000e+01,1.692569e+00,0.000000e+00,0.000000e+00,1.000000e-06,0.000000e+00
1.066667e+01,1.692569e+00,0.000000e+00,0.000000e+00,1.000000e-06,0.000000e+00
1.083333e+01,1.692569e+00,0.000000e+00,0.000000e+00,1.000000e-06,0.000000e+00
1.100000e+01,1.692569e+00,0.000000e+00,0.000000e+00,1.000000e-06,0.000000e+00
1.116667e+01,1.692569e+00,0.000000e+00,0.000000e+00,1.000000e-06,0.000000e+00
1.133333e+01,1.692569e+00,0.000000e+00,0.000000e+00,1.000000e-06,0.000000e+00
1.150000e+01,1.692569e+00,0.000000e+00,0.000000e+00,1.000000e-06,0.000000e+00
1.166667e+01,1.692569e+00,0.000000e+00,0.000000e+00,1.000000e-06,0.000000e+00
1.183333e+01,1.692569e+00,0.000000e+00,0.000000e+00,1.000000e-06,0.000000e+00
1.200000e+01,1.692569e+00,0.000000e+00,0.000000e+00,1.000000e-06,0.000000e+00
1.216667e+01,1.692569e+00,1.692569e+00,0.000000e+00,1.000000e-06,0.000000e+00
1.233333e+01,1.692569e+00,1.692569e+00,0.000000e+00,1.000000e-06,0.000000e+00
1.250000e+01,5.352372e+00,1.692569e+00,0.000000e+00,1.000000e-06,8.945236e-08
1.266667e+01,6.333012e+00,2.393654e+00,0.000000e+00,1.000000e-06,1.933154e-08
1.283333e+01,7.569398e+00,2.393654e+00,0.000000e+00,1.000000e-06,1.882111e-08
1.300000e+01,8.462844e+00,2.393654e+00,0.000000e+00,1.000000e-06,1.147446e-08
1.316667e+01,9.270581e+00,2.393654e+00,0.000000e+00,1.000000e-06,8.978661e-09
1.333333e+01,1.015541e+01,3.385138e+00,0.000000e+00,1.000000e-06,8.812056e-09
1.350000e+01,1.083773e+01,3.385138e+00,0.000000e+00,1.000000e-06,6.201094e-09
1.366667e+01,1.109892e+01,3.784699e+00,0.000000e+00,1.000000e-06,2.146914e-09
1.383333e+01,1.196827e+01,3.784699e+00,0.000000e+00,1.000000e-06,6.636864e-09
1.400000e+01,1.243779e+01,4.478116e+00,0.000000e+00,1.000000e-06,3.405977e-09
1.416667e+01,1.364593e+01,4.787307e+00,0.000000e+00,1.000000e-06,8.535289e-09
1.433333e+01,1.426184e+01,5.077706e+00,0.000000e+00,1.000000e-06,4.294659e-09
1.450000e+01,1.475547e+01,5.352372e+00,0.000000e+00,1.000000e-06,3.337308e-09
1.466667e+01,1.523312e+01,5.863230e+00,0.000000e+00,1.000000e-06,3.141939e-09
1.483333e+01,1.551265e+01,6.555291e+00,0.000000e+00,1.000000e-06,1.789768e-09
1.500000e+01,1.587770e+01,7.377736e+00,0.000000e+00,1.000000e-06,2.282804e-09
1.516667e+01,1.641006e+01,7.756324e+00,0.000000e+00,1.000000e-06,3.297926e-09
1.533333e+01,1.692569e+01,7.756324e+00,0.000000e+00,1.000000e-06,3.195440e-09
1.550000e+01,1.726088e+01,8.117275e+00,1.692569e+00,1.000000e-06,2.075089e-09
1.566667e+01,1.758969e+01,8.117275e+00,1.692569e+00,1.000000e-06,2.031125e-09
1.583333e+01,1.799225e+01,8.630441e+00,1.692569e+00,1.000000e-06,2.781561e-09
1.600000e+01,1.846375e+01,9.114762e+00,1.692569e+00,1.000000e-06,3.657015e-09
1.616667e+01,1.877150e+01,9.574615e+00,1.692569e+00,1.000000e-06,2.670916e-09
1.633333e+01,1.929825e+01,9.574615e+00,1.692569e+00,1.000000e-06,5.121161e-09
1.650000e+01,1.951966e+01,9.723067e+00,1.692569e+00,1.000000e-06,2.404345e-09
1.666667e+01,2.009814e+01,9.869287e+00,1.692569e+00,1.000000e-06,7.024999e-09
1.683333e+01,2.066043e+01,1.015541e+01,1.692569e+00,1.000000e-06,7.697033e-09
1.700000e+01,2.127526e+01,1.096910e+01,1.692569e+00,1.000000e-06,9.487757e-09
1.716667e+01,2.160927e+01,1.122723e+01,1.692569e+00,1.000000e-06,5.774428e-09
1.733333e+01,2.193820e+01,1.135410e+01,1.692569e+00,1.000000e-06,6.325783e-09
1.750000e+01,2.213321e+01,1.172646e+01,1.692569e+00,1.000000e-06,4.157426e-09
1.766667e+01,2.245446e+01,1.208736e+01,1.692569e+00,1.000000e-06,7.589986e-09
1.783333e+01,2.264503e+01,1.255243e+01,1.692569e+00,1.000000e-06,4.987701e-09
1.800000e+01,2.270819e+01,1.289022e+01,1.692569e+00,1.000000e-06,1.820612e-09
1.816667e+01,2.295912e+01,1.354055e+01,1.692569e+00,1.000000e-06,7.974363e-09
1.833333e+01,2.320733e+01,1.395728e+01,1.692569e+00,1.000000e-06,8.730460e-09
1.850000e+01,2.369596e+01,1.446131e+01,1.692569e+00,1.000000e-06,1.911417e-08
1.866667e+01,2.381655e+01,1.465808e+01,1.692569e+00,1.000000e-06,5.227495e-09
1.883333e+01,2.405592e+01,1.475547e+01,1.692569e+00,1.000000e-06,1.143216e-08
1.900000e+01,2.429293e+01,1.523312e+01,1.692569e+00,1.000000e-06,1.249197e-08
1.916667e+01,2.441057e+01,1.542004e+01,1.692569e+00,1.000000e-06,6.818065e-09
1.933333e+01,2.446918e+01,1.560471e+01,1.692569e+00,1.000000e-06,3.715955e-09
1.950000e+01,2.452765e+01,1.569624e+01,1.692569e+00,1.000000e-06,4.043232e-09
1.966667e+01,2.470223e+01,1.614608e+01,1.692569e+00,1.000000e-06,1.316713e-08
1.983333e+01,2.504773e+01,1.649712e+01,1.692569e+00,1.000000e-06,2.849665e-08
2.000000e+01,2.521871e+01,1.649712e+01,1.692569e+00,1.000000e-06,1.534004e-08
2.016667e+01,2.533205e+01,1.675558e+01,1.692569e+00,1.000000e-06,1.094263e-08
2.033333e+01,2.544489e+01,1.692569e+01,1.692569e+00,1.000000e-06,1.161760e-08
2.050000e+01,2.555723e+01,1.750807e+01,1.692569e+00,1.000000e-06,1.220753e-08
2.066667e+01,2.566908e+01,1.775181e+01,1.692569e+00,1.000000e-06,1.266325e-08
2.083333e+01,2.572482e+01,1.815078e+01,1.692569e+00,1.000000e-06,6.462201e-09
2.100000e+01,2.589132e+01,1.822952e+01,1.692569e+00,1.000000e-06,1.936243e-08
2.116667e+01,2.611168e+01,1.830793e+01,1.692569e+00,1.000000e-06,2.514859e-08
2.133333e+01,2.638454e+01,1.854116e+01,1.692569e+00,1.000000e-06,2.985019e-08
2.150000e+01,2.643877e+01,1.884765e+01,1.692569e+00,1.000000e-06,5.530739e-09
2.166667e+01,2.665460e+01,1.907428e+01,1.692569e+00,1.000000e-06,1.972146e-08
2.183333e+01,2.676186e+01,1.944613e+01,1.692569e+00,1.000000e-06,8.590506e-09
2.200000e+01,2.692195e+01,1.959290e+01,1.692569e+00,1.000000e-06,1.102417e-08
2.216667e+01,2.713394e+01,1.973857e+01,1.692569e+00,1.000000e-06,1.239077e-08
2.233333e+01,2.723932e+01,2.016928e+01,1.692569e+00,1.000000e-06,5.155617e-09
2.250000e+01,2.729185e+01,2.038123e+01,1.692569e+00,1.000000e-06,2.125764e-09
2.266667e+01,2.729185e+01,2.059099e+01,1.692569e+00,1.000000e-06,0.000000e+00
2.283333e+01,2.739662e+01,2.072965e+01,1.692569e+00,1.000000e-06,2.835194e-09
2.300000e+01,2.744885e+01,2.093592e+01,1.692569e+00,1.000000e-06,1.149477e-09
2.316667e+01,2.760496e+01,2.093592e+01,1.692569e+00,1.000000e-06,2.790602e-09
2.333333e+01,2.765680e+01,2.107231e+01,1.692569e+00,1.000000e-06,7.483455e-10
2.350000e+01,2.770854e+01,2.114018e+01,1.692569e+00,1.000000e-06,6.024908e-10
2.366667e+01,2.770854e+01,2.147629e+01,1.692569e+00,1.000000e-06,0.000000e+00
2.383333e+01,2.786320e+01,2.154288e+01,1.692569e+00,1.000000e-06,1.175766e-09
2.400000e+01,2.796583e+01,2.193820e+01,2.393654e+00,1.000000e-06,6.316389e-10
2.416667e+01,2.811906e+01,2.206840e+01,2.393654e+00,1.000000e-06,7.658553e-10
2.433333e+01,2.827147e+01,2.219783e+01,2.393654e+00,1.000000e-06,6.222747e-10
2.450000e+01,2.847341e+01,2.251816e+01,2.393654e+00,1.000000e-06,6.739984e-10
2.466667e+01,2.862393e+01,2.270819e+01,2.393654e+00,1.000000e-06,4.089565e-10
2.483333e+01,2.892263e+01,2.283400e+01,2.393654e+00,1.000000e-06,6.665262e-10
2.500000e+01,2.926725e+01,2.295912e+01,2.393654e+00,1.000000e-06,6.356172e-10
2.516667e+01,2.951094e+01,2.314553e+01,2.931615e+00,1.000000e-06,3.740252e-10
2.533333e+01,2.989672e+01,2.326897e+01,2.931615e+00,1.000000e-06,4.968802e-10
2.550000e+01,3.008776e+01,2.351392e+01,3.385138e+00,1.000000e-06,2.068258e-10
2.566667e+01,3.070042e+01,2.381655e+01,3.784699e+00,1.000000e-06,5.645476e-10
2.583333e+01,3.070042e+01,2.411539e+01,4.478116e+00,1.000000e-06,0.000000e+00
2.600000e+01,3.097909e+01,2.429293e+01,5.077706e+00,1.000000e-06,1.912410e-10
2.616667e+01,3.125529e+01,2.441057e+01,5.613615e+00,1.000000e-06,1.673562e-10
2.633333e+01,3.157446e+01,2.464417e+01,6.555291e+00,1.000000e-06,1.729757e-10
2.650000e+01,3.198014e+01,2.481793e+01,7.180961e+00,1.000000e-06,1.985772e-10
2.666667e+01,3.264508e+01,2.499048e+01,8.291860e+00,1.000000e-06,3.000083e-10
2.683333e+01,3.286374e+01,2.550112e+01,8.956232e+00,1.000000e-06,9.101848e-11
2.700000e+01,3.312422e+01,2.578044e+01,9.114762e+00,1.000000e-06,1.010631e-10
2.716667e+01,3.355387e+01,2.594659e+01,9.574615e+00,1.000000e-06,1.573917e-10
2.733333e+01,3.418821e+01,2.633019e+01,1.029549e+01,1.000000e-06,2.201210e-10
2.750000e+01,3.448025e+01,2.649289e+01,1.184798e+01,1.000000e-06,9.590442e-11
2.766667e+01,3.489320e+01,2.676186e+01,1.208736e+01,1.000000e-06,1.288807e-10
2.783333e+01,3.546325e+01,2.708110e+01,1.255243e+01,1.000000e-06,1.739442e-10
2.800000e+01,3.578492e+01,2.729185e+01,1.289022e+01,1.000000e-06,9.555675e-11
2.816667e+01,3.626208e+01,2.750099e+01,1.311058e+01,1.000000e-06,1.378792e-10
2.833333e+01,3.681094e+01,2.770854e+01,1.343435e+01,1.000000e-06,1.552199e-10
2.850000e+01,3.719803e+01,2.806808e+01,1.436192e+01,1.000000e-06,1.070238e-10
2.866667e+01,3.735174e+01,2.842306e+01,1.485223e+01,1.000000e-06,4.141636e-11
2.883333e+01,3.799807e+01,2.857385e+01,1.523312e+01,1.000000e-06,1.727236e-10
2.900000e+01,3.848501e+01,2.892263e+01,1.569624e+01,1.000000e-06,1.301668e-10
2.916667e+01,3.885542e+01,2.912005e+01,1.605712e+01,1.000000e-06,9.872048e-11
2.933333e+01,3.925884e+01,2.936497e+01,1.658372e+01,1.000000e-06,1.073253e-10
2.950000e+01,3.965815e+01,2.975264e+01,1.684085e+01,1.000000e-06,1.062579e-10
2.966667e+01,3.987428e+01,3.023024e+01,1.709411e+01,1.000000e-06,5.757733e-11
2.983333e+01,4.019628e+01,3.084007e+01,1.726088e+01,1.000000e-06,8.559725e-11
3.000000e+01,4.051573e+01,3.093282e+01,1.767094e+01,1.000000e-06,8.462309e-11
3.016667e+01,4.097275e+01,3.152906e+01,1.815078e+01,1.000000e-06,1.202909e-10
3.033333e+01,4.142473e+01,3.184549e+01,1.861826e+01,1.000000e-06,1.186300e-10
3.050000e+01,4.183762e+01,3.211423e+01,1.892349e+01,1.000000e-06,1.087464e-10
3.066667e+01,4.204254e+01,3.242495e+01,1.937233e+01,1.000000e-06,5.431329e-11
3.083333e+01,4.258417e+01,3.286374e+01,1.951966e+01,1.000000e-06,1.448476e-10
3.100000e+01,4.288583e+01,3.338267e+01,2.002674e+01,1.000000e-06,8.181194e-11
3.116667e+01,4.328478e+01,3.380903e+01,2.031083e+01,1.000000e-06,1.089998e-10
3.133333e+01,4.364728e+01,3.414629e+01,2.072965e+01,1.000000e-06,1.004967e-10
3.150000e+01,4.390903e+01,3.439706e+01,2.079863e+01,1.000000e-06,7.366171e-11
3.166667e+01,4.436339e+01,3.472861e+01,2.100423e+01,1.000000e-06,1.301863e-10
3.183333e+01,4.474916e+01,3.517938e+01,2.127526e+01,1.000000e-06,1.123511e-10
3.200000e+01,4.494081e+01,3.554394e+01,2.154288e+01,1.000000e-06,5.659585e-11
3.216667e+01,4.541639e+01,3.586489e+01,2.174144e+01,1.000000e-06,1.428787e-10
3.233333e+01,4.566800e+01,3.638039e+01,2.193820e+01,1.000000e-06,7.687157e-11
3.250000e+01,4.591824e+01,3.669402e+01,2.226227e+01,1.000000e-06,7.756097e-11
3.266667e+01,4.626011e+01,3.708232e+01,2.251816e+01,1.000000e-06,1.075797e-10
3.283333e+01,4.659946e+01,3.739007e+01,2.264503e+01,1.000000e-06,1.087176e-10
3.300000e+01,4.702783e+01,3.769530e+01,2.295912e+01,1.000000e-06,1.401228e-10
3.316667e+01,4.739193e+01,3.784699e+01,2.302142e+01,1.000000e-06,1.215341e-10
3.333333e+01,4.778323e+01,3.807339e+01,2.333045e+01,1.000000e-06,1.333753e-10
3.350000e+01,4.823079e+01,3.829846e+01,2.351392e+01,1.000000e-06,1.554874e-10
3.366667e+01,4.861534e+01,3.855938e+01,2.381655e+01,1.000000e-06,1.367550e-10
3.383333e+01,4.882115e+01,3.863360e+01,2.411539e+01,1.000000e-06,7.484620e-11
3.400000e+01,4.908449e+01,3.896586e+01,2.423390e+01,1.000000e-06,9.822725e-11
3.416667e+01,4.943344e+01,3.929531e+01,2.452765e+01,1.000000e-06,1.343736e-10
3.433333e+01,4.983746e+01,3.969426e+01,2.458598e+01,1.000000e-06,1.605729e-10
3.450000e+01,5.009546e+01,4.023190e+01,2.481793e+01,1.000000e-06,1.058303e-10
3.466667e+01,5.035214e+01,4.044496e+01,2.499048e+01,1.000000e-06,1.081184e-10
3.483333e+01,5.066410e+01,4.079758e+01,2.527544e+01,1.000000e-06,1.354129e-10
3.500000e+01,5.097415e+01,4.111235e+01,2.533205e+01,1.000000e-06,1.386607e-10
3.516667e+01,5.128232e+01,4.125148e+01,2.544489e+01,1.000000e-06,1.428870e-10
3.533333e+01,5.161641e+01,4.159727e+01,2.555723e+01,1.000000e-06,1.595332e-10
3.550000e+01,5.186557e+01,4.187184e+01,2.578044e+01,1.000000e-06,1.223386e-10
3.566667e+01,5.203101e+01,4.228035e+01,2.589132e+01,1.000000e-06,8.318299e-11
3.583333e+01,5.246963e+01,4.258417e+01,2.600173e+01,1.000000e-06,2.261348e-10
3.600000e+01,5.279621e+01,4.291922e+01,2.616648e+01,1.000000e-06,1.724696e-10
3.616667e+01,5.298578e+01,4.315221e+01,2.627573e+01,1.000000e-06,1.019998e-10
3.633333e+01,5.322853e+01,4.354871e+01,2.643877e+01,1.000000e-06,1.329501e-10
3.650000e+01,5.355048e+01,4.410433e+01,2.649289e+01,1.000000e-06,1.791313e-10
3.666667e+01,5.389709e+01,4.433109e+01,2.649289e+01,1.000000e-06,1.951475e-10
3.683333e+01,5.408280e+01,4.458883e+01,2.670828e+01,1.000000e-06,1.049601e-10
3.700000e+01,5.421507e+01,4.484509e+01,2.676186e+01,1.000000e-06,7.417681e-11
3.716667e+01,5.450492e+01,4.529005e+01,2.686870e+01,1.000000e-06,1.610671e-10
3.733333e+01,5.463616e+01,4.544791e+01,2.702816e+01,1.000000e-06,7.166457e-11
3.750000e+01,5.492379e+01,4.563663e+01,2.734429e+01,1.000000e-06,1.526707e-10
3.766667e+01,5.510605e+01,4.594942e+01,2.750099e+01,1.000000e-06,9.387046e-11
3.783333e+01,5.528770e+01,4.629106e+01,2.760496e+01,1.000000e-06,9.107633e-11
3.800000e+01,5.562349e+01,4.666090e+01,2.776019e+01,1.000000e-06,1.634816e-10
3.816667e+01,5.590604e+01,4.699736e+01,2.801700e+01,1.000000e-06,1.332170e-10
3.833333e+01,5.628905e+01,4.733144e+01,2.822076e+01,1.000000e-06,1.747514e-10
3.850000e+01,5.644152e+01,4.757293e+01,2.837262e+01,1.000000e-06,6.731820e-11
3.866667e+01,5.669474e+01,4.790298e+01,2.847341e+01,1.000000e-06,1.077911e-10
3.883333e+01,5.682092e+01,4.837905e+01,2.892263e+01,1.000000e-06,5.163284e-11
3.900000e+01,5.692167e+01,4.867423e+01,2.916920e+01,1.000000e-06,3.939466e-11
3.916667e+01,5.719781e+01,4.887979e+01,2.931615e+01,1.000000e-06,1.040698e-10
3.933333e+01,5.737284e+01,4.908449e+01,2.936497e+01,1.000000e-06,6.366190e-11
3.950000e+01,5.769649e+01,4.934643e+01,2.970446e+01,1.000000e-06,1.127209e-10
3.966667e+01,5.787001e+01,4.975116e+01,3.013533e+01,1.000000e-06,5.755005e-11
3.983333e+01,5.828928e+01,5.003824e+01,3.046624e+01,1.000000e-06,1.330731e-10
4.000000e+01,5.846104e+01,5.043741e+01,3.074704e+01,1.000000e-06,5.231621e-11
4.016667e+01,5.870555e+01,5.066410e+01,3.125529e+01,1.000000e-06,7.140863e-11
4.033333e+01,5.892473e+01,5.100224e+01,3.171027e+01,1.000000e-06,6.137106e-11
4.050000e+01,5.923991e+01,5.131024e+01,3.206960e+01,1.000000e-06,8.526747e-11
4.066667e+01,5.950529e+01,5.156088e+01,3.233648e+01,1.000000e-06,6.962390e-11
4.083333e+01,5.964954e+01,5.172729e+01,3.255721e+01,1.000000e-06,3.667740e-11
4.100000e+01,6.005638e+01,5.192077e+01,3.299424e+01,1.000000e-06,1.003419e-10
4.116667e+01,6.031817e+01,5.208604e+01,3.338267e+01,1.000000e-06,6.264769e-11
4.133333e+01,6.055518e+01,5.230558e+01,3.359653e+01,1.000000e-06,5.520839e-11
4.150000e+01,6.088544e+01,5.274192e+01,3.402021e+01,1.000000e-06,7.516930e-11
4.166667e+01,6.109681e+01,5.285044e+01,3.439706e+01,1.000000e-06,4.695287e-11
4.183333e+01,6.123732e+01,5.317468e+01,3.489320e+01,1.000000e-06,3.050997e-11
4.200000e+01,6.149408e+01,5.338975e+01,3.546325e+01,1.000000e-06,5.460943e-11
4.216667e+01,6.168014e+01,5.349695e+01,3.574487e+01,1.000000e-06,3.892138e-11
4.233333e+01,6.188879e+01,5.376404e+01,3.590481e+01,1.000000e-06,4.315533e-11
4.250000e+01,6.223500e+01,5.397676e+01,3.638039e+01,1.000000e-06,7.090326e-11
4.266667e+01,6.269362e+01,5.439970e+01,3.681094e+01,1.000000e-06,9.287594e-11
4.283333e+01,6.292168e+01,5.468857e+01,3.742836e+01,1.000000e-06,4.573697e-11
4.300000e+01,6.319427e+01,5.479324e+01,3.780912e+01,1.000000e-06,5.407434e-11
4.316667e+01,6.353336e+01,5.502801e+01,3.818609e+01,1.000000e-06,6.686404e-11
4.333333e+01,6.400506e+01,5.526179e+01,3.889227e+01,1.000000e-06,9.283360e-11
4.350000e+01,6.431761e+01,5.552038e+01,3.907598e+01,1.000000e-06,6.139438e-11
4.366667e+01,6.467296e+01,5.588041e+01,3.947715e+01,1.000000e-06,7.013275e-11
4.383333e+01,6.513641e+01,5.603400e+01,4.001771e+01,1.000000e-06,9.166544e-11
4.400000e+01,6.533403e+01,5.644152e+01,4.016063e+01,1.000000e-06,3.911139e-11
4.416667e+01,6.566207e+01,5.659359e+01,4.040953e+01,1.000000e-06,6.522135e-11
4.433333e+01,6.587986e+01,5.684613e+01,4.069211e+01,1.000000e-06,4.331013e-11
4.450000e+01,6.622682e+01,5.699711e+01,4.100770e+01,1.000000e-06,6.895710e-11
4.466667e+01,6.657198e+01,5.724787e+01,4.132087e+01,1.000000e-06,6.853408e-11
4.483333e+01,6.691536e+01,5.747262e+01,4.159727e+01,1.000000e-06,6.806732e-11
4.500000e+01,6.727828e+01,5.784525e+01,4.183762e+01,1.000000e-06,7.178720e-11
4.516667e+01,6.759688e+01,5.811700e+01,4.204254e+01,1.000000e-06,6.286009e-11
4.533333e+01,6.789290e+01,5.846104e+01,4.234806e+01,1.000000e-06,5.812021e-11
4.550000e+01,6.816662e+01,5.897333e+01,4.261779e+01,1.000000e-06,5.335274e-11
4.566667e+01,6.846017e+01,5.931240e+01,4.308577e+01,1.000000e-06,5.680366e-11
4.583333e+01,6.885656e+01,5.967355e+01,4.348288e+01,1.000000e-06,7.605908e-11
4.600000e+01,6.927136e+01,5.998479e+01,4.384374e+01,1.000000e-06,7.928130e-11
4.616667e+01,6.947783e+01,6.019932e+01,4.403932e+01,1.000000e-06,3.927037e-11
4.633333e+01,6.992993e+01,6.043679e+01,4.436339e+01,1.000000e-06,8.575656e-11
4.650000e+01,7.015488e+01,6.072054e+01,4.452453e+01,1.000000e-06,4.245014e-11
4.666667e+01,7.048081e+01,6.116710e+01,4.497267e+01,1.000000e-06,6.118217e-11
4.683333e+01,7.078500e+01,6.142416e+01,4.525841e+01,1.000000e-06,5.670801e-11
4.700000e+01,7.106774e+01,6.165691e+01,4.544791e+01,1.000000e-06,5.250552e-11
4.716667e+01,7.148974e+01,6.191193e+01,4.573069e+01,1.000000e-06,7.816051e-11
4.733333e+01,7.180961e+01,6.221198e+01,4.588703e+01,1.000000e-06,5.900782e-11
4.750000e+01,7.218761e+01,6.241885e+01,4.622913e+01,1.000000e-06,6.931224e-11
4.766667e+01,7.252415e+01,6.273930e+01,4.666090e+01,1.000000e-06,6.122124e-11
4.783333e+01,7.280013e+01,6.301268e+01,4.714951e+01,1.000000e-06,4.980575e-11
4.800000e+01,7.305547e+01,6.335274e+01,4.742214e+01,1.000000e-06,4.580916e-11
4.816667e+01,7.344656e+01,6.360096e+01,4.781319e+01,1.000000e-06,7.017138e-11
4.833333e+01,7.377736e+01,6.380333e+01,4.826047e+01,1.000000e-06,5.943153e-11
4.850000e+01,7.437679e+01,6.407217e+01,4.849734e+01,1.000000e-06,1.084014e-10
4.866667e+01,7.462674e+01,6.420616e+01,4.896763e+01,1.000000e-06,4.563544e-11
4.883333e+01,7.487584e+01,6.458431e+01,4.923019e+01,1.000000e-06,4.576743e-11
4.900000e+01,7.527651e+01,6.487199e+01,4.943344e+01,1.000000e-06,7.451572e-11
4.916667e+01,7.569398e+01,6.509242e+01,4.983746e+01,1.000000e-06,7.863400e-11
4.933333e+01,7.609033e+01,6.546544e+01,5.023822e+01,1.000000e-06,7.550501e-11
4.950000e+01,7.637218e+01,6.579283e+01,5.043741e+01,1.000000e-06,5.438061e-11
4.966667e+01,7.667168e+01,6.594505e+01,5.077706e+01,1.000000e-06,5.860217e-11
4.983333e+01,7.691417e+01,6.631328e+01,5.111446e+01,1.000000e-06,4.800459e-11
5.000000e+01,7.726720e+01,6.659349e+01,5.144964e+01,1.000000e-06,7.086921e-11
5.016667e+01,7.747085e+01,6.695816e+01,5.164415e+01,1.000000e-06,4.150110e-11
5.033333e+01,7.778454e+01,6.732084e+01,5.178265e+01,1.000000e-06,6.494301e-11
5.050000e+01,7.807862e+01,6.751207e+01,5.203101e+01,1.000000e-06,6.174722e-11
5.066667e+01,7.835332e+01,6.778733e+01,5.230558e+01,1.000000e-06,5.821311e-11
5.083333e+01,7.849943e+01,6.799830e+01,5.255147e+01,1.000000e-06,3.122092e-11
5.100000e+01,7.882720e+01,6.839737e+01,5.276907e+01,1.000000e-06,7.063083e-11
5.116667e+01,7.917170e+01,6.883575e+01,5.298578e+01,1.000000e-06,7.493567e-11
5.133333e+01,7.942459e+01,6.920930e+01,5.328232e+01,1.000000e-06,5.541152e-11
5.150000e+01,7.973059e+01,6.941596e+01,5.355048e+01,1.000000e-06,6.741487e-11
5.166667e+01,8.012485e+01,6.968369e+01,5.371073e+01,1.000000e-06,8.748694e-11
5.183333e+01,8.039256e+01,6.984795e+01,5.397676e+01,1.000000e-06,5.986992e-11
5.200000e+01,8.065938e+01,7.025690e+01,5.416220e+01,1.000000e-06,5.999325e-11
5.216667e+01,8.094302e+01,7.054175e+01,5.442602e+01,1.000000e-06,6.415643e-11
5.233333e+01,8.126093e+01,7.090631e+01,5.471476e+01,1.000000e-06,7.220448e-11
5.250000e+01,8.152491e+01,7.104758e+01,5.489770e+01,1.000000e-06,6.025957e-11
5.266667e+01,8.173548e+01,7.138949e+01,5.500197e+01,1.000000e-06,4.831695e-11
5.283333e+01,8.212011e+01,7.170981e+01,5.520992e+01,1.000000e-06,8.870438e-11
5.300000e+01,8.257238e+01,7.194910e+01,5.541709e+01,1.000000e-06,1.045738e-10
5.316667e+01,8.283218e+01,7.236597e+01,5.564923e+01,1.000000e-06,6.008826e-11
5.333333e+01,8.303943e+01,7.256364e+01,5.595725e+01,1.000000e-06,4.785630e-11
5.350000e+01,8.343523e+01,7.276077e+01,5.618716e+01,1.000000e-06,9.119942e-11
5.366667e+01,8.365811e+01,7.305547e+01,5.633992e+01,1.000000e-06,5.130275e-11
5.383333e+01,8.388040e+01,7.346606e+01,5.666947e+01,1.000000e-06,5.098883e-11
5.400000e+01,8.417020e+01,7.371909e+01,5.699711e+01,1.000000e-06,6.615086e-11
5.416667e+01,8.442508e+01,7.391314e+01,5.709755e+01,1.000000e-06,5.797444e-11
5.433333e+01,8.466228e+01,7.410668e+01,5.739780e+01,1.000000e-06,5.382627e-11
5.450000e+01,8.486507e+01,7.439605e+01,5.762196e+01,1.000000e-06,4.570289e-11
5.466667e+01,8.513469e+01,7.468430e+01,5.782049e+01,1.000000e-06,6.038953e-11
5.483333e+01,8.531957e+01,7.495233e+01,5.814165e+01,1.000000e-06,4.111076e-11
5.500000e+01,8.562123e+01,7.525748e+01,5.841202e+01,1.000000e-06,6.655683e-11
5.516667e+01,8.587180e+01,7.554244e+01,5.870555e+01,1.000000e-06,5.501477e-11
5.533333e+01,8.615491e+01,7.584521e+01,5.882742e+01,1.000000e-06,6.178240e-11
5.550000e+01,8.650335e+01,7.616559e+01,5.914311e+01,1.000000e-06,7.573106e-11
5.566667e+01,8.680089e+01,7.652208e+01,5.933655e+01,1.000000e-06,6.412655e-11
5.583333e+01,8.701516e+01,7.689554e+01,5.962552e+01,1.000000e-06,4.576908e-11
5.600000e+01,8.721247e+01,7.715589e+01,6.003253e+01,1.000000e-06,4.163574e-11
5.616667e+01,8.758941e+01,7.748934e+01,6.038937e+01,1.000000e-06,7.860922e-11
5.633333e+01,8.783437e+01,7.785816e+01,6.069694e+01,1.000000e-06,5.060211e-11
5.650000e+01,8.804612e+01,7.802356e+01,6.097947e+01,1.000000e-06,4.327968e-11
5.666667e+01,8.820866e+01,7.828016e+01,6.126070e+01,1.000000e-06,3.287085e-11
5.683333e+01,8.841951e+01,7.851768e+01,6.137750e+01,1.000000e-06,4.223399e-11
5.700000e+01,8.869448e+01,7.869990e+01,6.177296e+01,1.000000e-06,5.456543e-11
5.716667e+01,8.896860e+01,7.893615e+01,6.214286e+01,1.000000e-06,5.375868e-11
5.733333e+01,8.920977e+01,7.918979e+01,6.253349e+01,1.000000e-06,4.691350e-11
5.750000e+01,8.946631e+01,7.946065e+01,6.280776e+01,1.000000e-06,4.961841e-11
5.766667e+01,8.978595e+01,7.976651e+01,6.298994e+01,1.000000e-06,6.167016e-11
5.783333e+01,9.005675e+01,8.001752e+01,6.335274e+01,1.000000e-06,5.206608e-11
5.800000e+01,9.045351e+01,8.019633e+01,6.353336e+01,1.000000e-06,7.588990e-11
5.816667e+01,9.072232e+01,8.051719e+01,6.384822e+01,1.000000e-06,5.126304e-11
5.833333e+01,9.100607e+01,8.097840e+01,6.413920e+01,1.000000e-06,5.379900e-11
5.850000e+01,9.135168e+01,8.126093e+01,6.442887e+01,1.000000e-06,6.509425e-11
5.866667e+01,9.157094e+01,8.138423e+01,6.469511e+01,1.000000e-06,4.100686e-11
5.883333e+01,9.194559e+01,8.159516e+01,6.513641e+01,1.000000e-06,6.962339e-11
5.900000e+01,9.221005e+01,8.189305e+01,6.542167e+01,1.000000e-06,4.881091e-11
5.916667e+01,9.244277e+01,8.231176e+01,6.587986e+01,1.000000e-06,4.277979e-11
5.933333e+01,9.276759e+01,8.264174e+01,6.618355e+01,1.000000e-06,5.946449e-11
5.950000e+01,9.306050e+01,8.293587e+01,6.642119e+01,1.000000e-06,5.351165e-11
5.966667e+01,9.339851e+01,8.326337e+01,6.661500e+01,1.000000e-06,6.165268e-11
5.983333e+01,9.375059e+01,8.355532e+01,6.704367e+01,1.000000e-06,6.404158e-11
6.000000e+01,9.402520e+01,8.376078e+01,6.755449e+01,1.000000e-06,4.956485e-11
6.016667e+01,9.432939e+01,8.403395e+01,6.785069e+01,1.000000e-06,5.462638e-11
6.033333e+01,9.463261e+01,8.415318e+01,6.820863e+01,1.000000e-06,5.442574e-11
6.050000e+01,9.487448e+01,8.447597e+01,6.843924e+01,1.000000e-06,4.332362e-11
6.066667e+01,9.517596e+01,8.478063e+01,6.889815e+01,1.000000e-06,5.394485e-11
6.083333e+01,9.540144e+01,8.510104e+01,6.922999e+01,1.000000e-06,4.016024e-11
6.100000e+01,9.580597e+01,8.548729e+01,6.953966e+01,1.000000e-06,7.212327e-11
6.116667e+01,9.610452e+01,8.578836e+01,6.990944e+01,1.000000e-06,5.329997e-11
6.133333e+01,9.640215e+01,8.620477e+01,7.019571e+01,1.000000e-06,5.316565e-11
6.150000e+01,9.669887e+01,8.651990e+01,7.037912e+01,1.000000e-06,5.305928e-11
6.166667e+01,9.718647e+01,8.685038e+01,7.076476e+01,1.000000e-06,8.732051e-11
6.183333e+01,9.755424e+01,8.711387e+01,7.108789e+01,1.000000e-06,6.568281e-11
6.200000e+01,9.790600e+01,8.740934e+01,7.150978e+01,1.000000e-06,6.264697e-11
6.216667e+01,9.824192e+01,8.780175e+01,7.178966e+01,1.000000e-06,5.967799e-11
6.233333e+01,9.847492e+01,8.812742e+01,7.204858e+01,1.000000e-06,4.132294e-11
6.250000e+01,9.877991e+01,8.840330e+01,7.230657e+01,1.000000e-06,5.394423e-11
6.266667e+01,9.914177e+01,8.874291e+01,7.266227e+01,1.000000e-06,6.385763e-11
6.283333e+01,9.944472e+01,8.900080e+01,7.283948e+01,1.000000e-06,5.332093e-11
6.300000e+01,9.971802e+01,8.919372e+01,7.311427e+01,1.000000e-06,4.805023e-11
6.316667e+01,9.999057e+01,8.946631e+01,7.342706e+01,1.000000e-06,4.776459e-11
6.333333e+01,1.002338e+02,8.970614e+01,7.371909e+01,1.000000e-06,4.248284e-11
6.350000e+01,1.005904e+02,8.999310e+01,7.408735e+01,1.000000e-06,6.224431e-11
6.366667e+01,1.009742e+02,9.039014e+01,7.433827e+01,1.000000e-06,6.709314e-11
6.383333e+01,1.012999e+02,9.058011e+01,7.466511e+01,1.000000e-06,5.714730e-11
6.400000e+01,1.015682e+02,9.088007e+01,7.506690e+01,1.000000e-06,4.712997e-11
6.416667e+01,1.018358e+02,9.119475e+01,7.525748e+01,1.000000e-06,4.706739e-11
6.433333e+01,1.020326e+02,9.139871e+01,7.556140e+01,1.000000e-06,3.475580e-11
6.450000e+01,1.022989e+02,9.172723e+01,7.599615e+01,1.000000e-06,4.717593e-11
6.466667e+01,1.027042e+02,9.202345e+01,7.624078e+01,1.000000e-06,7.207880e-11
6.483333e+01,1.031356e+02,9.228769e+01,7.655951e+01,1.000000e-06,7.731504e-11
6.500000e+01,1.034130e+02,9.261306e+01,7.689554e+01,1.000000e-06,4.997248e-11
6.516667e+01,1.037864e+02,9.293728e+01,7.723011e+01,1.000000e-06,6.769998e-11
6.533333e+01,1.040345e+02,9.327574e+01,7.743386e+01,1.000000e-06,4.528567e-11
6.550000e+01,1.043507e+02,9.368945e+01,7.785816e+01,1.000000e-06,5.808827e-11
6.566667e+01,1.046248e+02,9.388800e+01,7.806027e+01,1.000000e-06,5.057185e-11
6.583333e+01,1.048983e+02,9.414700e+01,7.828016e+01,1.000000e-06,5.079384e-11
6.600000e+01,1.051302e+02,9.431421e+01,7.871810e+01,1.000000e-06,4.326411e-11
6.616667e+01,1.054703e+02,9.454175e+01,7.895430e+01,1.000000e-06,6.363861e-11
6.633333e+01,1.058363e+02,9.490467e+01,7.922596e+01,1.000000e-06,6.903103e-11
6.650000e+01,1.061066e+02,9.517596e+01,7.956874e+01,1.000000e-06,5.130331e-11
6.666667e+01,1.064705e+02,9.559643e+01,7.978447e+01,1.000000e-06,6.942111e-11
6.683333e+01,1.067124e+02,9.588070e+01,8.016060e+01,1.000000e-06,4.648137e-11
6.700000e+01,1.069403e+02,9.616412e+01,8.033909e+01,1.000000e-06,4.404989e-11
6.716667e+01,1.073414e+02,9.640215e+01,8.060609e+01,1.000000e-06,7.818214e-11
6.733333e+01,1.075148e+02,9.669887e+01,8.087220e+01,1.000000e-06,3.399831e-11
6.750000e+01,1.078606e+02,9.706849e+01,8.108447e+01,1.000000e-06,6.835409e-11
6.766667e+01,1.082450e+02,9.746610e+01,8.145460e+01,1.000000e-06,7.661933e-11
6.783333e+01,1.085358e+02,9.771562e+01,8.177052e+01,1.000000e-06,5.827355e-11
6.800000e+01,1.088126e+02,9.812520e+01,8.203286e+01,1.000000e-06,5.582834e-11
6.816667e+01,1.091018e+02,9.851855e+01,8.238134e+01,1.000000e-06,5.874991e-11
6.833333e+01,1.093509e+02,9.873640e+01,8.262440e+01,1.000000e-06,5.097325e-11
6.850000e+01,1.096518e+02,9.904058e+01,8.300492e+01,1.000000e-06,6.204678e-11
6.866667e+01,1.100951e+02,9.945912e+01,8.321175e+01,1.000000e-06,9.218146e-11
6.883333e+01,1.103550e+02,9.967491e+01,8.348671e+01,1.000000e-06,5.451494e-11
6.900000e+01,1.106272e+02,1.000908e+02,8.379497e+01,1.000000e-06,5.741470e-11
6.916667e+01,1.109762e+02,1.005335e+02,8.410210e+01,1.000000e-06,7.403292e-11
6.933333e+01,1.112341e+02,1.008890e+02,8.439115e+01,1.000000e-06,5.503160e-11
6.950000e+01,1.115684e+02,1.011867e+02,8.461151e+01,1.000000e-06,7.188107e-11
6.966667e+01,1.118889e+02,1.015541e+02,8.478063e+01,1.000000e-06,6.949097e-11
6.983333e+01,1.123106e+02,1.019202e+02,8.508420e+01,1.000000e-06,9.223194e-11
7.000000e+01,1.126417e+02,1.021728e+02,8.542024e+01,1.000000e-06,7.279252e-11
7.016667e+01,1.129592e+02,1.024668e+02,8.567140e+01,1.000000e-06,7.012699e-11
7.033333e+01,1.131998e+02,1.026205e+02,8.590516e+01,1.000000e-06,5.342382e-11
7.050000e+01,1.135788e+02,1.028993e+02,8.608838e+01,1.000000e-06,8.460467e-11
7.066667e+01,1.138433e+02,1.032883e+02,8.625461e+01,1.000000e-06,5.932089e-11
7.083333e+01,1.142327e+02,1.035515e+02,8.650335e+01,1.000000e-06,8.743763e-11
7.100000e+01,1.144832e+02,1.039656e+02,8.676788e+01,1.000000e-06,5.596830e-11
7.116667e+01,1.147831e+02,1.042271e+02,8.698223e+01,1.000000e-06,6.663414e-11
7.133333e+01,1.150200e+02,1.046112e+02,8.719604e+01,1.000000e-06,5.232727e-11
7.150000e+01,1.152936e+02,1.049393e+02,8.742572e+01,1.000000e-06,6.002941e-11
7.166667e+01,1.156410e+02,1.052391e+02,8.772014e+01,1.000000e-06,7.554943e-11
7.183333e+01,1.158514e+02,1.056060e+02,8.814368e+01,1.000000e-06,4.533321e-11
7.200000e+01,1.160120e+02,1.058363e+02,8.840330e+01,1.000000e-06,3.430251e-11
7.216667e+01,1.162710e+02,1.062281e+02,8.869448e+01,1.000000e-06,5.499777e-11
7.233333e+01,1.165171e+02,1.064974e+02,8.892029e+01,1.000000e-06,5.192116e-11
7.250000e+01,1.167995e+02,1.066856e+02,8.903298e+01,1.000000e-06,5.916844e-11
7.266667e+01,1.171546e+02,1.069270e+02,8.940224e+01,1.000000e-06,7.392511e-11
7.283333e+01,1.174477e+02,1.073014e+02,8.976999e+01,1.000000e-06,6.035055e-11
7.300000e+01,1.177035e+02,1.075947e+02,9.016802e+01,1.000000e-06,5.223551e-11
7.316667e+01,1.180195e+02,1.078739e+02,9.040599e+01,1.000000e-06,6.410981e-11
7.333333e+01,1.183468e+02,1.082980e+02,9.073810e+01,1.000000e-06,6.614432e-11
7.350000e+01,1.186489e+02,1.086545e+02,9.102181e+01,1.000000e-06,6.071024e-11
7.366667e+01,1.189624e+02,1.090624e+02,9.136736e+01,1.000000e-06,6.263206e-11
7.383333e+01,1.193111e+02,1.093509e+02,9.172723e+01,1.000000e-06,6.924972e-11
7.400000e+01,1.196228e+02,1.096257e+02,9.197675e+01,1.000000e-06,6.143928e-11
7.416667e+01,1.199576e+02,1.099519e+02,9.236526e+01,1.000000e-06,6.559971e-11
7.433333e+01,1.201724e+02,1.103030e+02,9.270581e+01,1.000000e-06,4.169211e-11
7.450000e+01,1.204581e+02,1.106790e+02,9.304511e+01,1.000000e-06,5.511354e-11
7.466667e+01,1.208143e+02,1.109375e+02,9.341385e+01,1.000000e-06,6.837207e-11
7.483333e+01,1.210512e+02,1.112212e+02,9.370474e+01,1.000000e-06,4.527458e-11
7.500000e+01,1.213467e+02,1.115042e+02,9.410134e+01,1.000000e-06,5.626698e-11
7.516667e+01,1.215943e+02,1.118377e+02,9.442046e+01,1.000000e-06,4.697202e-11
7.533333e+01,1.218650e+02,1.121319e+02,9.475362e+01,1.000000e-06,5.124135e-11
7.550000e+01,1.221819e+02,1.124253e+02,9.507055e+01,1.000000e-06,5.997070e-11
7.566667e+01,1.223810e+02,1.125399e+02,9.546148e+01,1.000000e-06,3.765255e-11
7.583333e+01,1.226616e+02,1.127688e+02,9.588070e+01,1.000000e-06,5.307542e-11
7.600000e+01,1.229998e+02,1.130352e+02,9.611943e+01,1.000000e-06,6.421650e-11
7.616667e+01,1.233022e+02,1.132631e+02,9.640215e+01,1.000000e-06,5.770952e-11
7.633333e+01,1.235923e+02,1.136166e+02,9.666924e+01,1.000000e-06,5.555359e-11
7.650000e+01,1.239164e+02,1.139314e+02,9.684688e+01,1.000000e-06,6.228666e-11
7.666667e+01,1.241820e+02,1.142703e+02,9.712749e+01,1.000000e-06,5.111057e-11
7.683333e+01,1.244470e+02,1.146083e+02,9.751018e+01,1.000000e-06,5.091085e-11
7.700000e+01,1.248377e+02,1.147831e+02,9.774493e+01,1.000000e-06,7.501483e-11
7.716667e+01,1.251700e+02,1.149951e+02,9.796450e+01,1.000000e-06,6.392190e-11
7.733333e+01,1.254329e+02,1.153061e+02,9.815440e+01,1.000000e-06,5.056184e-11
7.750000e+01,1.256953e+02,1.155294e+02,9.851855e+01,1.000000e-06,5.034579e-11
7.766667e+01,1.260026e+02,1.158143e+02,9.880891e+01,1.000000e-06,5.867188e-11
7.783333e+01,1.262752e+02,1.161230e+02,9.915622e+01,1.000000e-06,5.189240e-11
7.800000e+01,1.266489e+02,1.164556e+02,9.951671e+01,1.000000e-06,7.098145e-11
7.816667e+01,1.268975e+02,1.166768e+02,9.984721e+01,1.000000e-06,4.713723e-11
7.833333e+01,1.273032e+02,1.168853e+02,1.001623e+02,1.000000e-06,7.705616e-11
7.850000e+01,1.275056e+02,1.171791e+02,1.004337e+02,1.000000e-06,3.847624e-11
7.866667e+01,1.277973e+02,1.175208e+02,1.006901e+02,1.000000e-06,5.552454e-11
7.883333e+01,1.280996e+02,1.179102e+02,1.008748e+02,1.000000e-06,5.757208e-11
7.900000e+01,1.284904e+02,1.182983e+02,1.012999e+02,1.000000e-06,7.446850e-11
7.916667e+01,1.287799e+02,1.185644e+02,1.016387e+02,1.000000e-06,5.505022e-11
7.933333e+01,1.290466e+02,1.188781e+02,1.018358e+02,1.000000e-06,5.066325e-11
7.950000e+01,1.292795e+02,1.191188e+02,1.021308e+02,1.000000e-06,4.424454e-11
7.966667e+01,1.295230e+02,1.193951e+02,1.024529e+02,1.000000e-06,4.616187e-11
7.983333e+01,1.297992e+02,1.196228e+02,1.028018e+02,1.000000e-06,5.226669e-11
