Time,avgI1rd,avgI2rd,avgDrd,Beta,Beff
0.000000e+00,1.692569e+00,0.000000e+00,0.000000e+00,2.511886e-06,0.000000e+00
1.666667e-01,1.692569e+00,0.000000e+00,0.000000e+00,2.511886e-06,0.000000e+00
3.333333e-01,1.692569e+00,0.000000e+00,0.000000e+00,2.511886e-06,0.000000e+00
5.000000e-01,1.692569e+00,0.000000e+00,0.000000e+00,2.511886e-06,0.000000e+00
6.666667e-01,1.692569e+00,0.000000e+00,0.000000e+00,2.511886e-06,0.000000e+00
8.333333e-01,1.692569e+00,0.000000e+00,0.000000e+00,2.511886e-06,0.000000e+00
1.000000e+00,1.692569e+00,0.000000e+00,0.000000e+00,2.511886e-06,0.000000e+00
1.166667e+00,1.692569e+00,0.000000e+00,0.000000e+00,2.511886e-06,0.000000e+00
1.333333e+00,1.692569e+00,0.000000e+00,0.000000e+00,2.511886e-06,0.000000e+00
1.500000e+00,1.692569e+00,0.000000e+00,0.000000e+00,2.511886e-06,0.000000e+00
1.666667e+00,1.692569e+00,0.000000e+00,0.000000e+00,2.511886e-06,0.000000e+00
1.833333e+00,1.692569e+00,0.000000e+00,0.000000e+00,2.511886e-06,0.000000e+00
2.000000e+00,1.692569e+00,0.000000e+00,0.000000e+00,2.511886e-06,0.000000e+00
2.166667e+00,1.692569e+00,0.000000e+00,0.000000e+00,2.511886e-06,0.000000e+00
2.333333e+00,1.692569e+00,0.000000e+00,0.000000e+00,2.511886e-06,0.000000e+00
2.500000e+00,1.692569e+00,0.000000e+00,0.000000e+00,2.511886e-06,0.000000e+00
2.666667e+00,1.692569e+00,1.692569e+00,0.000000e+00,2.511886e-06,0.000000e+00
2.833333e+00,1.692569e+00,1.692569e+00,0.000000e+00,2.511886e-06,0.000000e+00
3.000000e+00,1.692569e+00,1.692569e+00,0.000000e+00,2.511886e-06,0.000000e+00
3.166667e+00,1.692569e+00,1.692569e+00,0.000000e+00,2.511886e-06,0.000000e+00
3.333333e+00,1.692569e+00,1.692569e+00,0.000000e+00,2.511886e-06,0.000000e+00
3.500000e+00,1.692569e+00,1.692569e+00,0.000000e+00,2.511886e-06,0.000000e+00
3.666667e+00,1.692569e+00,1.692569e+00,0.000000e+00,2.511886e-06,0.000000e+00
3.833333e+00,1.692569e+00,1.692569e+00,0.000000e+00,2.511886e-06,0.000000e+00
4.000000e+00,1.692569e+00,1.692569e+00,0.000000e+00,2.511886e-06,0.000000e+00
4.166667e+00,1.692569e+00,1.692569e+00,0.000000e+00,2.511886e-06,0.000000e+00
4.333333e+00,1.692569e+00,1.692569e+00,0.000000e+00,2.511886e-06,0.000000e+00
4.500000e+00,1.692569e+00,1.692569e+00,0.000000e+00,2.511886e-06,0.000000e+00
4.666667e+00,1.692569e+00,1.692569e+00,0.000000e+00,2.511886e-06,0.000000e+00
4.833333e+00,1.692569e+00,1.692569e+00,0.000000e+00,2.511886e-06,0.000000e+00
5.000000e+00,1.692569e+00,1.692569e+00,0.000000e+00,2.511886e-06,0.000000e+00
5.166667e+00,1.692569e+00,1.692569e+00,0.000000e+00,2.511886e-06,0.000000e+00
5.333333e+00,2.393654e+00,1.692569e+00,0.000000e+00,2.511886e-06,2.546385e-05
5.500000e+00,2.931615e+00,1.692569e+00,0.000000e+00,2.511886e-06,2.031848e-05
5.666667e+00,2.931615e+00,1.692569e+00,0.000000e+00,2.511886e-06,0.000000e+00
5.833333e+00,2.931615e+00,2.393654e+00,0.000000e+00,2.511886e-06,0.000000e+00
6.000000e+00,2.931615e+00,2.393654e+00,0.000000e+00,2.511886e-06,0.000000e+00
6.166667e+00,2.931615e+00,2.393654e+00,0.000000e+00,2.511886e-06,0.000000e+00
6.333333e+00,3.385138e+00,2.393654e+00,0.000000e+00,2.511886e-06,6.615703e-06
6.500000e+00,3.385138e+00,2.393654e+00,0.000000e+00,2.511886e-06,0.000000e+00
6.666667e+00,3.784699e+00,2.393654e+00,0.000000e+00,2.511886e-06,4.229432e-06
6.833333e+00,4.478116e+00,2.393654e+00,0.000000e+00,2.511886e-06,6.764859e-06
7.000000e+00,4.787307e+00,2.393654e+00,0.000000e+00,2.511886e-06,2.705157e-06
7.166667e+00,4.787307e+00,2.393654e+00,0.000000e+00,2.511886e-06,0.000000e+00
7.333333e+00,4.787307e+00,2.931615e+00,0.000000e+00,2.511886e-06,0.000000e+00
7.500000e+00,5.077706e+00,2.931615e+00,0.000000e+00,2.511886e-06,1.384178e-06
7.666667e+00,5.352372e+00,2.931615e+00,0.000000e+00,2.511886e-06,1.107203e-06
7.833333e+00,5.352372e+00,2.931615e+00,0.000000e+00,2.511886e-06,0.000000e+00
8.000000e+00,5.352372e+00,2.931615e+00,0.000000e+00,2.511886e-06,0.000000e+00
8.166667e+00,6.102643e+00,2.931615e+00,0.000000e+00,2.511886e-06,1.700544e-06
8.333333e+00,6.333012e+00,2.931615e+00,0.000000e+00,2.511886e-06,4.535207e-07
8.500000e+00,6.555291e+00,3.385138e+00,0.000000e+00,2.511886e-06,3.628776e-07
8.666667e+00,6.555291e+00,3.784699e+00,0.000000e+00,2.511886e-06,0.000000e+00
8.833333e+00,6.555291e+00,3.784699e+00,0.000000e+00,2.511886e-06,0.000000e+00
9.000000e+00,6.555291e+00,3.784699e+00,0.000000e+00,2.511886e-06,0.000000e+00
9.166667e+00,6.770275e+00,4.478116e+00,0.000000e+00,2.511886e-06,1.488142e-07
9.333333e+00,7.377736e+00,4.478116e+00,0.000000e+00,2.511886e-06,3.574644e-07
9.500000e+00,7.756324e+00,4.478116e+00,0.000000e+00,2.511886e-06,1.908553e-07
9.666667e+00,7.756324e+00,4.478116e+00,0.000000e+00,2.511886e-06,0.000000e+00
9.833333e+00,8.794845e+00,4.478116e+00,0.000000e+00,2.511886e-06,3.676771e-07
1.000000e+01,9.114762e+00,4.478116e+00,0.000000e+00,2.511886e-06,9.827986e-08
1.016667e+01,9.869287e+00,4.787307e+00,0.000000e+00,2.511886e-06,1.971716e-07
1.033333e+01,9.869287e+00,5.077706e+00,0.000000e+00,2.511886e-06,0.000000e+00
1.050000e+01,1.070474e+01,5.352372e+00,0.000000e+00,2.511886e-06,1.527288e-07
1.066667e+01,1.122723e+01,6.102643e+00,0.000000e+00,2.511886e-06,8.194257e-08
1.083333e+01,1.147956e+01,6.333012e+00,0.000000e+00,2.511886e-06,3.301869e-08
1.100000e+01,1.196827e+01,6.333012e+00,0.000000e+00,2.511886e-06,5.331775e-08
1.116667e+01,1.220529e+01,6.555291e+00,0.000000e+00,2.511886e-06,2.156918e-08
1.133333e+01,1.232209e+01,6.770275e+00,0.000000e+00,2.511886e-06,8.748230e-09
1.150000e+01,1.255243e+01,6.978640e+00,0.000000e+00,2.511886e-06,1.423819e-08
1.166667e+01,1.266602e+01,6.978640e+00,0.000000e+00,2.511886e-06,5.815060e-09
1.183333e+01,1.300087e+01,6.978640e+00,0.000000e+00,2.511886e-06,1.431449e-08
1.200000e+01,1.332730e+01,6.978640e+00,0.000000e+00,2.511886e-06,1.180724e-08
1.216667e+01,1.426184e+01,6.978640e+00,0.000000e+00,2.511886e-06,2.940098e-08
1.233333e+01,1.523312e+01,7.180961e+00,0.000000e+00,2.511886e-06,2.730349e-08
1.250000e+01,1.532686e+01,7.377736e+00,0.000000e+00,2.511886e-06,2.298945e-09
1.266667e+01,1.569624e+01,7.938851e+00,0.000000e+00,2.511886e-06,7.809767e-09
1.283333e+01,1.614608e+01,8.117275e+00,0.000000e+00,2.511886e-06,8.367568e-09
1.300000e+01,1.658372e+01,8.630441e+00,1.692569e+00,2.511886e-06,7.242424e-09
1.316667e+01,1.684085e+01,8.630441e+00,1.692569e+00,2.511886e-06,3.799204e-09
1.333333e+01,1.717770e+01,8.630441e+00,1.692569e+00,2.511886e-06,5.542831e-09
1.350000e+01,1.734367e+01,8.956232e+00,1.692569e+00,2.511886e-06,3.030937e-09
1.366667e+01,1.767094e+01,9.723067e+00,1.692569e+00,2.511886e-06,6.625965e-09
1.383333e+01,1.783232e+01,9.723067e+00,1.692569e+00,2.511886e-06,3.618011e-09
1.400000e+01,1.830793e+01,1.001337e+01,1.692569e+00,2.511886e-06,1.184129e-08
1.416667e+01,1.869503e+01,1.029549e+01,1.692569e+00,2.511886e-06,1.074832e-08
1.433333e+01,1.869503e+01,1.083773e+01,1.692569e+00,2.511886e-06,0.000000e+00
1.450000e+01,1.937233e+01,1.135410e+01,1.692569e+00,2.511886e-06,2.279279e-08
1.466667e+01,1.966587e+01,1.184798e+01,1.692569e+00,2.511886e-06,1.093834e-08
1.483333e+01,2.002674e+01,1.220529e+01,1.692569e+00,2.511886e-06,1.469076e-08
1.500000e+01,2.016928e+01,1.232209e+01,1.692569e+00,2.511886e-06,6.271846e-09
1.516667e+01,2.052131e+01,1.255243e+01,1.692569e+00,2.511886e-06,1.659513e-08
1.533333e+01,2.052131e+01,1.311058e+01,1.692569e+00,2.511886e-06,0.000000e+00
1.550000e+01,2.059099e+01,1.343435e+01,1.692569e+00,2.511886e-06,3.589022e-09
1.566667e+01,2.100423e+01,1.385427e+01,1.692569e+00,2.511886e-06,2.171311e-08
1.583333e+01,2.127526e+01,1.395728e+01,1.692569e+00,2.511886e-06,1.430461e-08
1.600000e+01,2.140949e+01,1.426184e+01,1.692569e+00,2.511886e-06,6.913042e-09
1.616667e+01,2.160927e+01,1.436192e+01,1.692569e+00,2.511886e-06,9.793159e-09
1.633333e+01,2.187281e+01,1.465808e+01,1.692569e+00,2.511886e-06,1.205055e-08
1.650000e+01,2.232652e+01,1.504388e+01,1.692569e+00,2.511886e-06,1.904354e-08
1.666667e+01,2.264503e+01,1.523312e+01,1.692569e+00,2.511886e-06,1.204424e-08
1.683333e+01,2.289665e+01,1.542004e+01,1.692569e+00,2.511886e-06,8.390228e-09
1.700000e+01,2.320733e+01,1.569624e+01,1.692569e+00,2.511886e-06,9.011664e-09
1.716667e+01,2.357475e+01,1.596766e+01,1.692569e+00,2.511886e-06,9.197254e-09
1.733333e+01,2.381655e+01,1.632254e+01,1.692569e+00,2.511886e-06,5.178714e-09
1.750000e+01,2.411539e+01,1.641006e+01,1.692569e+00,2.511886e-06,5.413480e-09
1.766667e+01,2.423390e+01,1.675558e+01,1.692569e+00,2.511886e-06,1.809531e-09
1.783333e+01,2.441057e+01,1.692569e+01,1.692569e+00,2.511886e-06,2.271076e-09
1.800000e+01,2.452765e+01,1.742606e+01,1.692569e+00,2.511886e-06,1.270069e-09
1.816667e+01,2.458598e+01,1.750807e+01,1.692569e+00,2.511886e-06,5.343634e-10
1.833333e+01,2.499048e+01,1.750807e+01,1.692569e+00,2.511886e-06,3.163125e-09
1.850000e+01,2.516184e+01,1.775181e+01,1.692569e+00,2.511886e-06,1.152261e-09
1.866667e+01,2.544489e+01,1.815078e+01,1.692569e+00,2.511886e-06,1.641680e-09
1.883333e+01,2.572482e+01,1.830793e+01,1.692569e+00,2.511886e-06,1.411548e-09
1.900000e+01,2.572482e+01,1.838600e+01,1.692569e+00,2.511886e-06,0.000000e+00
1.916667e+01,2.589132e+01,1.846375e+01,2.393654e+00,2.511886e-06,6.368492e-10
1.933333e+01,2.611168e+01,1.877150e+01,2.393654e+00,2.511886e-06,7.426027e-10
1.950000e+01,2.622116e+01,1.907428e+01,2.393654e+00,2.511886e-06,3.326451e-10
1.966667e+01,2.638454e+01,1.922389e+01,2.931615e+00,2.511886e-06,4.478170e-10
1.983333e+01,2.665460e+01,1.929825e+01,2.931615e+00,2.511886e-06,6.712790e-10
2.000000e+01,2.702816e+01,1.937233e+01,2.931615e+00,2.511886e-06,8.575279e-10
2.016667e+01,2.718668e+01,1.966587e+01,2.931615e+00,2.511886e-06,3.355329e-10
2.033333e+01,2.729185e+01,1.966587e+01,2.931615e+00,2.511886e-06,2.043995e-10
2.050000e+01,2.776019e+01,1.988318e+01,2.931615e+00,2.511886e-06,8.415077e-10
2.066667e+01,2.822076e+01,2.031083e+01,2.931615e+00,2.511886e-06,7.706250e-10
2.083333e+01,2.837262e+01,2.072965e+01,3.784699e+00,2.511886e-06,2.345012e-10
2.100000e+01,2.847341e+01,2.100423e+01,4.787307e+00,2.511886e-06,1.426871e-10
2.116667e+01,2.867393e+01,2.114018e+01,4.787307e+00,2.511886e-06,2.681072e-10
2.133333e+01,2.877367e+01,2.140949e+01,4.787307e+00,2.511886e-06,1.284815e-10
2.150000e+01,2.916920e+01,2.174144e+01,4.787307e+00,2.511886e-06,4.880956e-10
2.166667e+01,2.946237e+01,2.206840e+01,5.077706e+00,2.511886e-06,3.448943e-10
2.183333e+01,2.965620e+01,2.251816e+01,5.077706e+00,2.511886e-06,2.150344e-10
2.200000e+01,2.994460e+01,2.264503e+01,5.352372e+00,2.511886e-06,3.029863e-10
2.216667e+01,3.032486e+01,2.277118e+01,5.613615e+00,2.511886e-06,3.765914e-10
2.233333e+01,3.051322e+01,2.302142e+01,5.613615e+00,2.511886e-06,1.760422e-10
2.250000e+01,3.079359e+01,2.320733e+01,5.863230e+00,2.511886e-06,2.463159e-10
2.266667e+01,3.102530e+01,2.351392e+01,6.333012e+00,2.511886e-06,1.884736e-10
2.283333e+01,3.130108e+01,2.369596e+01,6.555291e+00,2.511886e-06,2.077718e-10
2.300000e+01,3.166506e+01,2.399630e+01,6.978640e+00,2.511886e-06,2.561789e-10
2.316667e+01,3.198014e+01,2.417472e+01,7.180961e+00,2.511886e-06,2.073188e-10
2.333333e+01,3.224777e+01,2.441057e+01,7.377736e+00,2.511886e-06,1.658427e-10
2.350000e+01,3.264508e+01,2.470223e+01,7.756324e+00,2.511886e-06,2.323887e-10
2.366667e+01,3.282013e+01,2.481793e+01,8.462844e+00,2.511886e-06,9.666925e-11
2.383333e+01,3.303762e+01,2.510485e+01,8.794845e+00,2.511886e-06,1.135699e-10
2.400000e+01,3.325370e+01,2.521871e+01,9.574615e+00,2.511886e-06,1.078999e-10
2.416667e+01,3.376664e+01,2.550112e+01,9.723067e+00,2.511886e-06,2.475229e-10
2.433333e+01,3.435539e+01,2.572482e+01,1.001337e+01,2.511886e-06,2.796972e-10
2.450000e+01,3.485212e+01,2.605676e+01,1.043369e+01,2.511886e-06,2.313895e-10
2.466667e+01,3.534187e+01,2.633019e+01,1.070474e+01,2.511886e-06,2.230883e-10
2.483333e+01,3.570478e+01,2.692195e+01,1.096910e+01,2.511886e-06,1.624021e-10
2.500000e+01,3.622255e+01,2.718668e+01,1.147956e+01,2.511886e-06,2.281224e-10
2.516667e+01,3.622255e+01,2.755302e+01,1.172646e+01,2.511886e-06,0.000000e+00
2.533333e+01,3.641974e+01,2.791456e+01,1.184798e+01,2.511886e-06,8.267377e-11
2.550000e+01,3.692749e+01,2.816996e+01,1.196827e+01,2.511886e-06,2.083197e-10
2.566667e+01,3.746661e+01,2.852368e+01,1.277861e+01,2.511886e-06,2.163064e-10
2.583333e+01,3.788482e+01,2.887306e+01,1.321938e+01,2.511886e-06,1.634879e-10
2.600000e+01,3.826104e+01,2.907082e+01,1.364593e+01,2.511886e-06,1.447691e-10
2.616667e+01,3.844777e+01,2.941371e+01,1.426184e+01,2.511886e-06,7.087523e-11
2.633333e+01,3.881854e+01,2.970446e+01,1.456003e+01,2.511886e-06,1.394824e-10
2.650000e+01,3.907598e+01,2.994460e+01,1.523312e+01,2.511886e-06,9.640788e-11
2.666667e+01,3.944085e+01,3.032486e+01,1.532686e+01,2.511886e-06,1.357755e-10
2.683333e+01,3.983834e+01,3.046624e+01,1.560471e+01,2.511886e-06,1.489103e-10
2.700000e+01,4.023190e+01,3.088648e+01,1.578723e+01,2.511886e-06,1.477113e-10
2.716667e+01,4.040953e+01,3.107143e+01,1.596766e+01,2.511886e-06,6.658501e-11
2.733333e+01,4.058637e+01,3.134681e+01,1.605712e+01,2.511886e-06,6.581306e-11
2.750000e+01,4.090277e+01,3.166506e+01,1.632254e+01,2.511886e-06,1.166347e-10
2.766667e+01,4.132087e+01,3.198014e+01,1.649712e+01,2.511886e-06,1.519755e-10
2.783333e+01,4.183762e+01,3.229215e+01,1.675558e+01,2.511886e-06,1.850321e-10
2.800000e+01,4.207659e+01,3.260118e+01,1.701011e+01,2.511886e-06,8.408384e-11
2.816667e+01,4.248314e+01,3.268893e+01,1.726088e+01,2.511886e-06,1.407191e-10
2.833333e+01,4.281898e+01,3.299424e+01,1.758969e+01,2.511886e-06,1.146102e-10
2.850000e+01,4.315221e+01,3.321060e+01,1.807169e+01,2.511886e-06,1.121854e-10
2.866667e+01,4.351581e+01,3.338267e+01,1.854116e+01,2.511886e-06,1.212371e-10
2.883333e+01,4.381106e+01,3.385138e+01,1.884765e+01,2.511886e-06,9.805825e-11
2.900000e+01,4.420165e+01,3.427191e+01,1.922389e+01,2.511886e-06,1.301272e-10
2.916667e+01,4.462094e+01,3.452176e+01,1.944613e+01,2.511886e-06,1.405237e-10
2.933333e+01,4.481314e+01,3.501613e+01,1.966587e+01,2.511886e-06,6.483403e-11
2.950000e+01,4.513164e+01,3.522007e+01,1.981101e+01,2.511886e-06,1.075529e-10
2.966667e+01,4.554237e+01,3.538238e+01,1.995509e+01,2.511886e-06,1.393414e-10
2.983333e+01,4.576200e+01,3.562445e+01,2.045139e+01,2.511886e-06,7.443376e-11
3.000000e+01,4.616712e+01,3.602429e+01,2.072965e+01,2.511886e-06,1.368239e-10
3.016667e+01,4.656872e+01,3.649831e+01,2.079863e+01,2.511886e-06,1.362817e-10
3.033333e+01,4.696688e+01,3.677201e+01,2.107231e+01,2.511886e-06,1.357172e-10
3.050000e+01,4.736169e+01,3.700499e+01,2.147629e+01,2.511886e-06,1.346198e-10
3.066667e+01,4.781319e+01,3.723651e+01,2.180722e+01,2.511886e-06,1.539043e-10
3.083333e+01,4.814161e+01,3.758113e+01,2.226227e+01,2.511886e-06,1.127018e-10
3.100000e+01,4.852686e+01,3.780912e+01,2.239058e+01,2.511886e-06,1.335838e-10
3.116667e+01,4.870365e+01,3.814856e+01,2.283400e+01,2.511886e-06,6.231667e-11
3.133333e+01,4.905530e+01,3.848501e+01,2.314553e+01,2.511886e-06,1.256062e-10
3.150000e+01,4.931740e+01,3.889227e+01,2.333045e+01,2.511886e-06,9.545602e-11
3.166667e+01,4.966471e+01,3.914923e+01,2.333045e+01,2.511886e-06,1.288418e-10
3.183333e+01,4.977994e+01,3.936814e+01,2.345292e+01,2.511886e-06,4.338690e-11
3.200000e+01,5.000961e+01,3.962202e+01,2.351392e+01,2.511886e-06,8.707526e-11
3.216667e+01,5.043741e+01,3.983834e+01,2.381655e+01,2.511886e-06,1.635486e-10
3.233333e+01,5.060752e+01,4.012495e+01,2.381655e+01,2.511886e-06,6.517028e-11
3.250000e+01,5.086162e+01,4.040953e+01,2.399630e+01,2.511886e-06,9.769022e-11
3.266667e+01,5.103032e+01,4.072730e+01,2.405592e+01,2.511886e-06,6.460342e-11
3.283333e+01,5.144964e+01,4.104261e+01,2.441057e+01,2.511886e-06,1.602103e-10
3.300000e+01,5.175498e+01,4.156282e+01,2.458598e+01,2.511886e-06,1.154728e-10
3.316667e+01,5.194835e+01,4.190603e+01,2.481793e+01,2.511886e-06,7.263240e-11
3.333333e+01,5.219592e+01,4.217860e+01,2.521871e+01,2.511886e-06,9.207872e-11
3.350000e+01,5.246963e+01,4.255052e+01,2.561321e+01,2.511886e-06,1.006580e-10
3.366667e+01,5.282333e+01,4.265139e+01,2.589132e+01,2.511886e-06,1.295612e-10
3.383333e+01,5.301281e+01,4.288583e+01,2.611168e+01,2.511886e-06,6.916684e-11
3.400000e+01,5.344338e+01,4.325167e+01,2.622116e+01,2.511886e-06,1.567582e-10
3.416667e+01,5.376404e+01,4.364728e+01,2.633019e+01,2.511886e-06,1.166028e-10
3.433333e+01,5.402981e+01,4.384374e+01,2.654690e+01,2.511886e-06,9.555202e-11
3.450000e+01,5.432065e+01,4.416923e+01,2.692195e+01,2.511886e-06,1.030514e-10
3.466667e+01,5.458370e+01,4.433109e+01,2.708110e+01,2.511886e-06,9.177371e-11
3.483333e+01,5.489770e+01,4.458883e+01,2.734429e+01,2.511886e-06,1.083970e-10
3.500000e+01,5.518397e+01,4.478116e+01,2.755302e+01,2.511886e-06,9.749376e-11
3.516667e+01,5.531360e+01,4.519507e+01,2.765680e+01,2.511886e-06,4.344388e-11
3.533333e+01,5.557196e+01,4.538484e+01,2.801700e+01,2.511886e-06,8.504106e-11
3.550000e+01,5.577778e+01,4.554237e+01,2.811906e+01,2.511886e-06,6.635833e-11
3.566667e+01,5.616167e+01,4.579329e+01,2.832209e+01,2.511886e-06,1.217425e-10
3.583333e+01,5.654294e+01,4.607395e+01,2.872384e+01,2.511886e-06,1.185845e-10
3.600000e+01,5.679571e+01,4.629106e+01,2.912005e+01,2.511886e-06,7.695144e-11
3.616667e+01,5.707245e+01,4.656872e+01,2.926725e+01,2.511886e-06,8.284995e-11
3.633333e+01,5.722284e+01,4.690584e+01,2.931615e+01,2.511886e-06,4.426585e-11
3.650000e+01,5.747262e+01,4.724056e+01,2.951094e+01,2.511886e-06,7.210348e-11
3.666667e+01,5.774612e+01,4.748251e+01,3.013533e+01,2.511886e-06,7.709600e-11
3.683333e+01,5.791949e+01,4.763311e+01,3.041919e+01,2.511886e-06,4.752536e-11
3.700000e+01,5.819090e+01,4.796275e+01,3.065372e+01,2.511886e-06,7.297276e-11
3.716667e+01,5.841202e+01,4.831980e+01,3.093282e+01,2.511886e-06,5.842563e-11
3.733333e+01,5.863230e+01,4.870365e+01,3.120943e+01,2.511886e-06,5.712809e-11
3.750000e+01,5.887610e+01,4.908449e+01,3.148360e+01,2.511886e-06,6.195427e-11
3.766667e+01,5.904615e+01,4.943344e+01,3.166506e+01,2.511886e-06,4.238888e-11
3.783333e+01,5.931240e+01,4.995229e+01,3.193532e+01,2.511886e-06,6.502700e-11
3.800000e+01,5.952935e+01,5.023822e+01,3.238075e+01,2.511886e-06,5.182379e-11
3.816667e+01,6.000866e+01,5.043741e+01,3.282013e+01,2.511886e-06,1.121375e-10
3.833333e+01,6.031817e+01,5.080526e+01,3.333974e+01,2.511886e-06,7.129203e-11
3.850000e+01,6.053152e+01,5.108642e+01,3.359653e+01,2.511886e-06,4.839102e-11
3.866667e+01,6.083837e+01,5.139392e+01,3.406229e+01,2.511886e-06,6.895230e-11
3.883333e+01,6.121392e+01,5.164415e+01,3.448025e+01,2.511886e-06,8.366580e-11
3.900000e+01,6.144747e+01,5.175498e+01,3.497520e+01,2.511886e-06,5.166457e-11
3.916667e+01,6.168014e+01,5.219592e+01,3.505702e+01,2.511886e-06,5.125081e-11
3.933333e+01,6.193507e+01,5.255147e+01,3.526072e+01,2.511886e-06,5.613026e-11
3.950000e+01,6.237294e+01,5.271475e+01,3.554394e+01,2.511886e-06,9.586288e-11
3.966667e+01,6.273930e+01,5.303982e+01,3.578492e+01,2.511886e-06,7.939539e-11
3.983333e+01,6.303541e+01,5.328232e+01,3.598451e+01,2.511886e-06,6.334627e-11
4.000000e+01,6.369098e+01,5.352372e+01,3.657672e+01,2.511886e-06,1.387132e-10
4.016667e+01,6.400506e+01,5.389709e+01,3.688868e+01,2.511886e-06,6.549222e-11
4.033333e+01,6.440663e+01,5.410928e+01,3.719803e+01,2.511886e-06,8.295138e-11
4.050000e+01,6.476149e+01,5.442602e+01,3.761922e+01,2.511886e-06,7.251577e-11
4.066667e+01,6.504839e+01,5.487161e+01,3.796036e+01,2.511886e-06,5.792284e-11
4.083333e+01,6.531210e+01,5.526179e+01,3.814856e+01,2.511886e-06,5.264603e-11
4.100000e+01,6.566207e+01,5.562349e+01,3.844777e+01,2.511886e-06,6.919712e-11
4.116667e+01,6.592333e+01,5.588041e+01,3.881854e+01,2.511886e-06,5.096494e-11
4.133333e+01,6.633488e+01,5.608510e+01,3.911262e+01,2.511886e-06,7.939890e-11
4.150000e+01,6.659349e+01,5.631449e+01,3.954965e+01,2.511886e-06,4.939142e-11
4.166667e+01,6.712908e+01,5.666947e+01,3.983834e+01,2.511886e-06,1.014071e-10
4.183333e+01,6.736339e+01,5.687132e+01,4.030304e+01,2.511886e-06,4.412338e-11
4.200000e+01,6.759688e+01,5.712263e+01,4.072730e+01,2.511886e-06,4.362556e-11
4.216667e+01,6.799830e+01,5.744769e+01,4.100770e+01,2.511886e-06,7.475185e-11
4.233333e+01,6.837643e+01,5.764681e+01,4.139014e+01,2.511886e-06,7.044204e-11
4.250000e+01,6.858559e+01,5.796894e+01,4.159727e+01,2.511886e-06,3.882195e-11
4.266667e+01,6.889815e+01,5.831384e+01,4.194020e+01,2.511886e-06,5.779430e-11
4.283333e+01,6.920930e+01,5.863230e+01,4.224646e+01,2.511886e-06,5.718864e-11
4.300000e+01,6.960142e+01,5.892473e+01,4.261779e+01,2.511886e-06,7.181393e-11
4.316667e+01,6.999135e+01,5.926408e+01,4.291922e+01,2.511886e-06,7.122707e-11
4.333333e+01,7.058235e+01,5.955341e+01,4.315221e+01,2.511886e-06,1.080203e-10
4.350000e+01,7.096689e+01,5.998479e+01,4.348288e+01,2.511886e-06,7.032296e-11
4.366667e+01,7.136942e+01,6.031817e+01,4.397423e+01,2.511886e-06,7.349052e-11
4.383333e+01,7.172978e+01,6.062610e+01,4.433109e+01,2.511886e-06,6.565016e-11
4.400000e+01,7.190928e+01,6.086191e+01,4.465303e+01,2.511886e-06,3.268182e-11
4.416667e+01,7.232638e+01,6.104990e+01,4.509989e+01,2.511886e-06,7.614975e-11
4.433333e+01,7.264256e+01,6.130745e+01,4.541639e+01,2.511886e-06,5.795132e-11
4.450000e+01,7.289845e+01,6.156392e+01,4.582456e+01,2.511886e-06,4.725252e-11
4.466667e+01,7.329038e+01,6.184249e+01,4.598059e+01,2.511886e-06,7.306801e-11
4.483333e+01,7.356349e+01,6.205060e+01,4.638380e+01,2.511886e-06,5.151172e-11
4.500000e+01,7.381618e+01,6.237294e+01,4.659946e+01,2.511886e-06,4.800919e-11
4.516667e+01,7.429972e+01,6.276213e+01,4.663019e+01,2.511886e-06,9.298299e-11
4.533333e+01,7.470347e+01,6.321693e+01,4.696688e+01,2.511886e-06,7.846078e-11
4.550000e+01,7.506690e+01,6.346569e+01,4.714951e+01,2.511886e-06,7.086095e-11
4.566667e+01,7.544757e+01,6.389307e+01,4.760303e+01,2.511886e-06,7.451776e-11
4.583333e+01,7.578853e+01,6.433988e+01,4.790298e+01,2.511886e-06,6.685078e-11
4.600000e+01,7.610915e+01,6.469511e+01,4.817135e+01,2.511886e-06,6.317584e-11
4.616667e+01,7.639094e+01,6.515840e+01,4.852686e+01,2.511886e-06,5.570408e-11
4.633333e+01,7.678369e+01,6.535595e+01,4.890909e+01,2.511886e-06,7.790191e-11
4.650000e+01,7.710018e+01,6.559659e+01,4.911367e+01,2.511886e-06,6.313092e-11
4.666667e+01,7.726720e+01,6.598848e+01,4.931740e+01,2.511886e-06,3.353898e-11
4.683333e+01,7.752630e+01,6.639963e+01,4.954921e+01,2.511886e-06,5.226889e-11
4.700000e+01,7.785816e+01,6.678680e+01,4.980871e+01,2.511886e-06,6.724503e-11
4.716667e+01,7.822525e+01,6.710774e+01,5.012405e+01,2.511886e-06,7.469903e-11
4.733333e+01,7.853592e+01,6.751207e+01,5.035214e+01,2.511886e-06,6.341057e-11
4.750000e+01,7.888169e+01,6.774505e+01,5.066410e+01,2.511886e-06,7.082061e-11
4.766667e+01,7.909930e+01,6.808251e+01,5.097415e+01,2.511886e-06,4.464400e-11
4.783333e+01,7.944262e+01,6.858559e+01,5.125438e+01,2.511886e-06,7.062386e-11
4.800000e+01,7.974855e+01,6.893972e+01,5.153309e+01,2.511886e-06,6.320554e-11
4.816667e+01,7.994588e+01,6.920930e+01,5.175498e+01,2.511886e-06,4.089392e-11
4.833333e+01,8.037474e+01,6.951905e+01,5.197592e+01,2.511886e-06,8.923768e-11
4.850000e+01,8.085449e+01,6.980692e+01,5.230558e+01,2.511886e-06,1.003883e-10
4.866667e+01,8.111979e+01,7.001181e+01,5.252420e+01,2.511886e-06,5.565090e-11
4.883333e+01,8.136662e+01,7.019571e+01,5.279621e+01,2.511886e-06,5.187039e-11
4.900000e+01,8.166535e+01,7.052144e+01,5.301281e+01,2.511886e-06,6.292593e-11
4.916667e+01,8.182305e+01,7.092651e+01,5.322853e+01,2.511886e-06,3.332432e-11
4.933333e+01,8.213756e+01,7.114831e+01,5.347017e+01,2.511886e-06,6.667073e-11
4.950000e+01,8.246823e+01,7.156984e+01,5.392366e+01,2.511886e-06,7.033075e-11
4.966667e+01,8.279758e+01,7.182955e+01,5.432065e+01,2.511886e-06,7.030832e-11
4.983333e+01,8.316009e+01,7.216777e+01,5.450492e+01,2.511886e-06,7.812001e-11
5.000000e+01,8.333216e+01,7.246488e+01,5.481937e+01,2.511886e-06,3.741302e-11
5.016667e+01,8.362386e+01,7.270169e+01,5.505403e+01,2.511886e-06,6.391188e-11
5.033333e+01,8.394868e+01,7.299663e+01,5.539124e+01,2.511886e-06,7.195343e-11
5.050000e+01,8.427225e+01,7.344656e+01,5.557196e+01,2.511886e-06,7.242824e-11
5.066667e+01,8.461151e+01,7.389376e+01,5.580346e+01,2.511886e-06,7.671598e-11
5.083333e+01,8.488194e+01,7.424186e+01,5.608510e+01,2.511886e-06,6.160755e-11
5.100000e+01,8.510104e+01,7.453070e+01,5.636533e+01,2.511886e-06,5.009528e-11
5.116667e+01,8.533636e+01,7.481843e+01,5.659359e+01,2.511886e-06,5.386204e-11
5.133333e+01,8.572155e+01,7.502873e+01,5.682092e+01,2.511886e-06,8.822978e-11
5.150000e+01,8.600515e+01,7.537159e+01,5.712263e+01,2.511886e-06,6.481305e-11
5.166667e+01,8.627121e+01,7.567505e+01,5.759710e+01,2.511886e-06,6.049942e-11
5.183333e+01,8.658610e+01,7.607150e+01,5.779571e+01,2.511886e-06,7.126609e-11
5.200000e+01,8.693281e+01,7.646590e+01,5.814165e+01,2.511886e-06,7.854979e-11
5.216667e+01,8.717961e+01,7.674638e+01,5.836295e+01,2.511886e-06,5.566554e-11
5.233333e+01,8.758941e+01,7.710018e+01,5.868114e+01,2.511886e-06,9.197339e-11
5.250000e+01,8.783437e+01,7.735984e+01,5.887610e+01,2.511886e-06,5.454455e-11
5.266667e+01,8.807865e+01,7.778454e+01,5.904615e+01,2.511886e-06,5.389688e-11
5.283333e+01,8.866217e+01,7.802356e+01,5.955341e+01,2.511886e-06,1.276329e-10
5.300000e+01,8.920977e+01,7.826186e+01,5.974552e+01,2.511886e-06,1.185380e-10
5.316667e+01,8.941826e+01,7.860884e+01,5.998479e+01,2.511886e-06,4.473893e-11
5.333333e+01,8.972211e+01,7.902683e+01,6.024689e+01,2.511886e-06,6.441237e-11
5.350000e+01,9.010445e+01,7.924404e+01,6.067334e+01,2.511886e-06,8.011975e-11
5.366667e+01,9.037430e+01,7.946065e+01,6.097947e+01,2.511886e-06,5.576406e-11
5.383333e+01,9.064334e+01,7.973059e+01,6.126070e+01,2.511886e-06,5.489737e-11
5.400000e+01,9.089583e+01,8.021419e+01,6.161043e+01,2.511886e-06,5.084571e-11
5.416667e+01,9.111618e+01,8.053498e+01,6.200441e+01,2.511886e-06,4.382350e-11
5.433333e+01,9.149270e+01,8.092532e+01,6.237294e+01,2.511886e-06,7.404169e-11
5.450000e+01,9.185207e+01,8.119039e+01,6.273930e+01,2.511886e-06,7.005056e-11
5.466667e+01,9.203902e+01,8.143701e+01,6.301268e+01,2.511886e-06,3.608573e-11
5.483333e+01,9.231873e+01,8.184056e+01,6.333012e+01,2.511886e-06,5.357696e-11
5.500000e+01,9.269036e+01,8.208522e+01,6.366849e+01,2.511886e-06,7.070154e-11
5.516667e+01,9.309128e+01,8.245086e+01,6.391548e+01,2.511886e-06,7.575666e-11
5.533333e+01,9.338318e+01,8.278028e+01,6.413920e+01,2.511886e-06,5.475853e-11
5.550000e+01,9.362828e+01,8.305668e+01,6.449553e+01,2.511886e-06,4.555491e-11
5.566667e+01,9.391850e+01,8.340089e+01,6.480571e+01,2.511886e-06,5.339544e-11
5.583333e+01,9.431421e+01,8.355532e+01,6.522432e+01,2.511886e-06,7.228608e-11
5.600000e+01,9.469313e+01,8.374368e+01,6.570568e+01,2.511886e-06,6.872010e-11
5.616667e+01,9.493485e+01,8.415318e+01,6.609692e+01,2.511886e-06,4.358951e-11
5.633333e+01,9.516091e+01,8.449292e+01,6.635647e+01,2.511886e-06,4.061438e-11
5.650000e+01,9.546148e+01,8.479753e+01,6.676535e+01,2.511886e-06,5.392013e-11
5.666667e+01,9.580597e+01,8.518515e+01,6.725698e+01,2.511886e-06,6.161204e-11
5.683333e+01,9.620880e+01,8.558776e+01,6.753328e+01,2.511886e-06,7.200994e-11
5.700000e+01,9.649126e+01,8.602180e+01,6.776619e+01,2.511886e-06,5.057046e-11
5.716667e+01,9.681730e+01,8.620477e+01,6.810355e+01,2.511886e-06,5.838299e-11
5.733333e+01,9.711275e+01,8.647022e+01,6.839737e+01,2.511886e-06,5.283283e-11
5.750000e+01,9.753955e+01,8.673486e+01,6.862735e+01,2.511886e-06,7.627220e-11
5.766667e+01,9.783282e+01,8.711387e+01,6.887736e+01,2.511886e-06,5.228325e-11
5.783333e+01,9.819817e+01,8.736016e+01,6.916789e+01,2.511886e-06,6.489026e-11
5.800000e+01,9.859122e+01,8.780175e+01,6.958084e+01,2.511886e-06,6.936933e-11
5.816667e+01,9.896824e+01,8.828981e+01,7.003227e+01,2.511886e-06,6.605012e-11
5.833333e+01,9.922842e+01,8.864602e+01,7.044015e+01,2.511886e-06,4.528272e-11
5.850000e+01,9.948792e+01,8.901689e+01,7.072426e+01,2.511886e-06,4.499152e-11
5.866667e+01,9.981852e+01,8.929002e+01,7.102741e+01,2.511886e-06,5.723093e-11
5.883333e+01,1.001194e+02,8.964225e+01,7.152981e+01,2.511886e-06,5.187751e-11
5.900000e+01,1.003623e+02,9.000902e+01,7.194910e+01,2.511886e-06,4.170937e-11
5.916667e+01,1.007327e+02,9.024741e+01,7.242533e+01,2.511886e-06,6.364108e-11
5.933333e+01,1.010309e+02,9.059592e+01,7.287880e+01,2.511886e-06,5.135738e-11
5.950000e+01,1.014271e+02,9.094309e+01,7.329038e+01,2.511886e-06,6.873716e-11
5.966667e+01,1.017936e+02,9.132032e+01,7.360242e+01,2.511886e-06,6.425208e-11
5.983333e+01,1.021588e+02,9.153965e+01,7.383558e+01,2.511886e-06,6.476438e-11
6.000000e+01,1.025926e+02,9.189885e+01,7.410668e+01,2.511886e-06,7.780878e-11
6.016667e+01,1.028854e+02,9.216344e+01,7.439605e+01,2.511886e-06,5.298443e-11
6.033333e+01,1.031079e+02,9.252021e+01,7.460754e+01,2.511886e-06,4.051559e-11
6.050000e+01,1.035100e+02,9.282933e+01,7.489497e+01,2.511886e-06,7.368780e-11
6.066667e+01,1.038139e+02,9.315281e+01,7.516225e+01,2.511886e-06,5.594639e-11
6.083333e+01,1.041996e+02,9.335249e+01,7.537159e+01,2.511886e-06,7.125245e-11
6.100000e+01,1.044467e+02,9.368945e+01,7.567505e+01,2.511886e-06,4.577101e-11
6.116667e+01,1.048163e+02,9.410134e+01,7.576963e+01,2.511886e-06,6.850537e-11
6.133333e+01,1.050757e+02,9.437494e+01,7.605267e+01,2.511886e-06,4.809468e-11
6.150000e+01,1.054838e+02,9.472338e+01,7.633466e+01,2.511886e-06,7.548621e-11
6.166667e+01,1.058092e+02,9.505548e+01,7.674638e+01,2.511886e-06,6.000559e-11
6.183333e+01,1.060931e+02,9.531131e+01,7.697002e+01,2.511886e-06,5.213521e-11
6.200000e+01,1.064436e+02,9.564137e+01,7.735984e+01,2.511886e-06,6.430600e-11
6.216667e+01,1.066990e+02,9.597029e+01,7.756324e+01,2.511886e-06,4.672013e-11
6.233333e+01,1.069939e+02,9.617902e+01,7.795010e+01,2.511886e-06,5.385515e-11
6.250000e+01,1.074748e+02,9.634270e+01,7.824356e+01,2.511886e-06,8.757366e-11
6.266667e+01,1.077676e+02,9.672849e+01,7.860884e+01,2.511886e-06,5.330679e-11
6.283333e+01,1.079800e+02,9.696514e+01,7.897244e+01,2.511886e-06,3.860978e-11
6.300000e+01,1.082318e+02,9.736317e+01,7.924404e+01,2.511886e-06,4.573161e-11
6.316667e+01,1.085754e+02,9.761295e+01,7.958674e+01,2.511886e-06,6.256693e-11
6.333333e+01,1.089047e+02,9.783282e+01,7.992796e+01,2.511886e-06,6.008746e-11
6.350000e+01,1.093509e+02,9.827107e+01,8.021419e+01,2.511886e-06,8.176923e-11
6.366667e+01,1.097954e+02,9.850401e+01,8.064162e+01,2.511886e-06,8.194948e-11
6.383333e+01,1.100430e+02,9.879441e+01,8.094302e+01,2.511886e-06,4.578883e-11
6.400000e+01,1.103679e+02,9.904058e+01,8.117275e+01,2.511886e-06,6.040415e-11
6.416667e+01,1.106143e+02,9.927172e+01,8.138423e+01,2.511886e-06,4.597040e-11
6.433333e+01,1.109117e+02,9.961741e+01,8.170042e+01,2.511886e-06,5.563541e-11
6.450000e+01,1.113371e+02,9.996191e+01,8.196298e+01,2.511886e-06,7.972602e-11
6.466667e+01,1.117095e+02,1.001480e+02,8.217243e+01,2.511886e-06,7.000257e-11
6.483333e+01,1.120296e+02,1.003909e+02,8.236395e+01,2.511886e-06,6.027298e-11
6.500000e+01,1.124890e+02,1.006758e+02,8.272836e+01,2.511886e-06,8.652202e-11
6.516667e+01,1.127307e+02,1.010451e+02,8.293587e+01,2.511886e-06,4.535843e-11
6.533333e+01,1.130986e+02,1.014977e+02,8.322896e+01,2.511886e-06,6.887130e-11
6.550000e+01,1.134274e+02,1.019202e+02,8.346956e+01,2.511886e-06,6.127926e-11
6.566667e+01,1.136923e+02,1.021588e+02,8.376078e+01,2.511886e-06,4.906743e-11
6.583333e+01,1.139188e+02,1.023129e+02,8.417020e+01,2.511886e-06,4.160242e-11
6.600000e+01,1.141575e+02,1.027181e+02,8.445901e+01,2.511886e-06,4.345734e-11
6.616667e+01,1.143205e+02,1.030523e+02,8.483130e+01,2.511886e-06,2.949515e-11
6.633333e+01,1.146583e+02,1.034684e+02,8.511787e+01,2.511886e-06,6.078414e-11
6.650000e+01,1.149203e+02,1.037173e+02,8.540347e+01,2.511886e-06,4.698368e-11
6.666667e+01,1.151444e+02,1.040895e+02,8.573826e+01,2.511886e-06,3.994676e-11
6.683333e+01,1.155418e+02,1.044056e+02,8.613828e+01,2.511886e-06,7.052683e-11
6.700000e+01,1.159255e+02,1.046659e+02,8.637077e+01,2.511886e-06,6.794857e-11
6.716667e+01,1.161970e+02,1.049120e+02,8.660264e+01,2.511886e-06,4.803516e-11
6.733333e+01,1.164679e+02,1.053480e+02,8.708098e+01,2.511886e-06,4.781659e-11
6.750000e+01,1.167014e+02,1.056738e+02,8.739295e+01,2.511886e-06,4.107709e-11
6.766667e+01,1.170078e+02,1.059445e+02,8.776912e+01,2.511886e-06,5.396023e-11
6.783333e+01,1.174843e+02,1.063494e+02,8.798102e+01,2.511886e-06,8.413462e-11
6.800000e+01,1.178373e+02,1.066990e+02,8.837089e+01,2.511886e-06,6.257015e-11
6.816667e+01,1.181166e+02,1.071544e+02,8.882358e+01,2.511886e-06,4.948800e-11
6.833333e+01,1.185523e+02,1.073948e+02,8.898470e+01,2.511886e-06,7.734816e-11
6.850000e+01,1.187817e+02,1.076612e+02,8.935417e+01,2.511886e-06,4.086603e-11
6.866667e+01,1.191068e+02,1.079270e+02,8.973807e+01,2.511886e-06,5.801084e-11
6.883333e+01,1.194311e+02,1.082450e+02,9.004084e+01,2.511886e-06,5.803369e-11
6.900000e+01,1.197066e+02,1.085094e+02,9.021566e+01,2.511886e-06,4.949879e-11
6.916667e+01,1.199338e+02,1.087994e+02,9.053265e+01,2.511886e-06,4.093491e-11
6.933333e+01,1.202439e+02,1.092199e+02,9.100607e+01,2.511886e-06,5.590488e-11
6.950000e+01,1.205057e+02,1.095995e+02,9.128894e+01,2.511886e-06,4.717844e-11
6.966667e+01,1.207906e+02,1.099649e+02,9.152400e+01,2.511886e-06,5.144488e-11
6.983333e+01,1.211340e+02,1.103679e+02,9.180528e+01,2.511886e-06,6.207024e-11
7.000000e+01,1.215118e+02,1.107954e+02,9.214789e+01,2.511886e-06,6.829080e-11
7.016667e+01,1.218062e+02,1.111181e+02,9.259759e+01,2.511886e-06,5.317854e-11
7.033333e+01,1.220411e+02,1.114656e+02,9.279847e+01,2.511886e-06,4.238657e-11
7.050000e+01,1.223225e+02,1.117480e+02,9.301431e+01,2.511886e-06,5.087346e-11
7.066667e+01,1.225798e+02,1.120552e+02,9.335249e+01,2.511886e-06,4.652440e-11
7.083333e+01,1.228367e+02,1.123998e+02,9.362828e+01,2.511886e-06,4.630585e-11
7.100000e+01,1.230347e+02,1.126798e+02,9.402520e+01,2.511886e-06,3.562638e-11
7.116667e+01,1.233719e+02,1.129465e+02,9.428383e+01,2.511886e-06,6.052177e-11
7.133333e+01,1.237544e+02,1.131872e+02,9.458719e+01,2.511886e-06,6.872099e-11
7.150000e+01,1.241012e+02,1.135157e+02,9.491976e+01,2.511886e-06,6.224780e-11
7.166667e+01,1.244355e+02,1.137048e+02,9.520605e+01,2.511886e-06,5.995432e-11
7.183333e+01,1.248492e+02,1.140319e+02,9.550648e+01,2.511886e-06,7.417916e-11
7.200000e+01,1.251586e+02,1.143706e+02,9.576111e+01,2.511886e-06,5.537862e-11
7.216667e+01,1.255014e+02,1.146208e+02,9.608962e+01,2.511886e-06,6.118082e-11
7.233333e+01,1.258661e+02,1.149203e+02,9.646157e+01,2.511886e-06,6.484412e-11
7.250000e+01,1.261844e+02,1.152315e+02,9.677291e+01,2.511886e-06,5.636945e-11
7.266667e+01,1.263885e+02,1.154302e+02,9.709799e+01,2.511886e-06,3.603756e-11
7.283333e+01,1.266942e+02,1.157895e+02,9.756892e+01,2.511886e-06,5.375696e-11
7.300000e+01,1.269765e+02,1.160243e+02,9.781817e+01,2.511886e-06,4.949496e-11
7.316667e+01,1.273482e+02,1.163079e+02,9.812520e+01,2.511886e-06,6.520295e-11
7.333333e+01,1.277189e+02,1.166031e+02,9.844583e+01,2.511886e-06,6.499326e-11
7.350000e+01,1.279877e+02,1.169221e+02,9.877991e+01,2.511886e-06,4.707574e-11
7.366667e+01,1.284012e+02,1.172157e+02,9.909842e+01,2.511886e-06,7.228869e-11
7.383333e+01,1.286686e+02,1.175452e+02,9.947352e+01,2.511886e-06,4.669329e-11
7.400000e+01,1.288689e+02,1.178495e+02,9.973238e+01,2.511886e-06,3.487365e-11
7.416667e+01,1.292240e+02,1.181044e+02,1.000192e+02,2.511886e-06,6.182925e-11
7.433333e+01,1.295562e+02,1.184435e+02,1.003052e+02,2.511886e-06,5.773850e-11
7.450000e+01,1.298984e+02,1.186731e+02,1.006474e+02,2.511886e-06,5.938173e-11
7.466667e+01,1.303058e+02,1.189504e+02,1.010167e+02,2.511886e-06,7.051467e-11
7.483333e+01,1.306352e+02,1.193231e+02,1.012858e+02,2.511886e-06,5.688617e-11
7.500000e+01,1.309528e+02,1.195150e+02,1.015964e+02,2.511886e-06,5.474489e-11
7.516667e+01,1.313350e+02,1.197664e+02,1.020747e+02,2.511886e-06,6.570834e-11
7.533333e+01,1.316510e+02,1.200531e+02,1.024389e+02,2.511886e-06,5.414384e-11
7.550000e+01,1.319770e+02,1.204343e+02,1.027600e+02,2.511886e-06,5.592603e-11
7.566667e+01,1.322588e+02,1.206838e+02,1.032744e+02,2.511886e-06,4.847883e-11
7.583333e+01,1.325293e+02,1.210039e+02,1.035791e+02,2.511886e-06,4.662772e-11
7.600000e+01,1.328424e+02,1.212994e+02,1.039105e+02,2.511886e-06,5.436406e-11
7.616667e+01,1.331224e+02,1.216414e+02,1.042683e+02,2.511886e-06,4.894492e-11
7.633333e+01,1.335200e+02,1.219942e+02,1.045153e+02,2.511886e-06,6.996825e-11
7.650000e+01,1.337879e+02,1.223342e+02,1.048163e+02,2.511886e-06,4.752111e-11
7.666667e+01,1.340553e+02,1.226850e+02,1.051983e+02,2.511886e-06,4.767937e-11
7.683333e+01,1.343968e+02,1.229649e+02,1.055517e+02,2.511886e-06,6.116877e-11
7.700000e+01,1.347268e+02,1.232441e+02,1.058634e+02,2.511886e-06,5.939810e-11
7.716667e+01,1.350029e+02,1.234879e+02,1.062011e+02,2.511886e-06,4.996198e-11
7.733333e+01,1.352467e+02,1.238470e+02,1.066184e+02,2.511886e-06,4.429672e-11
7.750000e+01,1.355324e+02,1.241820e+02,1.068599e+02,2.511886e-06,5.210243e-11
7.766667e+01,1.358807e+02,1.244815e+02,1.071010e+02,2.511886e-06,6.398505e-11
7.783333e+01,1.362597e+02,1.248148e+02,1.073681e+02,2.511886e-06,6.998482e-11
7.800000e+01,1.365642e+02,1.251013e+02,1.078872e+02,2.511886e-06,5.642402e-11
7.816667e+01,1.370354e+02,1.254786e+02,1.082450e+02,2.511886e-06,8.762721e-11
7.833333e+01,1.375154e+02,1.257751e+02,1.086281e+02,2.511886e-06,9.005549e-11
7.850000e+01,1.379002e+02,1.260481e+02,1.088652e+02,2.511886e-06,7.285600e-11
7.866667e+01,1.381907e+02,1.263772e+02,1.090493e+02,2.511886e-06,5.548828e-11
7.883333e+01,1.384600e+02,1.267620e+02,1.092854e+02,2.511886e-06,5.176735e-11
7.900000e+01,1.388216e+02,1.271343e+02,1.095342e+02,2.511886e-06,6.984150e-11
7.916667e+01,1.391308e+02,1.274157e+02,1.098997e+02,2.511886e-06,5.991003e-11
7.933333e+01,1.394496e+02,1.276516e+02,1.102511e+02,2.511886e-06,6.192679e-11
7.950000e+01,1.398803e+02,1.279318e+02,1.106143e+02,2.511886e-06,8.410217e-11
7.966667e+01,1.402485e+02,1.282896e+02,1.108988e+02,2.511886e-06,7.234116e-11
7.983333e+01,1.405851e+02,1.286798e+02,1.113113e+02,2.511886e-06,6.655702e-11
