Time,avgI1rd,avgI2rd,avgDrd,Beta,Beff
0.000000e+00,1.692569e+00,0.000000e+00,0.000000e+00,1.000000e-05,0.000000e+00
1.666667e-01,1.692569e+00,0.000000e+00,0.000000e+00,1.000000e-05,0.000000e+00
3.333333e-01,1.692569e+00,0.000000e+00,0.000000e+00,1.000000e-05,0.000000e+00
5.000000e-01,1.692569e+00,1.692569e+00,0.000000e+00,1.000000e-05,0.000000e+00
6.666667e-01,1.692569e+00,1.692569e+00,0.000000e+00,1.000000e-05,0.000000e+00
8.333333e-01,1.692569e+00,1.692569e+00,0.000000e+00,1.000000e-05,0.000000e+00
1.000000e+00,1.692569e+00,1.692569e+00,0.000000e+00,1.000000e-05,0.000000e+00
1.166667e+00,1.692569e+00,1.692569e+00,0.000000e+00,1.000000e-05,0.000000e+00
1.333333e+00,1.692569e+00,1.692569e+00,0.000000e+00,1.000000e-05,0.000000e+00
1.500000e+00,1.692569e+00,1.692569e+00,0.000000e+00,1.000000e-05,0.000000e+00
1.666667e+00,1.692569e+00,1.692569e+00,0.000000e+00,1.000000e-05,0.000000e+00
1.833333e+00,1.692569e+00,1.692569e+00,0.000000e+00,1.000000e-05,0.000000e+00
2.000000e+00,1.692569e+00,1.692569e+00,0.000000e+00,1.000000e-05,0.000000e+00
2.166667e+00,1.692569e+00,1.692569e+00,0.000000e+00,1.000000e-05,0.000000e+00
2.333333e+00,1.692569e+00,1.692569e+00,0.000000e+00,1.000000e-05,0.000000e+00
2.500000e+00,1.692569e+00,1.692569e+00,0.000000e+00,1.000000e-05,0.000000e+00
2.666667e+00,1.692569e+00,1.692569e+00,0.000000e+00,1.000000e-05,0.000000e+00
2.833333e+00,1.692569e+00,1.692569e+00,0.000000e+00,1.000000e-05,0.000000e+00
3.000000e+00,1.692569e+00,1.692569e+00,0.000000e+00,1.000000e-05,0.000000e+00
3.166667e+00,1.692569e+00,1.692569e+00,0.000000e+00,1.000000e-05,0.000000e+00
3.333333e+00,1.692569e+00,1.692569e+00,0.000000e+00,1.000000e-05,0.000000e+00
3.500000e+00,1.692569e+00,1.692569e+00,0.000000e+00,1.000000e-05,0.000000e+00
3.666667e+00,1.692569e+00,1.692569e+00,0.000000e+00,1.000000e-05,0.000000e+00
3.833333e+00,1.692569e+00,1.692569e+00,0.000000e+00,1.000000e-05,0.000000e+00
4.000000e+00,1.692569e+00,1.692569e+00,0.000000e+00,1.000000e-05,0.000000e+00
4.166667e+00,1.692569e+00,1.692569e+00,0.000000e+00,1.000000e-05,0.000000e+00
4.333333e+00,1.692569e+00,1.692569e+00,0.000000e+00,1.000000e-05,0.000000e+00
4.500000e+00,1.692569e+00,1.692569e+00,0.000000e+00,1.000000e-05,0.000000e+00
4.666667e+00,1.692569e+00,1.692569e+00,0.000000e+00,1.000000e-05,0.000000e+00
4.833333e+00,1.692569e+00,1.692569e+00,0.000000e+00,1.000000e-05,0.000000e+00
5.000000e+00,1.692569e+00,1.692569e+00,0.000000e+00,1.000000e-05,0.000000e+00
5.166667e+00,1.692569e+00,1.692569e+00,0.000000e+00,1.000000e-05,0.000000e+00
5.333333e+00,1.692569e+00,1.692569e+00,0.000000e+00,1.000000e-05,0.000000e+00
5.500000e+00,2.393654e+00,1.692569e+00,0.000000e+00,1.000000e-05,2.018725e-05
5.666667e+00,2.931615e+00,1.692569e+00,0.000000e+00,1.000000e-05,1.614687e-05
5.833333e+00,3.385138e+00,1.692569e+00,0.000000e+00,1.000000e-05,1.291529e-05
6.000000e+00,3.385138e+00,1.692569e+00,0.000000e+00,1.000000e-05,0.000000e+00
6.166667e+00,3.784699e+00,1.692569e+00,0.000000e+00,1.000000e-05,8.262855e-06
6.333333e+00,4.478116e+00,1.692569e+00,0.000000e+00,1.000000e-05,1.321908e-05
6.500000e+00,4.478116e+00,1.692569e+00,0.000000e+00,1.000000e-05,0.000000e+00
6.666667e+00,5.077706e+00,1.692569e+00,0.000000e+00,1.000000e-05,8.457875e-06
6.833333e+00,5.863230e+00,2.393654e+00,0.000000e+00,1.000000e-05,1.014890e-05
7.000000e+00,5.863230e+00,2.393654e+00,0.000000e+00,1.000000e-05,0.000000e+00
7.166667e+00,6.102643e+00,2.393654e+00,0.000000e+00,1.000000e-05,2.164313e-06
7.333333e+00,6.102643e+00,2.393654e+00,0.000000e+00,1.000000e-05,0.000000e+00
7.500000e+00,6.102643e+00,2.393654e+00,0.000000e+00,1.000000e-05,0.000000e+00
7.666667e+00,6.555291e+00,2.393654e+00,0.000000e+00,1.000000e-05,2.215325e-06
7.833333e+00,6.770275e+00,2.393654e+00,0.000000e+00,1.000000e-05,8.860858e-07
8.000000e+00,7.180961e+00,2.393654e+00,0.000000e+00,1.000000e-05,1.417780e-06
8.166667e+00,7.377736e+00,2.393654e+00,0.000000e+00,1.000000e-05,5.671370e-07
8.333333e+00,7.569398e+00,2.393654e+00,0.000000e+00,1.000000e-05,4.537567e-07
8.500000e+00,8.117275e+00,3.385138e+00,0.000000e+00,1.000000e-05,1.089286e-06
8.666667e+00,8.630441e+00,4.145930e+00,0.000000e+00,1.000000e-05,8.717211e-07
8.833333e+00,9.270581e+00,4.787307e+00,0.000000e+00,1.000000e-05,9.300912e-07
9.000000e+00,9.574615e+00,4.787307e+00,0.000000e+00,1.000000e-05,3.721687e-07
9.166667e+00,9.723067e+00,4.787307e+00,0.000000e+00,1.000000e-05,1.489469e-07
9.333333e+00,9.869287e+00,4.787307e+00,0.000000e+00,1.000000e-05,1.192505e-07
9.500000e+00,1.043369e+01,5.613615e+00,0.000000e+00,1.000000e-05,3.820505e-07
9.666667e+00,1.070474e+01,5.613615e+00,0.000000e+00,1.000000e-05,1.530416e-07
9.833333e+00,1.135410e+01,5.613615e+00,0.000000e+00,1.000000e-05,3.066688e-07
1.000000e+01,1.172646e+01,5.613615e+00,0.000000e+00,1.000000e-05,1.475499e-07
1.016667e+01,1.243779e+01,5.863230e+00,0.000000e+00,1.000000e-05,2.368167e-07
1.033333e+01,1.266602e+01,5.863230e+00,0.000000e+00,1.000000e-05,6.338881e-08
1.050000e+01,1.300087e+01,6.102643e+00,0.000000e+00,1.000000e-05,7.642915e-08
1.066667e+01,1.343435e+01,6.770275e+00,0.000000e+00,1.000000e-05,8.201297e-08
1.083333e+01,1.354055e+01,6.770275e+00,0.000000e+00,1.000000e-05,1.652306e-08
1.100000e+01,1.375049e+01,6.978640e+00,0.000000e+00,1.000000e-05,2.667934e-08
1.116667e+01,1.405953e+01,6.978640e+00,0.000000e+00,1.000000e-05,3.238002e-08
1.133333e+01,1.456003e+01,7.180961e+00,0.000000e+00,1.000000e-05,4.378325e-08
1.150000e+01,1.465808e+01,7.377736e+00,0.000000e+00,1.000000e-05,7.125747e-09
1.166667e+01,1.494836e+01,7.938851e+00,0.000000e+00,1.000000e-05,1.746284e-08
1.183333e+01,1.494836e+01,8.291860e+00,0.000000e+00,1.000000e-05,0.000000e+00
1.200000e+01,1.504388e+01,8.291860e+00,0.000000e+00,1.000000e-05,3.938450e-09
1.216667e+01,1.587770e+01,8.794845e+00,0.000000e+00,1.000000e-05,2.941763e-08
1.233333e+01,1.614608e+01,9.114762e+00,0.000000e+00,1.000000e-05,8.192835e-09
1.250000e+01,1.666987e+01,9.723067e+00,0.000000e+00,1.000000e-05,1.379795e-08
1.266667e+01,1.717770e+01,9.869287e+00,0.000000e+00,1.000000e-05,1.171823e-08
1.283333e+01,1.783232e+01,1.001337e+01,0.000000e+00,1.000000e-05,1.339252e-08
1.300000e+01,1.799225e+01,1.029549e+01,0.000000e+00,1.000000e-05,2.897382e-09
1.316667e+01,1.815078e+01,1.043369e+01,0.000000e+00,1.000000e-05,2.532865e-09
1.333333e+01,1.861826e+01,1.057009e+01,0.000000e+00,1.000000e-05,6.712628e-09
1.350000e+01,1.877150e+01,1.096910e+01,0.000000e+00,1.000000e-05,1.996929e-09
1.366667e+01,1.951966e+01,1.096910e+01,0.000000e+00,1.000000e-05,9.003471e-09
1.383333e+01,1.981101e+01,1.135410e+01,1.692569e+00,1.000000e-05,3.278955e-09
1.400000e+01,2.024018e+01,1.160367e+01,1.692569e+00,1.000000e-05,4.520699e-09
1.416667e+01,2.059099e+01,1.196827e+01,1.692569e+00,1.000000e-05,4.115285e-09
1.433333e+01,2.086739e+01,1.232209e+01,1.692569e+00,1.000000e-05,3.592421e-09
1.450000e+01,2.134248e+01,1.255243e+01,1.692569e+00,1.000000e-05,6.850710e-09
1.466667e+01,2.180722e+01,1.311058e+01,1.692569e+00,1.000000e-05,7.450668e-09
1.483333e+01,2.219783e+01,1.311058e+01,1.692569e+00,1.000000e-05,6.925093e-09
1.500000e+01,2.264503e+01,1.354055e+01,1.692569e+00,1.000000e-05,8.728441e-09
1.516667e+01,2.289665e+01,1.354055e+01,1.692569e+00,1.000000e-05,5.361758e-09
1.533333e+01,2.333045e+01,1.426184e+01,1.692569e+00,1.000000e-05,1.002365e-08
1.550000e+01,2.387662e+01,1.485223e+01,1.692569e+00,1.000000e-05,1.365499e-08
1.566667e+01,2.405592e+01,1.523312e+01,1.692569e+00,1.000000e-05,4.769645e-09
1.583333e+01,2.435182e+01,1.560471e+01,1.692569e+00,1.000000e-05,8.221066e-09
1.600000e+01,2.464417e+01,1.596766e+01,1.692569e+00,1.000000e-05,8.367392e-09
1.616667e+01,2.476015e+01,1.623455e+01,1.692569e+00,1.000000e-05,3.343188e-09
1.633333e+01,2.510485e+01,1.632254e+01,1.692569e+00,1.000000e-05,9.806969e-09
1.650000e+01,2.544489e+01,1.658372e+01,1.692569e+00,1.000000e-05,9.324708e-09
1.666667e+01,2.611168e+01,1.701011e+01,1.692569e+00,1.000000e-05,1.733145e-08
1.683333e+01,2.638454e+01,1.758969e+01,1.692569e+00,1.000000e-05,6.562555e-09
1.700000e+01,2.670828e+01,1.815078e+01,1.692569e+00,1.000000e-05,6.959569e-09
1.716667e+01,2.692195e+01,1.854116e+01,1.692569e+00,1.000000e-05,4.032549e-09
1.733333e+01,2.718668e+01,1.869503e+01,1.692569e+00,1.000000e-05,4.324094e-09
1.750000e+01,2.750099e+01,1.922389e+01,1.692569e+00,1.000000e-05,4.408221e-09
1.766667e+01,2.760496e+01,1.922389e+01,1.692569e+00,1.000000e-05,1.239827e-09
1.783333e+01,2.801700e+01,1.937233e+01,1.692569e+00,1.000000e-05,4.167762e-09
1.800000e+01,2.811906e+01,1.966587e+01,1.692569e+00,1.000000e-05,8.740467e-10
1.816667e+01,2.852368e+01,1.988318e+01,1.692569e+00,1.000000e-05,2.934446e-09
1.833333e+01,2.862393e+01,2.002674e+01,1.692569e+00,1.000000e-05,6.166065e-10
1.850000e+01,2.887306e+01,2.016928e+01,2.393654e+00,1.000000e-05,1.299992e-09
1.866667e+01,2.912005e+01,2.066043e+01,2.393654e+00,1.000000e-05,1.100913e-09
1.883333e+01,2.946237e+01,2.086739e+01,2.931615e+00,1.000000e-05,1.351599e-09
1.900000e+01,2.960786e+01,2.093592e+01,2.931615e+00,1.000000e-05,5.064647e-10
1.916667e+01,2.984878e+01,2.147629e+01,2.931615e+00,1.000000e-05,7.404598e-10
1.933333e+01,3.032486e+01,2.167546e+01,2.931615e+00,1.000000e-05,1.298582e-09
1.950000e+01,3.056012e+01,2.193820e+01,2.931615e+00,1.000000e-05,5.694959e-10
1.966667e+01,3.070042e+01,2.219783e+01,3.385138e+00,1.000000e-05,3.002671e-10
1.983333e+01,3.070042e+01,2.258168e+01,3.784699e+00,1.000000e-05,0.000000e+00
2.000000e+01,3.097909e+01,2.277118e+01,4.787307e+00,1.000000e-05,4.697027e-10
2.016667e+01,3.130108e+01,2.302142e+01,4.787307e+00,1.000000e-05,4.942304e-10
2.033333e+01,3.139247e+01,2.320733e+01,4.787307e+00,1.000000e-05,1.320298e-10
2.050000e+01,3.175540e+01,2.333045e+01,4.787307e+00,1.000000e-05,4.903249e-10
2.066667e+01,3.202490e+01,2.357475e+01,4.787307e+00,1.000000e-05,3.394745e-10
2.083333e+01,3.220332e+01,2.369596e+01,5.352372e+00,1.000000e-05,2.080243e-10
2.100000e+01,3.264508e+01,2.387662e+01,5.863230e+00,1.000000e-05,4.766312e-10
2.116667e+01,3.286374e+01,2.399630e+01,6.555291e+00,1.000000e-05,2.218292e-10
2.133333e+01,3.308095e+01,2.417472e+01,6.555291e+00,1.000000e-05,2.087582e-10
2.150000e+01,3.346838e+01,2.464417e+01,6.770275e+00,1.000000e-05,3.570801e-10
2.166667e+01,3.385138e+01,2.493309e+01,7.180961e+00,1.000000e-05,3.367611e-10
2.183333e+01,3.410432e+01,2.521871e+01,7.180961e+00,1.000000e-05,2.108549e-10
2.200000e+01,3.443868e+01,2.561321e+01,7.377736e+00,1.000000e-05,2.662206e-10
2.216667e+01,3.468734e+01,2.605676e+01,7.756324e+00,1.000000e-05,1.878955e-10
2.233333e+01,3.505702e+01,2.643877e+01,8.291860e+00,1.000000e-05,2.650212e-10
2.250000e+01,3.530132e+01,2.654690e+01,8.630441e+00,1.000000e-05,1.667363e-10
2.266667e+01,3.566464e+01,2.686870e+01,8.794845e+00,1.000000e-05,2.387681e-10
2.283333e+01,3.590481e+01,2.713394e+01,9.270581e+00,1.000000e-05,1.521673e-10
2.300000e+01,3.622255e+01,2.729185e+01,9.723067e+00,1.000000e-05,1.922793e-10
2.316667e+01,3.649831e+01,2.765680e+01,1.015541e+01,1.000000e-05,1.609701e-10
2.333333e+01,3.669402e+01,2.811906e+01,1.057009e+01,1.000000e-05,1.108337e-10
2.350000e+01,3.715950e+01,2.832209e+01,1.083773e+01,1.000000e-05,2.578735e-10
2.366667e+01,3.765728e+01,2.847341e+01,1.122723e+01,1.000000e-05,2.717557e-10
2.383333e+01,3.814856e+01,2.887306e+01,1.147956e+01,1.000000e-05,2.645424e-10
2.400000e+01,3.841050e+01,2.902151e+01,1.147956e+01,1.000000e-05,1.390948e-10
2.416667e+01,3.867066e+01,2.941371e+01,1.196827e+01,1.000000e-05,1.358776e-10
2.433333e+01,3.903931e+01,2.970446e+01,1.208736e+01,1.000000e-05,1.881719e-10
2.450000e+01,3.940451e+01,3.008776e+01,1.266602e+01,1.000000e-05,1.832176e-10
2.466667e+01,4.005349e+01,3.027759e+01,1.321938e+01,1.000000e-05,3.199206e-10
2.483333e+01,4.030304e+01,3.060696e+01,1.332730e+01,1.000000e-05,1.217822e-10
2.500000e+01,4.062165e+01,3.093282e+01,1.343435e+01,1.000000e-05,1.534309e-10
2.516667e+01,4.107750e+01,3.102530e+01,1.364593e+01,1.000000e-05,2.158912e-10
2.533333e+01,4.152834e+01,3.116350e+01,1.395728e+01,1.000000e-05,2.083319e-10
2.550000e+01,4.190603e+01,3.143807e+01,1.426184e+01,1.000000e-05,1.697144e-10
2.566667e+01,4.221254e+01,3.180048e+01,1.485223e+01,1.000000e-05,1.338610e-10
2.583333e+01,4.271850e+01,3.215881e+01,1.504388e+01,1.000000e-05,2.151566e-10
2.600000e+01,4.301922e+01,3.260118e+01,1.532686e+01,1.000000e-05,1.249878e-10
2.616667e+01,4.335091e+01,3.299424e+01,1.587770e+01,1.000000e-05,1.343050e-10
2.633333e+01,4.348288e+01,3.333974e+01,1.623455e+01,1.000000e-05,5.192248e-11
2.650000e+01,4.381106e+01,3.368169e+01,1.684085e+01,1.000000e-05,1.258994e-10
2.666667e+01,4.420165e+01,3.406229e+01,1.701011e+01,1.000000e-05,1.469372e-10
2.683333e+01,4.449235e+01,3.443868e+01,1.734367e+01,1.000000e-05,1.079508e-10
2.700000e+01,4.474916e+01,3.460465e+01,1.775181e+01,1.000000e-05,9.341996e-11
2.716667e+01,4.525841e+01,3.505702e+01,1.815078e+01,1.000000e-05,1.815730e-10
2.733333e+01,4.547942e+01,3.538238e+01,1.838600e+01,1.000000e-05,7.739998e-11
2.750000e+01,4.582456e+01,3.570478e+01,1.869503e+01,1.000000e-05,1.189367e-10
2.766667e+01,4.629106e+01,3.602429e+01,1.899904e+01,1.000000e-05,1.577814e-10
2.783333e+01,4.659946e+01,3.634099e+01,1.959290e+01,1.000000e-05,1.023270e-10
2.800000e+01,4.675290e+01,3.677201e+01,2.002674e+01,1.000000e-05,4.968738e-11
2.816667e+01,4.721023e+01,3.708232e+01,2.052131e+01,1.000000e-05,1.457019e-10
2.833333e+01,4.763311e+01,3.739007e+01,2.066043e+01,1.000000e-05,1.330785e-10
2.850000e+01,4.787307e+01,3.784699e+01,2.086739e+01,1.000000e-05,7.488880e-11
2.866667e+01,4.814161e+01,3.818609e+01,2.127526e+01,1.000000e-05,8.274235e-11
2.883333e+01,4.843823e+01,3.867066e+01,2.160927e+01,1.000000e-05,9.014802e-11
2.900000e+01,4.882115e+01,3.918580e+01,2.200339e+01,1.000000e-05,1.154718e-10
2.916667e+01,4.925928e+01,3.944085e+01,2.206840e+01,1.000000e-05,1.316373e-10
2.933333e+01,4.952029e+01,3.973033e+01,2.232652e+01,1.000000e-05,7.827405e-11
2.950000e+01,4.995229e+01,3.994606e+01,2.251816e+01,1.000000e-05,1.286801e-10
2.966667e+01,5.046580e+01,4.023190e+01,2.295912e+01,1.000000e-05,1.520033e-10
2.983333e+01,5.083345e+01,4.058637e+01,2.345292e+01,1.000000e-05,1.078154e-10
3.000000e+01,5.117047e+01,4.100770e+01,2.345292e+01,1.000000e-05,9.818609e-11
3.016667e+01,5.144964e+01,4.132087e+01,2.375633e+01,1.000000e-05,8.122644e-11
3.033333e+01,5.189318e+01,4.176909e+01,2.417472e+01,1.000000e-05,1.283004e-10
3.050000e+01,5.225078e+01,4.197434e+01,2.435182e+01,1.000000e-05,1.032057e-10
3.066667e+01,5.263317e+01,4.241565e+01,2.487558e+01,1.000000e-05,1.103576e-10
3.083333e+01,5.298578e+01,4.281898e+01,2.504773e+01,1.000000e-05,1.016044e-10
3.100000e+01,5.336291e+01,4.305251e+01,2.533205e+01,1.000000e-05,1.093437e-10
3.116667e+01,5.360395e+01,4.328478e+01,2.555723e+01,1.000000e-05,7.015424e-11
3.133333e+01,5.405631e+01,4.371286e+01,2.589132e+01,1.000000e-05,1.326060e-10
3.150000e+01,5.445233e+01,4.403932e+01,2.616648e+01,1.000000e-05,1.169427e-10
3.166667e+01,5.484550e+01,4.423405e+01,2.660081e+01,1.000000e-05,1.170023e-10
3.183333e+01,5.533949e+01,4.458883e+01,2.670828e+01,1.000000e-05,1.480329e-10
3.200000e+01,5.562349e+01,4.484509e+01,2.697511e+01,1.000000e-05,8.588578e-11
3.216667e+01,5.603400e+01,4.529005e+01,2.723932e+01,1.000000e-05,1.245922e-10
3.233333e+01,5.641614e+01,4.566800e+01,2.760496e+01,1.000000e-05,1.163669e-10
3.250000e+01,5.674524e+01,4.607395e+01,2.776019e+01,1.000000e-05,1.006057e-10
3.266667e+01,5.692167e+01,4.638380e+01,2.816996e+01,1.000000e-05,5.419117e-11
3.283333e+01,5.722284e+01,4.678353e+01,2.822076e+01,1.000000e-05,9.241965e-11
3.300000e+01,5.744769e+01,4.724056e+01,2.847341e+01,1.000000e-05,6.919508e-11
3.316667e+01,5.764681e+01,4.742214e+01,2.872384e+01,1.000000e-05,6.086890e-11
3.333333e+01,5.806769e+01,4.760303e+01,2.882341e+01,1.000000e-05,1.280695e-10
3.350000e+01,5.826470e+01,4.784314e+01,2.907082e+01,1.000000e-05,5.953454e-11
3.366667e+01,5.875433e+01,4.820108e+01,2.926725e+01,1.000000e-05,1.465490e-10
3.383333e+01,5.936068e+01,4.849734e+01,2.970446e+01,1.000000e-05,1.805541e-10
3.400000e+01,5.962552e+01,4.879180e+01,3.004012e+01,1.000000e-05,7.810293e-11
3.416667e+01,6.000866e+01,4.920108e+01,3.046624e+01,1.000000e-05,1.123087e-10
3.433333e+01,6.034192e+01,4.952029e+01,3.056012e+01,1.000000e-05,9.712495e-11
3.450000e+01,6.067334e+01,4.975116e+01,3.070042e+01,1.000000e-05,9.622079e-11
3.466667e+01,6.090896e+01,5.006686e+01,3.102530e+01,1.000000e-05,6.769942e-11
3.483333e+01,6.114368e+01,5.038058e+01,3.120943e+01,1.000000e-05,6.636454e-11
3.500000e+01,6.151737e+01,5.069236e+01,3.161979e+01,1.000000e-05,1.044141e-10
3.516667e+01,6.174977e+01,5.097415e+01,3.189044e+01,1.000000e-05,6.390363e-11
3.533333e+01,6.214286e+01,5.128232e+01,3.229215e+01,1.000000e-05,1.068347e-10
3.550000e+01,6.248766e+01,5.183794e+01,3.268893e+01,1.000000e-05,9.257520e-11
3.566667e+01,6.289892e+01,5.225078e+01,3.290730e+01,1.000000e-05,1.095420e-10
3.583333e+01,6.328487e+01,5.263317e+01,3.321060e+01,1.000000e-05,1.020781e-10
3.600000e+01,6.362348e+01,5.293169e+01,3.338267e+01,1.000000e-05,8.865107e-11
3.616667e+01,6.389307e+01,5.320161e+01,3.359653e+01,1.000000e-05,6.968158e-11
3.633333e+01,6.427306e+01,5.363066e+01,3.380903e+01,1.000000e-05,9.671849e-11
3.650000e+01,6.447332e+01,5.402981e+01,3.397808e+01,1.000000e-05,5.005273e-11
3.666667e+01,6.478361e+01,5.429427e+01,3.427191e+01,1.000000e-05,7.591007e-11
3.683333e+01,6.518038e+01,5.455745e+01,3.472861e+01,1.000000e-05,9.491323e-11
3.700000e+01,6.539977e+01,5.494986e+01,3.517938e+01,1.000000e-05,5.135014e-11
3.716667e+01,6.557475e+01,5.546876e+01,3.546325e+01,1.000000e-05,4.007991e-11
3.733333e+01,6.596677e+01,5.590604e+01,3.582493e+01,1.000000e-05,8.828945e-11
3.750000e+01,6.618355e+01,5.623813e+01,3.614338e+01,1.000000e-05,4.794848e-11
3.766667e+01,6.667948e+01,5.646689e+01,3.657672e+01,1.000000e-05,1.081551e-10
3.783333e+01,6.712908e+01,5.666947e+01,3.681094e+01,1.000000e-05,9.678277e-11
3.800000e+01,6.751207e+01,5.699711e+01,3.712093e+01,1.000000e-05,8.147938e-11
3.816667e+01,6.772390e+01,5.727289e+01,3.746661e+01,1.000000e-05,4.436915e-11
3.833333e+01,6.801937e+01,5.752244e+01,3.788482e+01,1.000000e-05,6.080142e-11
3.850000e+01,6.831355e+01,5.767166e+01,3.844777e+01,1.000000e-05,5.954964e-11
3.866667e+01,6.873163e+01,5.806769e+01,3.874467e+01,1.000000e-05,8.355042e-11
3.883333e+01,6.908501e+01,5.831384e+01,3.914923e+01,1.000000e-05,7.019608e-11
3.900000e+01,6.937467e+01,5.868114e+01,3.940451e+01,1.000000e-05,5.717234e-11
3.916667e+01,6.960142e+01,5.899762e+01,3.983834e+01,1.000000e-05,4.449326e-11
3.933333e+01,7.005272e+01,5.919153e+01,4.016063e+01,1.000000e-05,8.814605e-11
3.950000e+01,7.039947e+01,5.943303e+01,4.026749e+01,1.000000e-05,6.771262e-11
3.966667e+01,7.070401e+01,5.981740e+01,4.069211e+01,1.000000e-05,5.945785e-11
3.983333e+01,7.108789e+01,6.010407e+01,4.107750e+01,1.000000e-05,7.469148e-11
4.000000e+01,7.142961e+01,6.041309e+01,4.163169e+01,1.000000e-05,6.644305e-11
4.016667e+01,7.174974e+01,6.064972e+01,4.197434e+01,1.000000e-05,6.218590e-11
4.033333e+01,7.208833e+01,6.100296e+01,4.221254e+01,1.000000e-05,6.598611e-11
4.050000e+01,7.238577e+01,6.130745e+01,4.268496e+01,1.000000e-05,5.814931e-11
4.066667e+01,7.270169e+01,6.174977e+01,4.301922e+01,1.000000e-05,6.173549e-11
4.083333e+01,7.309467e+01,6.218895e+01,4.321854e+01,1.000000e-05,7.705921e-11
4.100000e+01,7.358295e+01,6.241885e+01,4.368008e+01,1.000000e-05,9.610244e-11
4.116667e+01,7.395189e+01,6.267077e+01,4.390903e+01,1.000000e-05,7.261934e-11
4.133333e+01,7.422257e+01,6.298994e+01,4.426642e+01,1.000000e-05,5.332611e-11
4.150000e+01,7.454992e+01,6.346569e+01,4.462094e+01,1.000000e-05,6.438738e-11
4.166667e+01,7.487584e+01,6.384822e+01,4.494081e+01,1.000000e-05,6.401907e-11
4.183333e+01,7.525748e+01,6.407217e+01,4.532167e+01,1.000000e-05,7.486261e-11
4.200000e+01,7.575072e+01,6.431761e+01,4.566800e+01,1.000000e-05,9.667510e-11
4.216667e+01,7.614679e+01,6.460648e+01,4.582456e+01,1.000000e-05,7.756563e-11
4.233333e+01,7.652208e+01,6.500434e+01,4.622913e+01,1.000000e-05,7.339260e-11
4.250000e+01,7.700723e+01,6.533403e+01,4.644552e+01,1.000000e-05,9.438317e-11
4.266667e+01,7.735984e+01,6.561843e+01,4.690584e+01,1.000000e-05,6.828410e-11
4.283333e+01,7.774770e+01,6.594505e+01,4.730116e+01,1.000000e-05,7.450946e-11
4.300000e+01,7.807862e+01,6.655046e+01,4.772324e+01,1.000000e-05,6.329013e-11
4.316667e+01,7.844467e+01,6.687253e+01,4.826047e+01,1.000000e-05,6.977804e-11
4.333333e+01,7.877267e+01,6.715041e+01,4.864479e+01,1.000000e-05,6.236998e-11
4.350000e+01,7.918979e+01,6.751207e+01,4.887979e+01,1.000000e-05,7.936241e-11
4.366667e+01,7.958674e+01,6.778733e+01,4.920108e+01,1.000000e-05,7.573053e-11
4.383333e+01,7.983831e+01,6.831355e+01,4.952029e+01,1.000000e-05,4.792241e-11
4.400000e+01,8.023204e+01,6.877330e+01,4.989491e+01,1.000000e-05,7.486479e-11
4.416667e+01,8.069489e+01,6.916789e+01,5.012405e+01,1.000000e-05,8.797204e-11
4.433333e+01,8.113745e+01,6.951905e+01,5.046580e+01,1.000000e-05,8.398616e-11
4.450000e+01,8.150733e+01,6.986845e+01,5.114247e+01,1.000000e-05,6.985694e-11
4.466667e+01,8.185806e+01,7.017530e+01,5.147747e+01,1.000000e-05,6.587748e-11
4.483333e+01,8.224212e+01,7.033840e+01,5.164415e+01,1.000000e-05,7.232400e-11
4.500000e+01,8.264174e+01,7.074451e+01,5.216847e+01,1.000000e-05,7.551730e-11
4.516667e+01,8.295314e+01,7.100724e+01,5.255147e+01,1.000000e-05,5.882487e-11
4.533333e+01,8.331497e+01,7.130919e+01,5.293169e+01,1.000000e-05,6.864804e-11
4.550000e+01,8.360673e+01,7.168983e+01,5.336291e+01,1.000000e-05,5.549000e-11
4.566667e+01,8.401690e+01,7.190928e+01,5.371073e+01,1.000000e-05,7.826113e-11
4.583333e+01,8.425525e+01,7.232638e+01,5.410928e+01,1.000000e-05,4.562514e-11
4.600000e+01,8.450987e+01,7.270169e+01,5.439970e+01,1.000000e-05,4.891909e-11
4.616667e+01,8.484819e+01,7.297700e+01,5.474093e+01,1.000000e-05,6.524258e-11
4.633333e+01,8.516834e+01,7.327083e+01,5.505403e+01,1.000000e-05,6.193168e-11
4.650000e+01,8.557103e+01,7.356349e+01,5.531360e+01,1.000000e-05,7.824673e-11
4.666667e+01,8.590516e+01,7.408735e+01,5.552038e+01,1.000000e-05,6.525093e-11
4.683333e+01,8.628781e+01,7.449226e+01,5.575209e+01,1.000000e-05,7.498743e-11
4.700000e+01,8.671834e+01,7.483757e+01,5.600843e+01,1.000000e-05,8.453206e-11
4.716667e+01,8.709742e+01,7.537159e+01,5.636533e+01,1.000000e-05,7.446512e-11
4.733333e+01,8.752397e+01,7.565612e+01,5.661889e+01,1.000000e-05,8.372476e-11
4.750000e+01,8.793216e+01,7.582632e+01,5.702224e+01,1.000000e-05,8.020870e-11
4.766667e+01,8.838710e+01,7.622199e+01,5.739780e+01,1.000000e-05,8.945083e-11
4.783333e+01,8.874291e+01,7.646590e+01,5.774612e+01,1.000000e-05,7.019342e-11
4.800000e+01,8.919372e+01,7.693279e+01,5.809235e+01,1.000000e-05,8.924643e-11
4.816667e+01,8.953033e+01,7.735984e+01,5.838749e+01,1.000000e-05,6.675225e-11
4.833333e+01,8.981785e+01,7.765553e+01,5.858342e+01,1.000000e-05,5.709514e-11
4.850000e+01,9.016802e+01,7.807862e+01,5.882742e+01,1.000000e-05,6.963988e-11
4.866667e+01,9.061173e+01,7.846293e+01,5.897333e+01,1.000000e-05,8.816575e-11
4.883333e+01,9.095884e+01,7.875448e+01,5.933655e+01,1.000000e-05,6.880796e-11
4.900000e+01,9.136736e+01,7.904495e+01,5.964954e+01,1.000000e-05,8.058139e-11
4.916667e+01,9.166475e+01,7.937047e+01,6.005638e+01,1.000000e-05,5.842956e-11
4.933333e+01,9.193001e+01,7.976651e+01,6.041309e+01,1.000000e-05,5.181663e-11
4.950000e+01,9.225664e+01,8.028559e+01,6.069694e+01,1.000000e-05,6.362786e-11
4.966667e+01,9.261306e+01,8.071264e+01,6.102643e+01,1.000000e-05,6.931340e-11
4.983333e+01,9.295270e+01,8.099609e+01,6.130745e+01,1.000000e-05,6.593515e-11
5.000000e+01,9.327574e+01,8.133141e+01,6.154065e+01,1.000000e-05,6.261280e-11
5.016667e+01,9.345984e+01,8.173548e+01,6.179615e+01,1.000000e-05,3.555687e-11
5.033333e+01,9.384221e+01,8.217243e+01,6.218895e+01,1.000000e-05,7.354420e-11
5.050000e+01,9.402520e+01,8.264174e+01,6.246473e+01,1.000000e-05,3.496576e-11
5.066667e+01,9.443563e+01,8.305668e+01,6.273930e+01,1.000000e-05,7.804332e-11
5.083333e+01,9.467801e+01,8.336653e+01,6.317160e+01,1.000000e-05,4.579000e-11
5.100000e+01,9.499519e+01,8.377788e+01,6.339794e+01,1.000000e-05,5.936815e-11
5.116667e+01,9.525118e+01,8.413616e+01,6.362348e+01,1.000000e-05,4.763998e-11
5.133333e+01,9.550648e+01,8.432322e+01,6.411686e+01,1.000000e-05,4.717831e-11
5.150000e+01,9.574615e+01,8.466228e+01,6.449553e+01,1.000000e-05,4.386141e-11
5.166667e+01,9.619391e+01,8.494942e+01,6.473937e+01,1.000000e-05,8.164669e-11
5.183333e+01,9.655063e+01,8.533636e+01,6.513641e+01,1.000000e-05,6.492403e-11
5.200000e+01,9.690603e+01,8.553754e+01,6.559659e+01,1.000000e-05,6.446735e-11
5.216667e+01,9.724540e+01,8.583844e+01,6.605357e+01,1.000000e-05,6.147956e-11
5.233333e+01,9.762762e+01,8.610502e+01,6.639963e+01,1.000000e-05,6.934312e-11
5.250000e+01,9.794988e+01,8.643708e+01,6.682968e+01,1.000000e-05,5.867303e-11
5.266667e+01,9.813980e+01,8.673486e+01,6.712908e+01,1.000000e-05,3.462922e-11
5.283333e+01,9.853309e+01,8.709742e+01,6.738465e+01,1.000000e-05,7.204726e-11
5.300000e+01,9.901166e+01,8.737656e+01,6.759688e+01,1.000000e-05,8.803936e-11
5.316667e+01,9.934384e+01,8.760576e+01,6.795616e+01,1.000000e-05,6.124267e-11
5.333333e+01,9.974674e+01,8.804612e+01,6.829258e+01,1.000000e-05,7.422922e-11
5.350000e+01,1.000622e+02,8.840330e+01,6.875247e+01,1.000000e-05,5.810591e-11
5.366667e+01,1.003766e+02,8.867833e+01,6.902278e+01,1.000000e-05,5.791458e-11
5.383333e+01,1.006474e+02,8.890418e+01,6.941596e+01,1.000000e-05,4.995715e-11
5.400000e+01,1.009458e+02,8.937019e+01,6.964257e+01,1.000000e-05,5.503195e-11
5.416667e+01,1.012009e+02,8.965823e+01,6.999135e+01,1.000000e-05,4.703846e-11
5.433333e+01,1.015964e+02,8.996126e+01,7.029766e+01,1.000000e-05,7.271769e-11
5.450000e+01,1.018780e+02,9.031088e+01,7.056205e+01,1.000000e-05,5.161644e-11
5.466667e+01,1.021588e+02,9.061173e+01,7.088610e+01,1.000000e-05,5.124818e-11
5.483333e+01,1.025367e+02,9.099033e+01,7.110803e+01,1.000000e-05,6.860345e-11
5.500000e+01,1.028714e+02,9.132032e+01,7.142961e+01,1.000000e-05,6.044846e-11
5.516667e+01,1.032744e+02,9.164912e+01,7.166984e+01,1.000000e-05,7.217939e-11
5.533333e+01,1.036344e+02,9.196117e+01,7.204858e+01,1.000000e-05,6.390497e-11
5.550000e+01,1.039243e+02,9.228769e+01,7.240555e+01,1.000000e-05,5.083137e-11
5.566667e+01,1.042545e+02,9.267490e+01,7.280013e+01,1.000000e-05,5.728123e-11
5.583333e+01,1.045290e+02,9.292187e+01,7.327083e+01,1.000000e-05,4.712767e-11
5.600000e+01,1.048573e+02,9.327574e+01,7.381618e+01,1.000000e-05,5.589619e-11
5.616667e+01,1.052391e+02,9.375059e+01,7.424186e+01,1.000000e-05,6.465338e-11
5.633333e+01,1.055789e+02,9.414700e+01,7.449226e+01,1.000000e-05,5.738174e-11
5.650000e+01,1.057957e+02,9.440529e+01,7.497143e+01,1.000000e-05,3.656841e-11
5.666667e+01,1.062416e+02,9.473850e+01,7.531455e+01,1.000000e-05,7.503663e-11
5.683333e+01,1.066050e+02,9.522110e+01,7.561824e+01,1.000000e-05,6.122380e-11
5.700000e+01,1.070207e+02,9.561141e+01,7.595844e+01,1.000000e-05,7.007451e-11
5.716667e+01,1.074481e+02,9.580597e+01,7.629712e+01,1.000000e-05,7.200455e-11
5.733333e+01,1.077277e+02,9.623857e+01,7.661562e+01,1.000000e-05,4.699738e-11
5.750000e+01,1.081524e+02,9.652095e+01,7.715589e+01,1.000000e-05,7.129706e-11
5.766667e+01,1.083508e+02,9.678771e+01,7.758171e+01,1.000000e-05,3.322243e-11
5.783333e+01,1.087862e+02,9.702421e+01,7.806027e+01,1.000000e-05,7.297509e-11
5.800000e+01,1.091149e+02,9.743670e+01,7.837160e+01,1.000000e-05,5.523604e-11
5.816667e+01,1.094819e+02,9.778888e+01,7.869990e+01,1.000000e-05,6.199359e-11
5.833333e+01,1.098215e+02,9.818358e+01,7.902683e+01,1.000000e-05,5.766054e-11
5.850000e+01,1.100430e+02,9.848947e+01,7.937047e+01,1.000000e-05,3.769282e-11
5.866667e+01,1.103679e+02,9.889585e+01,7.978447e+01,1.000000e-05,5.541219e-11
5.883333e+01,1.106790e+02,9.914177e+01,8.014273e+01,1.000000e-05,5.316121e-11
5.900000e+01,1.111052e+02,9.932942e+01,8.049940e+01,1.000000e-05,7.312856e-11
5.916667e+01,1.115170e+02,9.971802e+01,8.080132e+01,1.000000e-05,7.093474e-11
5.933333e+01,1.118761e+02,1.000049e+02,8.119039e+01,1.000000e-05,6.203529e-11
5.950000e+01,1.123488e+02,1.002767e+02,8.157760e+01,1.000000e-05,8.187448e-11
5.966667e+01,1.126798e+02,1.006331e+02,8.182305e+01,1.000000e-05,5.735690e-11
5.983333e+01,1.129465e+02,1.010734e+02,8.220728e+01,1.000000e-05,4.621573e-11
6.000000e+01,1.133895e+02,1.013989e+02,8.260707e+01,1.000000e-05,7.674441e-11
6.016667e+01,1.138937e+02,1.018218e+02,8.284947e+01,1.000000e-05,8.742847e-11
6.033333e+01,1.141575e+02,1.020606e+02,8.322896e+01,1.000000e-05,4.570862e-11
6.050000e+01,1.145458e+02,1.023269e+02,8.358959e+01,1.000000e-05,6.709347e-11
6.066667e+01,1.149951e+02,1.027042e+02,8.398280e+01,1.000000e-05,7.752421e-11
6.083333e+01,1.153806e+02,1.031079e+02,8.425525e+01,1.000000e-05,6.642490e-11
6.100000e+01,1.156410e+02,1.034130e+02,8.456071e+01,1.000000e-05,4.479305e-11
6.116667e+01,1.160367e+02,1.037311e+02,8.499999e+01,1.000000e-05,6.779439e-11
6.133333e+01,1.163818e+02,1.041308e+02,8.530278e+01,1.000000e-05,5.890250e-11
6.150000e+01,1.167014e+02,1.045427e+02,8.570484e+01,1.000000e-05,5.441582e-11
6.166667e+01,1.171668e+02,1.050620e+02,8.607174e+01,1.000000e-05,7.915621e-11
6.183333e+01,1.173867e+02,1.054974e+02,8.647022e+01,1.000000e-05,3.729250e-11
6.200000e+01,1.177765e+02,1.058498e+02,8.689985e+01,1.000000e-05,6.601275e-11
6.216667e+01,1.181166e+02,1.061741e+02,8.731096e+01,1.000000e-05,5.755891e-11
6.233333e+01,1.184798e+02,1.065378e+02,8.758941e+01,1.000000e-05,6.167216e-11
6.250000e+01,1.188540e+02,1.069002e+02,8.791587e+01,1.000000e-05,6.390038e-11
6.266667e+01,1.191910e+02,1.071812e+02,8.835468e+01,1.000000e-05,5.780384e-11
6.283333e+01,1.196587e+02,1.073948e+02,8.856519e+01,1.000000e-05,8.066417e-11
6.300000e+01,1.198740e+02,1.077809e+02,8.896860e+01,1.000000e-05,3.733097e-11
6.316667e+01,1.202677e+02,1.080464e+02,8.933813e+01,1.000000e-05,6.860793e-11
6.333333e+01,1.207432e+02,1.084301e+02,8.980190e+01,1.000000e-05,8.356334e-11
6.350000e+01,1.210749e+02,1.087072e+02,9.015213e+01,1.000000e-05,5.877388e-11
6.366667e+01,1.215000e+02,1.091018e+02,9.040599e+01,1.000000e-05,7.614091e-11
6.383333e+01,1.218532e+02,1.094688e+02,9.064334e+01,1.000000e-05,6.398534e-11
6.400000e+01,1.223810e+02,1.097432e+02,9.097459e+01,1.000000e-05,9.655682e-11
6.416667e+01,1.226733e+02,1.101991e+02,9.132032e+01,1.000000e-05,5.378513e-11
6.433333e+01,1.229998e+02,1.105495e+02,9.161786e+01,1.000000e-05,6.041499e-11
6.450000e+01,1.233487e+02,1.109762e+02,9.196117e+01,1.000000e-05,6.492453e-11
6.466667e+01,1.236850e+02,1.112470e+02,9.239627e+01,1.000000e-05,6.292418e-11
6.483333e+01,1.239742e+02,1.115556e+02,9.261306e+01,1.000000e-05,5.431502e-11
6.500000e+01,1.242166e+02,1.119145e+02,9.282933e+01,1.000000e-05,4.580559e-11
6.516667e+01,1.245160e+02,1.123106e+02,9.318356e+01,1.000000e-05,5.676200e-11
6.533333e+01,1.249180e+02,1.126798e+02,9.347516e+01,1.000000e-05,7.633241e-11
6.550000e+01,1.253644e+02,1.129592e+02,9.381168e+01,1.000000e-05,8.502513e-11
6.566667e+01,1.256269e+02,1.132251e+02,9.405567e+01,1.000000e-05,4.999454e-11
6.583333e+01,1.261049e+02,1.134905e+02,9.431421e+01,1.000000e-05,9.110040e-11
6.600000e+01,1.263772e+02,1.138811e+02,9.464774e+01,1.000000e-05,5.177853e-11
6.616667e+01,1.267620e+02,1.141951e+02,9.502534e+01,1.000000e-05,7.291060e-11
6.633333e+01,1.273032e+02,1.145458e+02,9.537141e+01,1.000000e-05,1.024139e-10
6.650000e+01,1.276291e+02,1.148330e+02,9.574615e+01,1.000000e-05,6.160916e-11
6.666667e+01,1.278982e+02,1.150822e+02,9.607471e+01,1.000000e-05,5.081093e-11
6.683333e+01,1.281667e+02,1.154426e+02,9.640215e+01,1.000000e-05,5.066673e-11
6.700000e+01,1.284012e+02,1.157276e+02,9.669887e+01,1.000000e-05,4.422021e-11
6.716667e+01,1.288466e+02,1.161230e+02,9.702421e+01,1.000000e-05,8.404324e-11
6.733333e+01,1.291242e+02,1.165171e+02,9.731902e+01,1.000000e-05,5.236013e-11
6.750000e+01,1.295119e+02,1.167627e+02,9.765696e+01,1.000000e-05,7.307559e-11
6.766667e+01,1.299646e+02,1.172035e+02,9.796450e+01,1.000000e-05,8.522817e-11
6.783333e+01,1.303717e+02,1.176305e+02,9.831479e+01,1.000000e-05,7.660349e-11
6.800000e+01,1.306681e+02,1.179467e+02,9.866384e+01,1.000000e-05,5.561479e-11
6.816667e+01,1.310512e+02,1.182862e+02,9.898272e+01,1.000000e-05,7.178354e-11
6.833333e+01,1.314768e+02,1.186852e+02,9.922842e+01,1.000000e-05,7.974579e-11
6.850000e+01,1.318901e+02,1.191068e+02,9.958865e+01,1.000000e-05,7.747136e-11
6.866667e+01,1.322588e+02,1.194910e+02,9.978981e+01,1.000000e-05,6.897208e-11
6.883333e+01,1.325725e+02,1.198979e+02,1.003195e+02,1.000000e-05,5.856142e-11
6.900000e+01,1.329178e+02,1.203272e+02,1.005904e+02,1.000000e-05,6.418072e-11
6.916667e+01,1.331655e+02,1.207076e+02,1.010167e+02,1.000000e-05,4.600379e-11
6.933333e+01,1.334663e+02,1.210749e+02,1.012999e+02,1.000000e-05,5.580944e-11
6.950000e+01,1.337129e+02,1.215236e+02,1.015823e+02,1.000000e-05,4.570269e-11
6.966667e+01,1.340553e+02,1.220059e+02,1.020326e+02,1.000000e-05,6.332932e-11
6.983333e+01,1.343648e+02,1.222405e+02,1.023129e+02,1.000000e-05,5.709440e-11
7.000000e+01,1.346098e+02,1.225798e+02,1.025227e+02,1.000000e-05,4.511825e-11
7.016667e+01,1.349392e+02,1.228250e+02,1.029132e+02,1.000000e-05,6.057899e-11
7.033333e+01,1.352467e+02,1.230580e+02,1.031773e+02,1.000000e-05,5.634241e-11
7.050000e+01,1.356486e+02,1.234183e+02,1.036759e+02,1.000000e-05,7.356874e-11
7.066667e+01,1.358912e+02,1.238123e+02,1.039381e+02,1.000000e-05,4.429758e-11
7.083333e+01,1.362912e+02,1.241820e+02,1.044193e+02,1.000000e-05,7.309956e-11
7.100000e+01,1.366061e+02,1.244585e+02,1.047890e+02,1.000000e-05,5.759165e-11
7.116667e+01,1.368680e+02,1.248262e+02,1.050348e+02,1.000000e-05,4.800840e-11
7.133333e+01,1.372025e+02,1.251929e+02,1.054567e+02,1.000000e-05,6.152084e-11
7.150000e+01,1.375258e+02,1.255471e+02,1.056873e+02,1.000000e-05,5.955008e-11
7.166667e+01,1.379002e+02,1.257864e+02,1.061201e+02,1.000000e-05,6.915813e-11
7.183333e+01,1.382115e+02,1.261162e+02,1.064301e+02,1.000000e-05,5.749150e-11
7.200000e+01,1.385427e+02,1.264565e+02,1.067795e+02,1.000000e-05,6.130941e-11
7.216667e+01,1.388629e+02,1.268298e+02,1.072346e+02,1.000000e-05,5.933908e-11
7.233333e+01,1.392543e+02,1.271681e+02,1.075414e+02,1.000000e-05,7.271792e-11
7.250000e+01,1.396344e+02,1.274269e+02,1.078207e+02,1.000000e-05,7.094549e-11
7.266667e+01,1.399929e+02,1.278534e+02,1.082053e+02,1.000000e-05,6.718299e-11
7.283333e+01,1.403302e+02,1.282672e+02,1.085226e+02,1.000000e-05,6.334857e-11
7.300000e+01,1.406666e+02,1.286241e+02,1.087204e+02,1.000000e-05,6.334437e-11
7.316667e+01,1.410733e+02,1.289689e+02,1.090493e+02,1.000000e-05,7.666184e-11
7.333333e+01,1.413675e+02,1.292684e+02,1.093771e+02,1.000000e-05,5.525395e-11
7.350000e+01,1.416914e+02,1.296335e+02,1.097432e+02,1.000000e-05,6.059694e-11
7.366667e+01,1.419842e+02,1.299536e+02,1.101731e+02,1.000000e-05,5.456980e-11
7.383333e+01,1.423872e+02,1.302288e+02,1.104588e+02,1.000000e-05,7.487327e-11
7.400000e+01,1.427188e+02,1.305035e+02,1.107566e+02,1.000000e-05,6.152459e-11
7.416667e+01,1.430296e+02,1.307776e+02,1.110924e+02,1.000000e-05,5.751084e-11
7.433333e+01,1.433197e+02,1.310840e+02,1.113757e+02,1.000000e-05,5.348092e-11
7.450000e+01,1.436392e+02,1.314332e+02,1.117095e+02,1.000000e-05,5.863419e-11
7.466667e+01,1.439878e+02,1.317597e+02,1.119529e+02,1.000000e-05,6.366602e-11
7.483333e+01,1.443951e+02,1.321180e+02,1.123616e+02,1.000000e-05,7.404983e-11
7.500000e+01,1.446627e+02,1.325401e+02,1.127561e+02,1.000000e-05,4.833356e-11
7.516667e+01,1.450977e+02,1.329502e+02,1.130099e+02,1.000000e-05,7.824417e-11
7.533333e+01,1.454920e+02,1.333590e+02,1.133516e+02,1.000000e-05,7.072727e-11
7.550000e+01,1.458755e+02,1.336915e+02,1.136418e+02,1.000000e-05,6.846002e-11
7.566667e+01,1.461698e+02,1.339912e+02,1.138308e+02,1.000000e-05,5.228285e-11
7.583333e+01,1.464830e+02,1.343328e+02,1.141951e+02,1.000000e-05,5.535664e-11
7.600000e+01,1.468053e+02,1.345778e+02,1.145583e+02,1.000000e-05,5.650643e-11
7.616667e+01,1.472146e+02,1.348224e+02,1.149452e+02,1.000000e-05,7.128471e-11
7.633333e+01,1.475644e+02,1.351408e+02,1.152812e+02,1.000000e-05,6.062732e-11
7.650000e+01,1.478941e+02,1.355218e+02,1.155542e+02,1.000000e-05,5.687865e-11
7.666667e+01,1.482037e+02,1.359018e+02,1.160120e+02,1.000000e-05,5.319223e-11
7.683333e+01,1.484741e+02,1.362071e+02,1.163449e+02,1.000000e-05,4.619318e-11
7.700000e+01,1.487825e+02,1.366795e+02,1.166768e+02,1.000000e-05,5.255504e-11
7.716667e+01,1.491863e+02,1.370458e+02,1.171668e+02,1.000000e-05,6.870108e-11
7.733333e+01,1.495124e+02,1.374841e+02,1.176548e+02,1.000000e-05,5.536124e-11
7.750000e+01,1.498664e+02,1.378067e+02,1.180923e+02,1.000000e-05,6.018297e-11
7.766667e+01,1.501815e+02,1.382218e+02,1.183952e+02,1.000000e-05,5.376583e-11
7.783333e+01,1.505340e+02,1.385117e+02,1.187817e+02,1.000000e-05,6.048959e-11
7.800000e+01,1.509236e+02,1.389350e+02,1.190707e+02,1.000000e-05,6.721224e-11
7.816667e+01,1.512649e+02,1.392954e+02,1.195270e+02,1.000000e-05,5.918735e-11
7.833333e+01,1.515865e+02,1.396446e+02,1.197664e+02,1.000000e-05,5.598580e-11
7.850000e+01,1.519546e+02,1.400134e+02,1.201485e+02,1.000000e-05,6.437254e-11
7.866667e+01,1.522277e+02,1.403200e+02,1.204700e+02,1.000000e-05,4.786063e-11
7.883333e+01,1.525473e+02,1.406055e+02,1.207550e+02,1.000000e-05,5.614118e-11
7.900000e+01,1.528850e+02,1.408905e+02,1.211458e+02,1.000000e-05,5.940558e-11
7.916667e+01,1.531845e+02,1.412661e+02,1.215472e+02,1.000000e-05,5.270383e-11
7.933333e+01,1.536606e+02,1.415902e+02,1.219120e+02,1.000000e-05,8.401635e-11
7.950000e+01,1.539773e+02,1.419136e+02,1.222874e+02,1.000000e-05,5.603238e-11
7.966667e+01,1.543303e+02,1.422161e+02,1.226966e+02,1.000000e-05,6.265211e-11
7.983333e+01,1.547104e+02,1.425380e+02,1.229882e+02,1.000000e-05,6.761337e-11
