Time,avgI1rd,avgI2rd,avgDrd,Beta,Beff
0.000000e+00,1.692569e+00,0.000000e+00,0.000000e+00,1.000000e-05,0.000000e+00
1.666667e-01,1.692569e+00,0.000000e+00,0.000000e+00,1.000000e-05,0.000000e+00
3.333333e-01,1.692569e+00,0.000000e+00,0.000000e+00,1.000000e-05,0.000000e+00
5.000000e-01,1.692569e+00,0.000000e+00,0.000000e+00,1.000000e-05,0.000000e+00
6.666667e-01,1.692569e+00,0.000000e+00,0.000000e+00,1.000000e-05,0.000000e+00
8.333333e-01,1.692569e+00,0.000000e+00,0.000000e+00,1.000000e-05,0.000000e+00
1.000000e+00,1.692569e+00,0.000000e+00,0.000000e+00,1.000000e-05,0.000000e+00
1.166667e+00,1.692569e+00,0.000000e+00,0.000000e+00,1.000000e-05,0.000000e+00
1.333333e+00,1.692569e+00,0.000000e+00,0.000000e+00,1.000000e-05,0.000000e+00
1.500000e+00,1.692569e+00,0.000000e+00,0.000000e+00,1.000000e-05,0.000000e+00
1.666667e+00,1.692569e+00,0.000000e+00,0.000000e+00,1.000000e-05,0.000000e+00
1.833333e+00,1.692569e+00,0.000000e+00,0.000000e+00,1.000000e-05,0.000000e+00
2.000000e+00,1.692569e+00,0.000000e+00,0.000000e+00,1.000000e-05,0.000000e+00
2.166667e+00,1.692569e+00,0.000000e+00,0.000000e+00,1.000000e-05,0.000000e+00
2.333333e+00,1.692569e+00,0.000000e+00,0.000000e+00,1.000000e-05,0.000000e+00
2.500000e+00,1.692569e+00,0.000000e+00,0.000000e+00,1.000000e-05,0.000000e+00
2.666667e+00,1.692569e+00,0.000000e+00,0.000000e+00,1.000000e-05,0.000000e+00
2.833333e+00,1.692569e+00,0.000000e+00,0.000000e+00,1.000000e-05,0.000000e+00
3.000000e+00,1.692569e+00,0.000000e+00,0.000000e+00,1.000000e-05,0.000000e+00
3.166667e+00,1.692569e+00,0.000000e+00,0.000000e+00,1.000000e-05,0.000000e+00
3.333333e+00,1.692569e+00,0.000000e+00,0.000000e+00,1.000000e-05,0.000000e+00
3.500000e+00,1.692569e+00,0.000000e+00,0.000000e+00,1.000000e-05,0.000000e+00
3.666667e+00,1.692569e+00,0.000000e+00,0.000000e+00,1.000000e-05,0.000000e+00
3.833333e+00,1.692569e+00,0.000000e+00,0.000000e+00,1.000000e-05,0.000000e+00
4.000000e+00,1.692569e+00,0.000000e+00,0.000000e+00,1.000000e-05,0.000000e+00
4.166667e+00,1.692569e+00,0.000000e+00,0.000000e+00,1.000000e-05,0.000000e+00
4.333333e+00,1.692569e+00,0.000000e+00,0.000000e+00,1.000000e-05,0.000000e+00
4.500000e+00,1.692569e+00,0.000000e+00,0.000000e+00,1.000000e-05,0.000000e+00
4.666667e+00,1.692569e+00,0.000000e+00,0.000000e+00,1.000000e-05,0.000000e+00
4.833333e+00,1.692569e+00,0.000000e+00,0.000000e+00,1.000000e-05,0.000000e+00
5.000000e+00,1.692569e+00,0.000000e+00,0.000000e+00,1.000000e-05,0.000000e+00
5.166667e+00,1.692569e+00,0.000000e+00,0.000000e+00,1.000000e-05,0.000000e+00
5.333333e+00,1.692569e+00,0.000000e+00,0.000000e+00,1.000000e-05,0.000000e+00
5.500000e+00,1.692569e+00,0.000000e+00,0.000000e+00,1.000000e-05,0.000000e+00
5.666667e+00,1.692569e+00,0.000000e+00,0.000000e+00,1.000000e-05,0.000000e+00
5.833333e+00,1.692569e+00,0.000000e+00,0.000000e+00,1.000000e-05,0.000000e+00
6.000000e+00,1.692569e+00,0.000000e+00,0.000000e+00,1.000000e-05,0.000000e+00
6.166667e+00,1.692569e+00,0.000000e+00,0.000000e+00,1.000000e-05,0.000000e+00
6.333333e+00,1.692569e+00,0.000000e+00,0.000000e+00,1.000000e-05,0.000000e+00
6.500000e+00,1.692569e+00,0.000000e+00,0.000000e+00,1.000000e-05,0.000000e+00
6.666667e+00,1.692569e+00,0.000000e+00,0.000000e+00,1.000000e-05,0.000000e+00
6.833333e+00,1.692569e+00,0.000000e+00,0.000000e+00,1.000000e-05,0.000000e+00
7.000000e+00,1.692569e+00,0.000000e+00,0.000000e+00,1.000000e-05,0.000000e+00
7.166667e+00,1.692569e+00,0.000000e+00,0.000000e+00,1.000000e-05,0.000000e+00
7.333333e+00,1.692569e+00,0.000000e+00,0.000000e+00,1.000000e-05,0.000000e+00
7.500000e+00,1.692569e+00,0.000000e+00,0.000000e+00,1.000000e-05,0.000000e+00
7.666667e+00,1.692569e+00,0.000000e+00,0.000000e+00,1.000000e-05,0.000000e+00
7.833333e+00,1.692569e+00,0.000000e+00,0.000000e+00,1.000000e-05,0.000000e+00
8.000000e+00,1.692569e+00,0.000000e+00,0.000000e+00,1.000000e-05,0.000000e+00
8.166667e+00,1.692569e+00,0.000000e+00,0.000000e+00,1.000000e-05,0.000000e+00
8.333333e+00,1.692569e+00,0.000000e+00,0.000000e+00,1.000000e-05,0.000000e+00
8.500000e+00,1.692569e+00,0.000000e+00,0.000000e+00,1.000000e-05,0.000000e+00
8.666667e+00,1.692569e+00,0.000000e+00,0.000000e+00,1.000000e-05,0.000000e+00
8.833333e+00,1.692569e+00,0.000000e+00,0.000000e+00,1.000000e-05,0.000000e+00
9.000000e+00,1.692569e+00,0.000000e+00,0.000000e+00,1.000000e-05,0.000000e+00
9.166667e+00,1.692569e+00,0.000000e+00,0.000000e+00,1.000000e-05,0.000000e+00
9.333333e+00,1.692569e+00,0.000000e+00,0.000000e+00,1.000000e-05,0.000000e+00
9.500000e+00,1.692569e+00,0.000000e+00,0.000000e+00,1.000000e-05,0.000000e+00
9.666667e+00,1.692569e+00,0.000000e+00,0.000000e+00,1.000000e-05,0.000000e+00
9.833333e+00,1.692569e+00,0.000000e+00,0.000000e+00,1.000000e-05,0.000000e+00
1.000000e+01,1.692569e+00,0.000000e+00,0.000000e+00,1.000000e-05,0.000000e+00
1.016667e+01,1.692569e+00,0.000000e+00,0.000000e+00,1.000000e-05,0.000000e+00
1.033333e+01,1.692569e+00,0.000000e+00,0.000000e+00,1.000000e-05,0.000000e+00
1.050000e+01,1.692569e+00,0.000000e+00,0.000000e+00,1.000000e-05,0.000000e+00
1.066667e+01,1.692569e+00,1.692569e+00,0.000000e+00,1.000000e-05,0.000000e+00
1.083333e+01,1.692569e+00,1.692569e+00,0.000000e+00,1.000000e-05,0.000000e+00
1.100000e+01,4.787307e+00,1.692569e+00,0.000000e+00,1.000000e-05,3.548836e-07
1.116667e+01,6.770275e+00,1.692569e+00,0.000000e+00,1.000000e-05,1.894519e-07
1.133333e+01,7.756324e+00,1.692569e+00,0.000000e+00,1.000000e-05,7.333547e-08
1.150000e+01,8.462844e+00,2.393654e+00,0.000000e+00,1.000000e-05,4.068384e-08
1.166667e+01,9.869287e+00,2.931615e+00,0.000000e+00,1.000000e-05,6.746236e-08
1.183333e+01,1.096910e+01,3.784699e+00,0.000000e+00,1.000000e-05,4.590444e-08
1.200000e+01,1.135410e+01,4.145930e+00,0.000000e+00,1.000000e-05,1.352869e-08
1.216667e+01,1.255243e+01,4.145930e+00,0.000000e+00,1.000000e-05,3.617124e-08
1.233333e+01,1.255243e+01,4.145930e+00,0.000000e+00,1.000000e-05,0.000000e+00
1.250000e+01,1.332730e+01,4.145930e+00,0.000000e+00,1.000000e-05,1.707488e-08
1.266667e+01,1.426184e+01,4.787307e+00,0.000000e+00,1.000000e-05,1.840555e-08
1.283333e+01,1.465808e+01,5.352372e+00,0.000000e+00,1.000000e-05,6.944239e-09
1.300000e+01,1.542004e+01,5.613615e+00,0.000000e+00,1.000000e-05,1.193712e-08
1.316667e+01,1.614608e+01,5.863230e+00,0.000000e+00,1.000000e-05,1.038370e-08
1.333333e+01,1.675558e+01,6.333012e+00,0.000000e+00,1.000000e-05,7.996341e-09
1.350000e+01,1.742606e+01,6.770275e+00,0.000000e+00,1.000000e-05,8.135555e-09
1.366667e+01,1.815078e+01,6.978640e+00,0.000000e+00,1.000000e-05,8.238431e-09
1.383333e+01,1.861826e+01,7.180961e+00,0.000000e+00,1.000000e-05,4.995599e-09
1.400000e+01,1.907428e+01,7.938851e+00,0.000000e+00,1.000000e-05,4.589422e-09
1.416667e+01,1.988318e+01,8.462844e+00,1.692569e+00,1.000000e-05,7.804057e-09
1.433333e+01,2.024018e+01,8.956232e+00,1.692569e+00,1.000000e-05,3.318332e-09
1.450000e+01,2.024018e+01,9.270581e+00,1.692569e+00,1.000000e-05,0.000000e+00
1.466667e+01,2.059099e+01,1.043369e+01,1.692569e+00,1.000000e-05,3.982195e-09
1.483333e+01,2.100423e+01,1.043369e+01,1.692569e+00,1.000000e-05,5.235495e-09
1.500000e+01,2.140949e+01,1.122723e+01,1.692569e+00,1.000000e-05,5.736001e-09
1.516667e+01,2.193820e+01,1.172646e+01,1.692569e+00,1.000000e-05,8.379690e-09
1.533333e+01,2.213321e+01,1.196827e+01,1.692569e+00,1.000000e-05,3.442348e-09
1.550000e+01,2.251816e+01,1.208736e+01,1.692569e+00,1.000000e-05,7.542596e-09
1.566667e+01,2.289665e+01,1.277861e+01,1.692569e+00,1.000000e-05,8.263201e-09
1.583333e+01,2.326897e+01,1.289022e+01,1.692569e+00,1.000000e-05,9.052398e-09
1.600000e+01,2.369596e+01,1.364593e+01,1.692569e+00,1.000000e-05,1.156966e-08
1.616667e+01,2.411539e+01,1.405953e+01,1.692569e+00,1.000000e-05,1.267380e-08
1.633333e+01,2.452765e+01,1.436192e+01,1.692569e+00,1.000000e-05,1.388194e-08
1.650000e+01,2.476015e+01,1.456003e+01,1.692569e+00,1.000000e-05,8.686637e-09
1.666667e+01,2.516184e+01,1.494836e+01,1.692569e+00,1.000000e-05,1.664566e-08
1.683333e+01,2.566908e+01,1.504388e+01,1.692569e+00,1.000000e-05,2.343097e-08
1.700000e+01,2.616648e+01,1.532686e+01,1.692569e+00,1.000000e-05,2.564471e-08
1.716667e+01,2.649289e+01,1.578723e+01,1.692569e+00,1.000000e-05,1.870118e-08
1.733333e+01,2.665460e+01,1.596766e+01,1.692569e+00,1.000000e-05,1.021970e-08
1.750000e+01,2.686870e+01,1.658372e+01,1.692569e+00,1.000000e-05,1.487944e-08
1.766667e+01,2.702816e+01,1.692569e+01,1.692569e+00,1.000000e-05,1.217069e-08
1.783333e+01,2.739662e+01,1.758969e+01,1.692569e+00,1.000000e-05,3.091697e-08
1.800000e+01,2.744885e+01,1.791246e+01,1.692569e+00,1.000000e-05,4.796089e-09
1.816667e+01,2.776019e+01,1.799225e+01,1.692569e+00,1.000000e-05,3.114598e-08
1.833333e+01,2.801700e+01,1.822952e+01,1.692569e+00,1.000000e-05,2.797104e-08
1.850000e+01,2.842306e+01,1.838600e+01,1.692569e+00,1.000000e-05,4.796256e-08
1.866667e+01,2.877367e+01,1.869503e+01,1.692569e+00,1.000000e-05,4.460543e-08
1.883333e+01,2.912005e+01,1.929825e+01,1.692569e+00,1.000000e-05,4.693955e-08
1.900000e+01,2.936497e+01,1.995509e+01,1.692569e+00,1.000000e-05,3.484735e-08
1.916667e+01,2.980075e+01,2.002674e+01,1.692569e+00,1.000000e-05,6.403430e-08
1.933333e+01,2.999239e+01,2.052131e+01,1.692569e+00,1.000000e-05,2.851500e-08
1.950000e+01,3.013533e+01,2.086739e+01,1.692569e+00,1.000000e-05,2.097775e-08
1.966667e+01,3.046624e+01,2.100423e+01,1.692569e+00,1.000000e-05,4.657879e-08
1.983333e+01,3.079359e+01,2.107231e+01,1.692569e+00,1.000000e-05,4.315773e-08
2.000000e+01,3.097909e+01,2.154288e+01,1.692569e+00,1.000000e-05,2.231869e-08
2.016667e+01,3.111750e+01,2.187281e+01,1.692569e+00,1.000000e-05,1.482417e-08
2.033333e+01,3.130108e+01,2.219783e+01,1.692569e+00,1.000000e-05,1.716929e-08
2.050000e+01,3.139247e+01,2.239058e+01,1.692569e+00,1.000000e-05,7.332346e-09
2.066667e+01,3.152906e+01,2.270819e+01,1.692569e+00,1.000000e-05,9.260001e-09
2.083333e+01,3.184549e+01,2.289665e+01,1.692569e+00,1.000000e-05,1.801503e-08
2.100000e+01,3.184549e+01,2.339177e+01,1.692569e+00,1.000000e-05,0.000000e+00
2.116667e+01,3.202490e+01,2.375633e+01,1.692569e+00,1.000000e-05,6.988561e-09
2.133333e+01,3.246910e+01,2.393654e+01,1.692569e+00,1.000000e-05,1.429844e-08
2.150000e+01,3.268893e+01,2.429293e+01,1.692569e+00,1.000000e-05,5.822942e-09
2.166667e+01,3.286374e+01,2.458598e+01,1.692569e+00,1.000000e-05,3.799361e-09
2.183333e+01,3.299424e+01,2.470223e+01,1.692569e+00,1.000000e-05,2.317649e-09
2.200000e+01,3.329675e+01,2.481793e+01,1.692569e+00,1.000000e-05,4.385482e-09
2.216667e+01,3.346838e+01,2.510485e+01,1.692569e+00,1.000000e-05,2.042911e-09
2.233333e+01,3.389366e+01,2.527544e+01,1.692569e+00,1.000000e-05,4.154790e-09
2.250000e+01,3.406229e+01,2.533205e+01,1.692569e+00,1.000000e-05,1.350998e-09
2.266667e+01,3.443868e+01,2.555723e+01,1.692569e+00,1.000000e-05,2.474451e-09
2.283333e+01,3.481100e+01,2.578044e+01,1.692569e+00,1.000000e-05,2.032718e-09
2.300000e+01,3.501613e+01,2.589132e+01,1.692569e+00,1.000000e-05,9.347591e-10
2.316667e+01,3.517938e+01,2.622116e+01,1.692569e+00,1.000000e-05,6.232698e-10
2.333333e+01,3.558422e+01,2.654690e+01,1.692569e+00,1.000000e-05,1.302752e-09
2.350000e+01,3.586489e+01,2.670828e+01,2.393654e+00,1.000000e-05,7.650406e-10
2.366667e+01,3.630156e+01,2.686870e+01,2.393654e+00,1.000000e-05,1.010399e-09
2.383333e+01,3.649831e+01,2.708110e+01,2.393654e+00,1.000000e-05,3.894744e-10
2.400000e+01,3.677201e+01,2.739662e+01,2.393654e+00,1.000000e-05,4.655252e-10
2.416667e+01,3.715950e+01,2.760496e+01,2.931615e+00,1.000000e-05,5.670815e-10
2.433333e+01,3.750482e+01,2.796583e+01,3.784699e+00,1.000000e-05,4.381489e-10
2.450000e+01,3.814856e+01,2.822076e+01,4.145930e+00,1.000000e-05,7.183165e-10
2.466667e+01,3.863360e+01,2.847341e+01,4.787307e+00,1.000000e-05,4.816461e-10
2.483333e+01,3.889227e+01,2.872384e+01,5.077706e+00,1.000000e-05,2.282787e-10
2.500000e+01,3.925884e+01,2.902151e+01,5.352372e+00,1.000000e-05,2.895892e-10
2.516667e+01,3.954965e+01,2.931615e+01,6.102643e+00,1.000000e-05,2.060572e-10
2.533333e+01,4.005349e+01,2.960786e+01,6.978640e+00,1.000000e-05,3.218961e-10
2.550000e+01,4.051573e+01,3.008776e+01,7.377736e+00,1.000000e-05,2.685035e-10
2.566667e+01,4.093778e+01,3.051322e+01,8.117275e+00,1.000000e-05,2.251772e-10
2.583333e+01,4.125148e+01,3.084007e+01,8.117275e+00,1.000000e-05,1.540869e-10
2.600000e+01,4.149383e+01,3.130108e+01,8.794845e+00,1.000000e-05,1.098860e-10
2.616667e+01,4.197434e+01,3.152906e+01,9.423824e+00,1.000000e-05,2.014018e-10
2.633333e+01,4.238187e+01,3.189044e+01,9.869287e+00,1.000000e-05,1.592374e-10
2.650000e+01,4.265139e+01,3.220332e+01,1.057009e+01,1.000000e-05,9.845929e-11
2.666667e+01,4.301922e+01,3.251318e+01,1.109892e+01,1.000000e-05,1.261105e-10
2.683333e+01,4.325167e+01,3.290730e+01,1.160367e+01,1.000000e-05,7.515627e-11
2.700000e+01,4.377835e+01,3.299424e+01,1.220529e+01,1.000000e-05,1.614768e-10
2.716667e+01,4.420165e+01,3.325370e+01,1.321938e+01,1.000000e-05,1.238875e-10
2.733333e+01,4.452453e+01,3.363914e+01,1.364593e+01,1.000000e-05,9.045889e-11
2.750000e+01,4.509989e+01,3.397808e+01,1.405953e+01,1.000000e-05,1.565996e-10
2.766667e+01,4.573069e+01,3.435539e+01,1.465808e+01,1.000000e-05,1.678011e-10
2.783333e+01,4.622913e+01,3.456323e+01,1.523312e+01,1.000000e-05,1.295058e-10
2.800000e+01,4.659946e+01,3.485212e+01,1.560471e+01,1.000000e-05,9.422779e-11
2.816667e+01,4.705828e+01,3.534187e+01,1.596766e+01,1.000000e-05,1.147412e-10
2.833333e+01,4.736169e+01,3.558422e+01,1.658372e+01,1.000000e-05,7.451565e-11
2.850000e+01,4.781319e+01,3.610373e+01,1.717770e+01,1.000000e-05,1.088923e-10
2.866667e+01,4.817135e+01,3.641974e+01,1.791246e+01,1.000000e-05,8.523410e-11
2.883333e+01,4.855637e+01,3.677201e+01,1.846375e+01,1.000000e-05,9.057665e-11
2.900000e+01,4.893837e+01,3.715950e+01,1.899904e+01,1.000000e-05,8.942734e-11
2.916667e+01,4.934643e+01,3.754299e+01,1.937233e+01,1.000000e-05,9.531339e-11
2.933333e+01,4.972236e+01,3.799807e+01,1.995509e+01,1.000000e-05,8.776912e-11
2.950000e+01,5.012405e+01,3.818609e+01,2.072965e+01,1.000000e-05,9.348939e-11
2.966667e+01,5.038058e+01,3.848501e+01,2.127526e+01,1.000000e-05,5.967584e-11
2.983333e+01,5.080526e+01,3.889227e+01,2.167546e+01,1.000000e-05,9.956267e-11
3.000000e+01,5.108642e+01,3.918580e+01,2.193820e+01,1.000000e-05,6.674189e-11
3.016667e+01,5.153309e+01,3.965815e+01,2.239058e+01,1.000000e-05,1.075968e-10
3.033333e+01,5.181030e+01,3.994606e+01,2.283400e+01,1.000000e-05,6.765966e-11
3.050000e+01,5.208604e+01,4.016063e+01,2.314553e+01,1.000000e-05,6.812998e-11
3.066667e+01,5.249692e+01,4.033857e+01,2.357475e+01,1.000000e-05,1.031725e-10
3.083333e+01,5.295874e+01,4.079758e+01,2.393654e+01,1.000000e-05,1.181777e-10
3.100000e+01,5.352372e+01,4.139014e+01,2.423390e+01,1.000000e-05,1.480544e-10
3.116667e+01,5.402981e+01,4.190603e+01,2.429293e+01,1.000000e-05,1.361154e-10
3.133333e+01,5.429427e+01,4.248314e+01,2.446918e+01,1.000000e-05,7.262325e-11
3.150000e+01,5.484550e+01,4.288583e+01,2.452765e+01,1.000000e-05,1.537726e-10
3.166667e+01,5.518397e+01,4.311900e+01,2.493309e+01,1.000000e-05,9.567326e-11
3.183333e+01,5.564923e+01,4.341695e+01,2.504773e+01,1.000000e-05,1.325263e-10
3.200000e+01,5.593165e+01,4.394164e+01,2.533205e+01,1.000000e-05,8.131372e-11
3.216667e+01,5.649226e+01,4.433109e+01,2.555723e+01,1.000000e-05,1.624760e-10
3.233333e+01,5.682092e+01,4.474916e+01,2.583594e+01,1.000000e-05,9.602821e-11
3.250000e+01,5.732288e+01,4.513164e+01,2.633019e+01,1.000000e-05,1.476329e-10
3.266667e+01,5.757222e+01,4.563663e+01,2.660081e+01,1.000000e-05,7.392119e-11
3.283333e+01,5.779571e+01,4.629106e+01,2.681533e+01,1.000000e-05,6.698285e-11
3.300000e+01,5.838749e+01,4.653795e+01,2.713394e+01,1.000000e-05,1.801997e-10
3.316667e+01,5.880306e+01,4.675290e+01,2.723932e+01,1.000000e-05,1.285686e-10
3.333333e+01,5.919153e+01,4.714951e+01,2.734429e+01,1.000000e-05,1.218545e-10
3.350000e+01,5.943303e+01,4.754281e+01,2.770854e+01,1.000000e-05,7.657538e-11
3.366667e+01,5.981740e+01,4.790298e+01,2.786320e+01,1.000000e-05,1.230488e-10
3.383333e+01,6.019932e+01,4.826047e+01,2.822076e+01,1.000000e-05,1.238899e-10
3.400000e+01,6.069694e+01,4.846779e+01,2.842306e+01,1.000000e-05,1.633405e-10
3.416667e+01,6.116710e+01,4.876243e+01,2.862393e+01,1.000000e-05,1.567323e-10
3.433333e+01,6.158718e+01,4.902609e+01,2.887306e+01,1.000000e-05,1.421893e-10
3.450000e+01,6.191193e+01,4.957811e+01,2.897211e+01,1.000000e-05,1.115884e-10
3.466667e+01,6.225801e+01,5.009546e+01,2.936497e+01,1.000000e-05,1.207544e-10
3.483333e+01,6.264791e+01,5.055088e+01,2.941371e+01,1.000000e-05,1.380332e-10
3.500000e+01,6.296720e+01,5.105838e+01,2.965620e+01,1.000000e-05,1.150025e-10
3.516667e+01,6.321693e+01,5.131024e+01,2.984878e+01,1.000000e-05,9.081853e-11
3.533333e+01,6.335274e+01,5.158865e+01,2.994460e+01,1.000000e-05,4.982731e-11
3.550000e+01,6.373595e+01,5.189318e+01,3.027759e+01,1.000000e-05,1.420339e-10
3.566667e+01,6.404981e+01,5.230558e+01,3.037206e+01,1.000000e-05,1.175178e-10
3.583333e+01,6.431761e+01,5.271475e+01,3.060696e+01,1.000000e-05,1.016195e-10
3.600000e+01,6.440663e+01,5.317468e+01,3.074704e+01,1.000000e-05,3.408691e-11
3.616667e+01,6.476149e+01,5.338975e+01,3.088648e+01,1.000000e-05,1.374029e-10
3.633333e+01,6.509242e+01,5.371073e+01,3.102530e+01,1.000000e-05,1.295046e-10
3.650000e+01,6.542167e+01,5.400329e+01,3.130108e+01,1.000000e-05,1.300080e-10
3.666667e+01,6.585811e+01,5.439970e+01,3.148360e+01,1.000000e-05,1.735325e-10
3.683333e+01,6.624845e+01,5.463616e+01,3.171027e+01,1.000000e-05,1.562145e-10
3.700000e+01,6.646431e+01,5.494986e+01,3.184549e+01,1.000000e-05,8.677645e-11
3.716667e+01,6.680824e+01,5.564923e+01,3.198014e+01,1.000000e-05,1.387765e-10
3.733333e+01,6.708639e+01,5.598285e+01,3.211423e+01,1.000000e-05,1.125831e-10
3.750000e+01,6.744839e+01,5.646689e+01,3.238075e+01,1.000000e-05,1.462294e-10
3.766667e+01,6.778733e+01,5.677048e+01,3.273272e+01,1.000000e-05,1.361925e-10
3.783333e+01,6.808251e+01,5.697197e+01,3.273272e+01,1.000000e-05,1.178496e-10
3.800000e+01,6.829258e+01,5.734787e+01,3.295080e+01,1.000000e-05,8.352023e-11
3.816667e+01,6.848109e+01,5.774612e+01,3.312422e+01,1.000000e-05,7.429262e-11
3.833333e+01,6.875247e+01,5.819090e+01,3.329675e+01,1.000000e-05,1.061577e-10
3.850000e+01,6.906427e+01,5.848554e+01,3.342555e+01,1.000000e-05,1.208283e-10
3.866667e+01,6.929204e+01,5.877870e+01,3.372419e+01,1.000000e-05,8.739334e-11
3.883333e+01,6.951905e+01,5.904615e+01,3.389366e+01,1.000000e-05,8.606780e-11
3.900000e+01,6.980692e+01,5.928825e+01,3.402021e+01,1.000000e-05,1.082258e-10
3.916667e+01,7.025690e+01,5.950529e+01,3.431367e+01,1.000000e-05,1.680096e-10
3.933333e+01,7.052144e+01,5.998479e+01,3.452176e+01,1.000000e-05,9.794401e-11
3.950000e+01,7.074451e+01,6.031817e+01,3.472861e+01,1.000000e-05,8.188075e-11
3.966667e+01,7.104758e+01,6.062610e+01,3.485212e+01,1.000000e-05,1.102670e-10
3.983333e+01,7.132927e+01,6.095598e+01,3.505702e+01,1.000000e-05,1.017366e-10
4.000000e+01,7.174974e+01,6.133081e+01,3.517938e+01,1.000000e-05,1.506969e-10
4.016667e+01,7.208833e+01,6.168014e+01,3.526072e+01,1.000000e-05,1.202344e-10
4.033333e+01,7.226694e+01,6.198130e+01,3.550362e+01,1.000000e-05,6.270118e-11
4.050000e+01,7.260311e+01,6.216591e+01,3.578492e+01,1.000000e-05,1.163925e-10
4.066667e+01,7.293773e+01,6.257928e+01,3.606403e+01,1.000000e-05,1.144917e-10
4.083333e+01,7.321216e+01,6.289892e+01,3.634099e+01,1.000000e-05,9.289697e-11
4.100000e+01,7.342706e+01,6.333012e+01,3.657672e+01,1.000000e-05,7.207397e-11
4.116667e+01,7.373852e+01,6.355590e+01,3.669402e+01,1.000000e-05,1.037459e-10
4.133333e+01,7.399062e+01,6.384822e+01,3.704368e+01,1.000000e-05,8.337987e-11
4.150000e+01,7.437679e+01,6.438439e+01,3.719803e+01,1.000000e-05,1.267921e-10
4.166667e+01,7.470347e+01,6.465081e+01,3.742836e+01,1.000000e-05,1.067798e-10
4.183333e+01,7.520036e+01,6.500434e+01,3.765728e+01,1.000000e-05,1.617558e-10
4.200000e+01,7.567505e+01,6.518038e+01,3.784699e+01,1.000000e-05,1.541369e-10
4.216667e+01,7.597730e+01,6.548732e+01,3.814856e+01,1.000000e-05,9.767791e-11
4.233333e+01,7.652208e+01,6.574927e+01,3.841050e+01,1.000000e-05,1.751450e-10
4.250000e+01,7.678369e+01,6.598848e+01,3.859651e+01,1.000000e-05,8.372593e-11
4.266667e+01,7.700723e+01,6.648586e+01,3.896586e+01,1.000000e-05,7.122217e-11
4.283333e+01,7.719301e+01,6.676535e+01,3.922234e+01,1.000000e-05,5.888563e-11
4.300000e+01,7.769241e+01,6.708639e+01,3.944085e+01,1.000000e-05,1.581952e-10
4.316667e+01,7.802356e+01,6.738465e+01,3.965815e+01,1.000000e-05,1.048996e-10
4.333333e+01,7.851768e+01,6.763925e+01,3.976636e+01,1.000000e-05,1.567786e-10
4.350000e+01,7.884537e+01,6.806147e+01,3.994606e+01,1.000000e-05,1.039242e-10
4.366667e+01,7.918979e+01,6.852291e+01,4.001771e+01,1.000000e-05,1.088485e-10
4.383333e+01,7.944262e+01,6.887736e+01,4.019628e+01,1.000000e-05,7.948863e-11
4.400000e+01,7.992796e+01,6.916789e+01,4.040953e+01,1.000000e-05,1.517332e-10
4.416667e+01,8.017847e+01,6.949845e+01,4.072730e+01,1.000000e-05,7.777833e-11
4.433333e+01,8.064162e+01,6.982744e+01,4.111235e+01,1.000000e-05,1.427798e-10
4.450000e+01,8.104913e+01,7.007316e+01,4.135552e+01,1.000000e-05,1.250466e-10
4.466667e+01,8.143701e+01,7.029766e+01,4.159727e+01,1.000000e-05,1.185923e-10
4.483333e+01,8.189305e+01,7.048081e+01,4.180336e+01,1.000000e-05,1.390104e-10
4.500000e+01,8.224212e+01,7.092651e+01,4.197434e+01,1.000000e-05,1.060531e-10
4.516667e+01,8.255503e+01,7.122880e+01,4.214462e+01,1.000000e-05,9.462117e-11
4.533333e+01,8.293587e+01,7.146971e+01,4.234806e+01,1.000000e-05,1.145772e-10
4.550000e+01,8.321175e+01,7.194910e+01,4.265139e+01,1.000000e-05,8.255751e-11
4.566667e+01,8.360673e+01,7.228676e+01,4.288583e+01,1.000000e-05,1.176502e-10
4.583333e+01,8.381207e+01,7.272139e+01,4.308577e+01,1.000000e-05,6.084047e-11
4.600000e+01,8.437417e+01,7.291809e+01,4.325167e+01,1.000000e-05,1.657827e-10
4.616667e+01,8.476373e+01,7.329038e+01,4.348288e+01,1.000000e-05,1.145314e-10
4.633333e+01,8.518515e+01,7.369966e+01,4.394164e+01,1.000000e-05,1.233718e-10
4.650000e+01,8.550404e+01,7.410668e+01,4.410433e+01,1.000000e-05,9.289375e-11
4.666667e+01,8.578836e+01,7.447303e+01,4.436339e+01,1.000000e-05,8.276594e-11
4.683333e+01,8.602180e+01,7.487584e+01,4.465303e+01,1.000000e-05,6.788360e-11
4.700000e+01,8.643708e+01,7.525748e+01,4.500451e+01,1.000000e-05,1.209664e-10
4.716667e+01,8.681739e+01,7.567505e+01,4.532167e+01,1.000000e-05,1.110186e-10
4.733333e+01,8.713031e+01,7.593958e+01,4.563663e+01,1.000000e-05,9.162581e-11
4.750000e+01,8.763846e+01,7.625957e+01,4.594942e+01,1.000000e-05,1.497080e-10
4.766667e+01,8.799730e+01,7.654080e+01,4.619814e+01,1.000000e-05,1.064900e-10
4.783333e+01,8.832225e+01,7.697002e+01,4.647635e+01,1.000000e-05,9.706592e-11
4.800000e+01,8.880745e+01,7.730427e+01,4.653795e+01,1.000000e-05,1.460988e-10
4.816667e+01,8.914552e+01,7.756324e+01,4.678353e+01,1.000000e-05,1.028939e-10
4.833333e+01,8.937019e+01,7.785816e+01,4.696688e+01,1.000000e-05,6.890982e-11
4.850000e+01,8.978595e+01,7.837160e+01,4.727087e+01,1.000000e-05,1.287584e-10
4.866667e+01,8.999310e+01,7.868169e+01,4.733144e+01,1.000000e-05,6.473132e-11
4.883333e+01,9.043767e+01,7.915361e+01,4.745234e+01,1.000000e-05,1.405066e-10
4.900000e+01,9.083277e+01,7.942459e+01,4.793288e+01,1.000000e-05,1.261738e-10
4.916667e+01,9.111618e+01,7.985625e+01,4.814161e+01,1.000000e-05,9.126631e-11
4.933333e+01,9.150835e+01,8.032126e+01,4.829015e+01,1.000000e-05,1.278776e-10
4.950000e+01,9.178967e+01,8.049940e+01,4.843823e+01,1.000000e-05,9.269815e-11
4.966667e+01,9.207014e+01,8.083677e+01,4.867423e+01,1.000000e-05,9.323021e-11
4.983333e+01,9.242727e+01,8.120803e+01,4.896763e+01,1.000000e-05,1.197669e-10
5.000000e+01,9.279847e+01,8.140182e+01,4.917196e+01,1.000000e-05,1.255823e-10
5.016667e+01,9.309128e+01,8.173548e+01,4.931740e+01,1.000000e-05,1.000382e-10
5.033333e+01,9.342918e+01,8.206777e+01,4.943344e+01,1.000000e-05,1.167616e-10
5.050000e+01,9.376586e+01,8.229436e+01,4.957811e+01,1.000000e-05,1.176307e-10
5.066667e+01,9.414700e+01,8.269372e+01,4.980871e+01,1.000000e-05,1.346309e-10
5.083333e+01,9.454175e+01,8.297040e+01,4.998096e+01,1.000000e-05,1.408477e-10
5.100000e+01,9.485938e+01,8.338371e+01,5.018117e+01,1.000000e-05,1.146236e-10
5.116667e+01,9.525118e+01,8.370946e+01,5.029522e+01,1.000000e-05,1.431227e-10
5.133333e+01,9.570126e+01,8.399985e+01,5.038058e+01,1.000000e-05,1.667707e-10
5.150000e+01,9.594043e+01,8.440812e+01,5.066410e+01,1.000000e-05,8.969073e-11
5.166667e+01,9.632783e+01,8.476373e+01,5.091791e+01,1.000000e-05,1.470298e-10
5.183333e+01,9.659512e+01,8.520197e+01,5.103032e+01,1.000000e-05,1.027992e-10
5.200000e+01,9.693559e+01,8.548729e+01,5.133815e+01,1.000000e-05,1.329691e-10
5.216667e+01,9.727486e+01,8.575496e+01,5.139392e+01,1.000000e-05,1.344804e-10
5.233333e+01,9.759828e+01,8.605510e+01,5.153309e+01,1.000000e-05,1.305762e-10
5.250000e+01,9.797912e+01,8.643708e+01,5.167188e+01,1.000000e-05,1.565274e-10
5.266667e+01,9.830022e+01,8.680089e+01,5.183794e+01,1.000000e-05,1.344621e-10
5.283333e+01,9.853309e+01,8.719604e+01,5.205853e+01,1.000000e-05,9.917577e-11
5.300000e+01,9.879441e+01,8.757306e+01,5.219592e+01,1.000000e-05,1.132490e-10
5.316667e+01,9.909842e+01,8.799730e+01,5.227819e+01,1.000000e-05,1.342280e-10
5.333333e+01,9.937267e+01,8.838710e+01,5.246963e+01,1.000000e-05,1.233889e-10
5.350000e+01,9.964617e+01,8.880745e+01,5.255147e+01,1.000000e-05,1.252967e-10
5.366667e+01,9.990458e+01,8.917766e+01,5.268757e+01,1.000000e-05,1.205928e-10
5.383333e+01,1.001909e+02,8.949832e+01,5.287754e+01,1.000000e-05,1.360349e-10
5.400000e+01,1.004622e+02,8.986568e+01,5.293169e+01,1.000000e-05,1.310562e-10
5.416667e+01,1.008322e+02,9.015213e+01,5.306682e+01,1.000000e-05,1.821643e-10
5.433333e+01,1.011726e+02,9.056429e+01,5.317468e+01,1.000000e-05,1.705207e-10
5.450000e+01,1.016387e+02,9.097459e+01,5.325543e+01,1.000000e-05,2.378241e-10
5.466667e+01,1.020606e+02,9.122616e+01,5.336291e+01,1.000000e-05,2.190067e-10
5.483333e+01,1.025926e+02,9.153965e+01,5.338975e+01,1.000000e-05,2.811836e-10
5.500000e+01,1.028714e+02,9.189885e+01,5.349695e+01,1.000000e-05,1.500902e-10
5.516667e+01,1.032189e+02,9.213235e+01,5.357722e+01,1.000000e-05,1.901176e-10
5.533333e+01,1.034961e+02,9.234975e+01,5.379068e+01,1.000000e-05,1.541368e-10
5.550000e+01,1.039105e+02,9.262852e+01,5.400329e+01,1.000000e-05,2.340691e-10
5.566667e+01,1.041583e+02,9.289104e+01,5.413575e+01,1.000000e-05,1.422177e-10
5.583333e+01,1.045427e+02,9.330645e+01,5.418864e+01,1.000000e-05,2.245687e-10
5.600000e+01,1.048300e+02,9.355175e+01,5.426788e+01,1.000000e-05,1.709812e-10
5.616667e+01,1.050484e+02,9.376586e+01,5.432065e+01,1.000000e-05,1.321039e-10
5.633333e+01,1.053208e+02,9.405567e+01,5.450492e+01,1.000000e-05,1.673638e-10
5.650000e+01,1.056195e+02,9.455690e+01,5.474093e+01,1.000000e-05,1.865278e-10
5.666667e+01,1.058634e+02,9.476874e+01,5.479324e+01,1.000000e-05,1.547017e-10
5.683333e+01,1.061741e+02,9.520605e+01,5.489770e+01,1.000000e-05,2.007474e-10
5.700000e+01,1.064301e+02,9.550648e+01,5.494986e+01,1.000000e-05,1.681931e-10
5.716667e+01,1.066721e+02,9.579102e+01,5.505403e+01,1.000000e-05,1.617192e-10
5.733333e+01,1.070474e+02,9.613433e+01,5.513203e+01,1.000000e-05,2.553144e-10
5.750000e+01,1.073281e+02,9.650611e+01,5.526179e+01,1.000000e-05,1.943604e-10
5.766667e+01,1.076479e+02,9.684688e+01,5.526179e+01,1.000000e-05,2.255177e-10
5.783333e+01,1.080331e+02,9.723067e+01,5.528770e+01,1.000000e-05,2.767102e-10
5.800000e+01,1.083508e+02,9.758360e+01,5.536537e+01,1.000000e-05,2.322228e-10
5.816667e+01,1.086017e+02,9.789136e+01,5.541709e+01,1.000000e-05,1.861681e-10
5.833333e+01,1.089178e+02,9.822733e+01,5.552038e+01,1.000000e-05,2.382934e-10
5.850000e+01,1.092985e+02,9.856216e+01,5.557196e+01,1.000000e-05,2.918582e-10
5.866667e+01,1.095211e+02,9.876541e+01,5.564923e+01,1.000000e-05,1.731425e-10
5.883333e+01,1.099128e+02,9.909842e+01,5.570069e+01,1.000000e-05,3.089008e-10
5.900000e+01,1.101341e+02,9.941590e+01,5.590604e+01,1.000000e-05,1.769287e-10
5.916667e+01,1.105624e+02,9.976110e+01,5.605955e+01,1.000000e-05,3.471027e-10
5.933333e+01,1.108213e+02,9.996191e+01,5.605955e+01,1.000000e-05,2.129735e-10
5.950000e+01,1.111697e+02,1.003052e+02,5.611063e+01,1.000000e-05,2.913561e-10
5.966667e+01,1.115684e+02,1.005619e+02,5.613615e+01,1.000000e-05,3.386948e-10
5.983333e+01,1.118633e+02,1.007469e+02,5.618716e+01,1.000000e-05,2.542138e-10
6.000000e+01,1.122213e+02,1.011159e+02,5.628905e+01,1.000000e-05,3.129877e-10
6.016667e+01,1.125908e+02,1.014977e+02,5.633992e+01,1.000000e-05,3.276508e-10
6.033333e+01,1.127815e+02,1.019202e+02,5.641614e+01,1.000000e-05,1.713279e-10
6.050000e+01,1.131619e+02,1.021728e+02,5.656827e+01,1.000000e-05,3.460920e-10
6.066667e+01,1.134400e+02,1.024948e+02,5.666947e+01,1.000000e-05,2.561137e-10
6.083333e+01,1.137930e+02,1.028575e+02,5.674524e+01,1.000000e-05,3.296004e-10
6.100000e+01,1.141449e+02,1.032189e+02,5.684613e+01,1.000000e-05,3.333366e-10
6.116667e+01,1.145082e+02,1.036206e+02,5.687132e+01,1.000000e-05,3.493568e-10
6.133333e+01,1.148330e+02,1.039656e+02,5.689650e+01,1.000000e-05,3.169494e-10
6.150000e+01,1.151818e+02,1.041583e+02,5.699711e+01,1.000000e-05,3.449667e-10
6.166667e+01,1.154178e+02,1.043918e+02,5.704735e+01,1.000000e-05,2.363813e-10
6.183333e+01,1.156286e+02,1.048027e+02,5.707245e+01,1.000000e-05,2.135163e-10
6.200000e+01,1.158514e+02,1.051302e+02,5.712263e+01,1.000000e-05,2.282089e-10
6.216667e+01,1.161477e+02,1.054159e+02,5.712263e+01,1.000000e-05,3.070514e-10
6.233333e+01,1.164556e+02,1.057280e+02,5.719781e+01,1.000000e-05,3.231429e-10
6.250000e+01,1.167627e+02,1.060256e+02,5.722284e+01,1.000000e-05,3.263457e-10
6.266667e+01,1.170200e+02,1.062685e+02,5.724787e+01,1.000000e-05,2.771541e-10
6.283333e+01,1.173501e+02,1.066050e+02,5.727289e+01,1.000000e-05,3.604152e-10
6.300000e+01,1.178130e+02,1.068599e+02,5.732288e+01,1.000000e-05,5.131112e-10
6.316667e+01,1.181044e+02,1.072213e+02,5.744769e+01,1.000000e-05,3.277247e-10
6.333333e+01,1.184314e+02,1.074881e+02,5.747262e+01,1.000000e-05,3.733009e-10
6.350000e+01,1.187093e+02,1.078207e+02,5.754734e+01,1.000000e-05,3.221054e-10
6.366667e+01,1.189985e+02,1.081259e+02,5.757222e+01,1.000000e-05,3.403070e-10
6.383333e+01,1.193231e+02,1.084962e+02,5.757222e+01,1.000000e-05,3.877988e-10
6.400000e+01,1.196348e+02,1.088126e+02,5.757222e+01,1.000000e-05,3.781340e-10
6.416667e+01,1.198143e+02,1.091543e+02,5.759710e+01,1.000000e-05,2.206477e-10
6.433333e+01,1.202081e+02,1.095342e+02,5.762196e+01,1.000000e-05,4.912103e-10
6.450000e+01,1.205294e+02,1.098867e+02,5.762196e+01,1.000000e-05,4.064537e-10
6.466667e+01,1.208499e+02,1.102121e+02,5.769649e+01,1.000000e-05,4.114540e-10
6.483333e+01,1.212758e+02,1.104717e+02,5.782049e+01,1.000000e-05,5.553835e-10
6.500000e+01,1.216061e+02,1.108729e+02,5.789476e+01,1.000000e-05,4.376771e-10
6.516667e+01,1.218767e+02,1.111955e+02,5.791949e+01,1.000000e-05,3.645329e-10
6.533333e+01,1.221467e+02,1.115042e+02,5.794422e+01,1.000000e-05,3.698025e-10
6.550000e+01,1.224512e+02,1.117095e+02,5.794422e+01,1.000000e-05,4.239751e-10
6.566667e+01,1.227083e+02,1.120041e+02,5.801833e+01,1.000000e-05,3.637222e-10
6.583333e+01,1.230114e+02,1.123871e+02,5.804302e+01,1.000000e-05,4.355310e-10
6.600000e+01,1.232557e+02,1.126798e+02,5.814165e+01,1.000000e-05,3.564189e-10
6.616667e+01,1.235459e+02,1.129211e+02,5.824011e+01,1.000000e-05,4.299191e-10
6.633333e+01,1.239048e+02,1.132125e+02,5.828928e+01,1.000000e-05,5.408520e-10
6.650000e+01,1.242973e+02,1.134905e+02,5.831384e+01,1.000000e-05,6.021273e-10
6.666667e+01,1.246080e+02,1.138559e+02,5.838749e+01,1.000000e-05,4.851630e-10
6.683333e+01,1.248377e+02,1.142327e+02,5.846104e+01,1.000000e-05,3.646762e-10
6.700000e+01,1.251357e+02,1.144207e+02,5.848554e+01,1.000000e-05,4.814257e-10
6.716667e+01,1.253758e+02,1.148081e+02,5.851002e+01,1.000000e-05,3.950070e-10
6.733333e+01,1.257181e+02,1.151444e+02,5.855897e+01,1.000000e-05,5.735169e-10
6.750000e+01,1.260367e+02,1.154674e+02,5.860787e+01,1.000000e-05,5.438410e-10
6.766667e+01,1.263885e+02,1.157153e+02,5.863230e+01,1.000000e-05,6.124873e-10
6.783333e+01,1.267168e+02,1.159502e+02,5.870555e+01,1.000000e-05,5.842145e-10
6.800000e+01,1.270329e+02,1.162710e+02,5.872994e+01,1.000000e-05,5.749283e-10
6.816667e+01,1.273257e+02,1.166154e+02,5.875433e+01,1.000000e-05,5.442798e-10
6.833333e+01,1.276516e+02,1.169221e+02,5.882742e+01,1.000000e-05,6.188555e-10
6.850000e+01,1.280101e+02,1.172035e+02,5.890042e+01,1.000000e-05,6.957649e-10
6.866667e+01,1.282561e+02,1.175087e+02,5.892473e+01,1.000000e-05,4.872054e-10
6.883333e+01,1.285907e+02,1.177887e+02,5.894904e+01,1.000000e-05,6.772279e-10
6.900000e+01,1.288466e+02,1.181044e+02,5.904615e+01,1.000000e-05,5.290275e-10
6.916667e+01,1.292240e+02,1.184314e+02,5.907041e+01,1.000000e-05,7.972582e-10
6.933333e+01,1.294898e+02,1.187576e+02,5.907041e+01,1.000000e-05,5.741325e-10
6.950000e+01,1.297109e+02,1.189504e+02,5.914311e+01,1.000000e-05,4.881590e-10
6.966667e+01,1.299425e+02,1.192150e+02,5.916732e+01,1.000000e-05,5.228495e-10
6.983333e+01,1.302398e+02,1.196228e+02,5.916732e+01,1.000000e-05,6.864536e-10
7.000000e+01,1.304596e+02,1.199696e+02,5.916732e+01,1.000000e-05,5.180720e-10
7.016667e+01,1.306790e+02,1.203153e+02,5.919153e+01,1.000000e-05,5.277440e-10
7.033333e+01,1.308981e+02,1.206838e+02,5.923991e+01,1.000000e-05,5.375295e-10
7.050000e+01,1.311495e+02,1.209684e+02,5.923991e+01,1.000000e-05,6.299646e-10
7.066667e+01,1.313023e+02,1.213821e+02,5.923991e+01,1.000000e-05,3.911013e-10
7.083333e+01,1.316074e+02,1.217121e+02,5.923991e+01,1.000000e-05,7.981619e-10
7.100000e+01,1.318467e+02,1.220059e+02,5.928825e+01,1.000000e-05,6.395481e-10
7.116667e+01,1.320529e+02,1.223225e+02,5.933655e+01,1.000000e-05,5.631258e-10
7.133333e+01,1.323779e+02,1.226383e+02,5.938481e+01,1.000000e-05,9.070086e-10
7.150000e+01,1.325725e+02,1.229299e+02,5.938481e+01,1.000000e-05,5.546521e-10
7.166667e+01,1.328963e+02,1.232674e+02,5.938481e+01,1.000000e-05,9.429970e-10
7.183333e+01,1.331870e+02,1.235807e+02,5.938481e+01,1.000000e-05,8.655415e-10
7.200000e+01,1.334341e+02,1.239511e+02,5.938481e+01,1.000000e-05,7.517301e-10
7.216667e+01,1.337022e+02,1.242511e+02,5.943303e+01,1.000000e-05,8.330819e-10
7.233333e+01,1.340019e+02,1.244700e+02,5.945712e+01,1.000000e-05,9.504025e-10
7.250000e+01,1.342155e+02,1.246999e+02,5.948121e+01,1.000000e-05,6.921972e-10
7.266667e+01,1.344927e+02,1.249753e+02,5.950529e+01,1.000000e-05,9.179761e-10
7.283333e+01,1.349180e+02,1.252272e+02,5.955341e+01,1.000000e-05,1.441616e-09
7.300000e+01,1.351938e+02,1.255471e+02,5.955341e+01,1.000000e-05,9.556949e-10
7.316667e+01,1.354055e+02,1.258206e+02,5.957746e+01,1.000000e-05,7.495139e-10
7.333333e+01,1.356063e+02,1.260481e+02,5.957746e+01,1.000000e-05,7.257398e-10
7.350000e+01,1.359755e+02,1.263319e+02,5.957746e+01,1.000000e-05,1.363338e-09
7.366667e+01,1.361966e+02,1.265584e+02,5.957746e+01,1.000000e-05,8.334537e-10
7.383333e+01,1.365537e+02,1.268411e+02,5.962552e+01,1.000000e-05,1.375466e-09
7.400000e+01,1.367843e+02,1.271681e+02,5.964954e+01,1.000000e-05,9.064937e-10
7.416667e+01,1.370563e+02,1.274382e+02,5.969755e+01,1.000000e-05,1.091887e-09
7.433333e+01,1.373694e+02,1.277076e+02,5.969755e+01,1.000000e-05,1.284111e-09
7.450000e+01,1.376507e+02,1.279877e+02,5.974552e+01,1.000000e-05,1.178382e-09
7.466667e+01,1.378587e+02,1.282226e+02,5.976949e+01,1.000000e-05,8.895522e-10
7.483333e+01,1.380559e+02,1.284458e+02,5.979345e+01,1.000000e-05,8.620875e-10
7.500000e+01,1.383047e+02,1.287243e+02,5.979345e+01,1.000000e-05,1.111126e-09
7.516667e+01,1.385944e+02,1.289800e+02,5.981740e+01,1.000000e-05,1.322722e-09
7.533333e+01,1.388113e+02,1.292462e+02,5.981740e+01,1.000000e-05,1.011743e-09
7.550000e+01,1.391720e+02,1.295230e+02,5.981740e+01,1.000000e-05,1.720753e-09
7.566667e+01,1.393160e+02,1.297550e+02,5.981740e+01,1.000000e-05,7.015927e-10
7.583333e+01,1.394804e+02,1.300197e+02,5.984134e+01,1.000000e-05,8.172711e-10
7.600000e+01,1.396036e+02,1.303498e+02,5.988920e+01,1.000000e-05,6.245754e-10
7.616667e+01,1.398599e+02,1.305145e+02,5.993701e+01,1.000000e-05,1.327631e-09
7.633333e+01,1.400543e+02,1.307119e+02,5.993701e+01,1.000000e-05,1.029448e-09
7.650000e+01,1.402996e+02,1.310293e+02,5.998479e+01,1.000000e-05,1.327274e-09
7.666667e+01,1.404628e+02,1.313241e+02,6.000866e+01,1.000000e-05,9.026666e-10
7.683333e+01,1.407073e+02,1.315094e+02,6.000866e+01,1.000000e-05,1.382104e-09
7.700000e+01,1.409515e+02,1.317597e+02,6.000866e+01,1.000000e-05,1.410689e-09
7.716667e+01,1.411546e+02,1.319770e+02,6.000866e+01,1.000000e-05,1.199445e-09
7.733333e+01,1.413472e+02,1.321830e+02,6.000866e+01,1.000000e-05,1.162237e-09
7.750000e+01,1.415801e+02,1.324753e+02,6.000866e+01,1.000000e-05,1.435044e-09
7.766667e+01,1.418429e+02,1.327237e+02,6.000866e+01,1.000000e-05,1.654591e-09
7.783333e+01,1.421355e+02,1.330148e+02,6.000866e+01,1.000000e-05,1.882397e-09
7.800000e+01,1.423067e+02,1.331655e+02,6.000866e+01,1.000000e-05,1.124459e-09
7.816667e+01,1.425079e+02,1.333804e+02,6.000866e+01,1.000000e-05,1.348136e-09
7.833333e+01,1.426686e+02,1.336379e+02,6.000866e+01,1.000000e-05,1.098779e-09
7.850000e+01,1.428392e+02,1.338949e+02,6.003253e+01,1.000000e-05,1.189350e-09
7.866667e+01,1.429394e+02,1.341087e+02,6.005638e+01,1.000000e-05,7.124581e-10
7.883333e+01,1.430796e+02,1.344607e+02,6.005638e+01,1.000000e-05,1.015881e-09
7.900000e+01,1.432897e+02,1.347268e+02,6.005638e+01,1.000000e-05,1.553870e-09
7.916667e+01,1.435993e+02,1.350454e+02,6.008023e+01,1.000000e-05,2.339767e-09
7.933333e+01,1.437488e+02,1.353103e+02,6.008023e+01,1.000000e-05,1.153752e-09
7.950000e+01,1.438883e+02,1.355218e+02,6.010407e+01,1.000000e-05,1.098061e-09
7.966667e+01,1.441568e+02,1.357014e+02,6.015171e+01,1.000000e-05,2.160438e-09
7.983333e+01,1.444645e+02,1.360703e+02,6.015171e+01,1.000000e-05,2.530874e-09
