Time,avgI1rd,avgI2rd,avgDrd,Beta,Beff
0.000000e+00,1.692569e+00,0.000000e+00,0.000000e+00,1.000000e-05,0.000000e+00
1.666667e-01,1.692569e+00,0.000000e+00,0.000000e+00,1.000000e-05,0.000000e+00
3.333333e-01,1.692569e+00,0.000000e+00,0.000000e+00,1.000000e-05,0.000000e+00
5.000000e-01,1.692569e+00,0.000000e+00,0.000000e+00,1.000000e-05,0.000000e+00
6.666667e-01,1.692569e+00,0.000000e+00,0.000000e+00,1.000000e-05,0.000000e+00
8.333333e-01,1.692569e+00,0.000000e+00,0.000000e+00,1.000000e-05,0.000000e+00
1.000000e+00,1.692569e+00,0.000000e+00,0.000000e+00,1.000000e-05,0.000000e+00
1.166667e+00,1.692569e+00,1.692569e+00,0.000000e+00,1.000000e-05,0.000000e+00
1.333333e+00,1.692569e+00,1.692569e+00,0.000000e+00,1.000000e-05,0.000000e+00
1.500000e+00,1.692569e+00,1.692569e+00,0.000000e+00,1.000000e-05,0.000000e+00
1.666667e+00,1.692569e+00,1.692569e+00,0.000000e+00,1.000000e-05,0.000000e+00
1.833333e+00,1.692569e+00,1.692569e+00,0.000000e+00,1.000000e-05,0.000000e+00
2.000000e+00,1.692569e+00,1.692569e+00,0.000000e+00,1.000000e-05,0.000000e+00
2.166667e+00,1.692569e+00,1.692569e+00,0.000000e+00,1.000000e-05,0.000000e+00
2.333333e+00,1.692569e+00,1.692569e+00,0.000000e+00,1.000000e-05,0.000000e+00
2.500000e+00,1.692569e+00,1.692569e+00,0.000000e+00,1.000000e-05,0.000000e+00
2.666667e+00,1.692569e+00,1.692569e+00,0.000000e+00,1.000000e-05,0.000000e+00
2.833333e+00,1.692569e+00,1.692569e+00,0.000000e+00,1.000000e-05,0.000000e+00
3.000000e+00,1.692569e+00,1.692569e+00,0.000000e+00,1.000000e-05,0.000000e+00
3.166667e+00,1.692569e+00,1.692569e+00,0.000000e+00,1.000000e-05,0.000000e+00
3.333333e+00,1.692569e+00,1.692569e+00,0.000000e+00,1.000000e-05,0.000000e+00
3.500000e+00,1.692569e+00,1.692569e+00,0.000000e+00,1.000000e-05,0.000000e+00
3.666667e+00,1.692569e+00,1.692569e+00,0.000000e+00,1.000000e-05,0.000000e+00
3.833333e+00,1.692569e+00,1.692569e+00,0.000000e+00,1.000000e-05,0.000000e+00
4.000000e+00,1.692569e+00,1.692569e+00,0.000000e+00,1.000000e-05,0.000000e+00
4.166667e+00,1.692569e+00,1.692569e+00,0.000000e+00,1.000000e-05,0.000000e+00
4.333333e+00,1.692569e+00,1.692569e+00,0.000000e+00,1.000000e-05,0.000000e+00
4.500000e+00,1.692569e+00,1.692569e+00,0.000000e+00,1.000000e-05,0.000000e+00
4.666667e+00,1.692569e+00,1.692569e+00,0.000000e+00,1.000000e-05,0.000000e+00
4.833333e+00,2.931615e+00,1.692569e+00,0.000000e+00,1.000000e-05,9.877241e-05
5.000000e+00,2.931615e+00,1.692569e+00,0.000000e+00,1.000000e-05,0.000000e+00
5.166667e+00,2.931615e+00,1.692569e+00,0.000000e+00,1.000000e-05,0.000000e+00
5.333333e+00,3.385138e+00,1.692569e+00,0.000000e+00,1.000000e-05,2.525120e-05
5.500000e+00,3.385138e+00,1.692569e+00,0.000000e+00,1.000000e-05,0.000000e+00
5.666667e+00,3.385138e+00,1.692569e+00,0.000000e+00,1.000000e-05,0.000000e+00
5.833333e+00,4.145930e+00,1.692569e+00,0.000000e+00,1.000000e-05,2.583623e-05
6.000000e+00,4.145930e+00,1.692569e+00,0.000000e+00,1.000000e-05,0.000000e+00
6.166667e+00,4.145930e+00,1.692569e+00,0.000000e+00,1.000000e-05,0.000000e+00
6.333333e+00,4.145930e+00,1.692569e+00,0.000000e+00,1.000000e-05,0.000000e+00
6.500000e+00,4.145930e+00,2.393654e+00,0.000000e+00,1.000000e-05,0.000000e+00
6.666667e+00,4.145930e+00,2.931615e+00,0.000000e+00,1.000000e-05,0.000000e+00
6.833333e+00,5.077706e+00,2.931615e+00,0.000000e+00,1.000000e-05,1.014383e-05
7.000000e+00,5.352372e+00,2.931615e+00,0.000000e+00,1.000000e-05,2.703299e-06
7.166667e+00,5.613615e+00,2.931615e+00,0.000000e+00,1.000000e-05,2.161593e-06
7.333333e+00,5.863230e+00,2.931615e+00,0.000000e+00,1.000000e-05,1.728641e-06
7.500000e+00,6.555291e+00,2.931615e+00,0.000000e+00,1.000000e-05,4.147905e-06
7.666667e+00,6.770275e+00,2.931615e+00,0.000000e+00,1.000000e-05,1.105892e-06
7.833333e+00,7.377736e+00,2.931615e+00,0.000000e+00,1.000000e-05,2.653994e-06
8.000000e+00,7.569398e+00,2.931615e+00,0.000000e+00,1.000000e-05,7.076873e-07
8.166667e+00,7.756324e+00,2.931615e+00,0.000000e+00,1.000000e-05,5.661514e-07
8.333333e+00,7.938851e+00,2.931615e+00,0.000000e+00,1.000000e-05,4.529542e-07
8.500000e+00,8.117275e+00,2.931615e+00,0.000000e+00,1.000000e-05,3.624189e-07
8.666667e+00,8.291860e+00,3.385138e+00,0.000000e+00,1.000000e-05,2.900068e-07
8.833333e+00,8.462844e+00,3.784699e+00,0.000000e+00,1.000000e-05,2.320890e-07
9.000000e+00,8.630441e+00,3.784699e+00,0.000000e+00,1.000000e-05,1.857628e-07
9.166667e+00,9.114762e+00,3.784699e+00,0.000000e+00,1.000000e-05,4.461558e-07
9.333333e+00,1.001337e+01,4.478116e+00,0.000000e+00,1.000000e-05,7.145990e-07
9.500000e+00,1.029549e+01,4.478116e+00,0.000000e+00,1.000000e-05,1.907827e-07
9.666667e+00,1.057009e+01,4.478116e+00,0.000000e+00,1.000000e-05,1.528492e-07
9.833333e+00,1.083773e+01,4.478116e+00,0.000000e+00,1.000000e-05,1.225086e-07
1.000000e+01,1.160367e+01,4.787307e+00,0.000000e+00,1.000000e-05,2.947640e-07
1.016667e+01,1.184798e+01,4.787307e+00,0.000000e+00,1.000000e-05,7.884049e-08
1.033333e+01,1.243779e+01,5.863230e+00,0.000000e+00,1.000000e-05,1.582951e-07
1.050000e+01,1.311058e+01,6.333012e+00,0.000000e+00,1.000000e-05,1.527065e-07
1.066667e+01,1.321938e+01,6.770275e+00,0.000000e+00,1.000000e-05,2.047846e-08
1.083333e+01,1.364593e+01,7.180961e+00,0.000000e+00,1.000000e-05,6.601356e-08
1.100000e+01,1.395728e+01,7.569398e+00,0.000000e+00,1.000000e-05,3.996961e-08
1.116667e+01,1.436192e+01,8.117275e+00,0.000000e+00,1.000000e-05,4.311863e-08
1.133333e+01,1.485223e+01,8.630441e+00,0.000000e+00,1.000000e-05,4.370566e-08
1.150000e+01,1.523312e+01,8.956232e+00,0.000000e+00,1.000000e-05,2.844431e-08
1.166667e+01,1.560471e+01,9.423824e+00,0.000000e+00,1.000000e-05,2.322902e-08
1.183333e+01,1.578723e+01,9.423824e+00,0.000000e+00,1.000000e-05,9.526010e-09
1.200000e+01,1.632254e+01,9.723067e+00,0.000000e+00,1.000000e-05,2.356646e-08
1.216667e+01,1.666987e+01,1.001337e+01,0.000000e+00,1.000000e-05,1.303394e-08
1.233333e+01,1.701011e+01,1.015541e+01,0.000000e+00,1.000000e-05,1.088788e-08
1.250000e+01,1.709411e+01,1.015541e+01,0.000000e+00,1.000000e-05,2.291142e-09
1.266667e+01,1.767094e+01,1.043369e+01,1.692569e+00,1.000000e-05,1.361738e-08
1.283333e+01,1.830793e+01,1.096910e+01,1.692569e+00,1.000000e-05,1.333577e-08
1.300000e+01,1.861826e+01,1.135410e+01,1.692569e+00,1.000000e-05,7.284016e-09
1.316667e+01,1.869503e+01,1.172646e+01,1.692569e+00,1.000000e-05,1.986977e-09
1.333333e+01,1.922389e+01,1.184798e+01,1.692569e+00,1.000000e-05,1.515827e-08
1.350000e+01,1.966587e+01,1.208736e+01,1.692569e+00,1.000000e-05,1.413226e-08
1.366667e+01,1.981101e+01,1.243779e+01,1.692569e+00,1.000000e-05,5.109885e-09
1.383333e+01,2.031083e+01,1.255243e+01,1.692569e+00,1.000000e-05,1.933611e-08
1.400000e+01,2.052131e+01,1.277861e+01,1.692569e+00,1.000000e-05,8.916822e-09
1.416667e+01,2.079863e+01,1.289022e+01,1.692569e+00,1.000000e-05,1.271558e-08
1.433333e+01,2.114018e+01,1.311058e+01,1.692569e+00,1.000000e-05,1.686578e-08
1.450000e+01,2.127526e+01,1.321938e+01,1.692569e+00,1.000000e-05,7.085570e-09
1.466667e+01,2.167546e+01,1.332730e+01,1.692569e+00,1.000000e-05,2.204685e-08
1.483333e+01,2.206840e+01,1.354055e+01,1.692569e+00,1.000000e-05,2.251470e-08
1.500000e+01,2.213321e+01,1.364593e+01,1.692569e+00,1.000000e-05,3.761901e-09
1.516667e+01,2.258168e+01,1.375049e+01,1.692569e+00,1.000000e-05,2.586161e-08
1.533333e+01,2.295912e+01,1.426184e+01,1.692569e+00,1.000000e-05,2.128194e-08
1.550000e+01,2.308356e+01,1.446131e+01,1.692569e+00,1.000000e-05,6.650985e-09
1.566667e+01,2.320733e+01,1.456003e+01,1.692569e+00,1.000000e-05,6.063024e-09
1.583333e+01,2.357475e+01,1.485223e+01,1.692569e+00,1.000000e-05,1.623384e-08
1.600000e+01,2.381655e+01,1.513880e+01,1.692569e+00,1.000000e-05,9.479239e-09
1.616667e+01,2.423390e+01,1.551265e+01,1.692569e+00,1.000000e-05,1.430555e-08
1.633333e+01,2.446918e+01,1.596766e+01,1.692569e+00,1.000000e-05,6.962057e-09
1.650000e+01,2.487558e+01,1.623455e+01,1.692569e+00,1.000000e-05,1.028316e-08
1.666667e+01,2.499048e+01,1.641006e+01,1.692569e+00,1.000000e-05,2.463966e-09
1.683333e+01,2.527544e+01,1.692569e+01,1.692569e+00,1.000000e-05,5.148004e-09
1.700000e+01,2.555723e+01,1.758969e+01,1.692569e+00,1.000000e-05,4.296583e-09
1.716667e+01,2.589132e+01,1.791246e+01,1.692569e+00,1.000000e-05,4.279989e-09
1.733333e+01,2.611168e+01,1.815078e+01,1.692569e+00,1.000000e-05,2.361352e-09
1.750000e+01,2.633019e+01,1.815078e+01,1.692569e+00,1.000000e-05,1.964990e-09
1.766667e+01,2.670828e+01,1.830793e+01,1.692569e+00,1.000000e-05,2.879216e-09
1.783333e+01,2.697511e+01,1.838600e+01,2.393654e+00,1.000000e-05,1.732808e-09
1.800000e+01,2.729185e+01,1.884765e+01,2.393654e+00,1.000000e-05,1.763553e-09
1.816667e+01,2.765680e+01,1.907428e+01,2.393654e+00,1.000000e-05,1.769630e-09
1.833333e+01,2.786320e+01,1.944613e+01,2.393654e+00,1.000000e-05,8.742792e-10
1.850000e+01,2.801700e+01,1.966587e+01,2.393654e+00,1.000000e-05,5.699995e-10
1.866667e+01,2.822076e+01,1.981101e+01,3.385138e+00,1.000000e-05,6.642773e-10
1.883333e+01,2.847341e+01,1.988318e+01,3.385138e+00,1.000000e-05,7.296305e-10
1.900000e+01,2.882341e+01,2.009814e+01,3.385138e+00,1.000000e-05,9.476273e-10
1.916667e+01,2.921827e+01,2.052131e+01,3.385138e+00,1.000000e-05,9.980703e-10
1.933333e+01,2.936497e+01,2.072965e+01,3.385138e+00,1.000000e-05,3.429990e-10
1.950000e+01,2.970446e+01,2.107231e+01,3.385138e+00,1.000000e-05,7.304815e-10
1.966667e+01,3.023024e+01,2.134248e+01,3.784699e+00,1.000000e-05,1.044599e-09
1.983333e+01,3.065372e+01,2.154288e+01,3.784699e+00,1.000000e-05,7.759913e-10
2.000000e+01,3.079359e+01,2.187281e+01,4.145930e+00,1.000000e-05,2.386359e-10
2.016667e+01,3.116350e+01,2.213321e+01,4.145930e+00,1.000000e-05,5.842468e-10
2.033333e+01,3.143807e+01,2.239058e+01,4.478116e+00,1.000000e-05,4.056674e-10
2.050000e+01,3.157446e+01,2.258168e+01,4.787307e+00,1.000000e-05,1.866804e-10
2.066667e+01,3.224777e+01,2.289665e+01,5.077706e+00,1.000000e-05,8.621221e-10
2.083333e+01,3.242495e+01,2.314553e+01,5.352372e+00,1.000000e-05,2.135652e-10
2.100000e+01,3.268893e+01,2.333045e+01,5.613615e+00,1.000000e-05,2.995728e-10
2.116667e+01,3.303762e+01,2.369596e+01,6.102643e+00,1.000000e-05,3.749449e-10
2.133333e+01,3.346838e+01,2.393654e+01,6.102643e+00,1.000000e-05,4.384964e-10
2.150000e+01,3.380903e+01,2.441057e+01,6.102643e+00,1.000000e-05,3.325819e-10
2.166667e+01,3.414629e+01,2.464417e+01,6.555291e+00,1.000000e-05,3.129587e-10
2.183333e+01,3.448025e+01,2.499048e+01,6.978640e+00,1.000000e-05,2.919250e-10
2.200000e+01,3.485212e+01,2.527544e+01,7.180961e+00,1.000000e-05,3.094956e-10
2.216667e+01,3.509785e+01,2.561321e+01,7.377736e+00,1.000000e-05,1.944948e-10
2.233333e+01,3.566464e+01,2.594659e+01,7.756324e+00,1.000000e-05,4.283275e-10
2.250000e+01,3.606403e+01,2.638454e+01,8.462844e+00,1.000000e-05,2.887708e-10
2.266667e+01,3.653754e+01,2.686870e+01,8.630441e+00,1.000000e-05,3.290503e-10
2.283333e+01,3.692749e+01,2.718668e+01,8.956232e+00,1.000000e-05,2.631242e-10
2.300000e+01,3.727496e+01,2.750099e+01,9.270581e+00,1.000000e-05,2.264650e-10
2.316667e+01,3.788482e+01,2.796583e+01,9.574615e+00,1.000000e-05,3.851530e-10
2.333333e+01,3.814856e+01,2.816996e+01,9.723067e+00,1.000000e-05,1.611298e-10
2.350000e+01,3.829846e+01,2.857385e+01,9.869287e+00,1.000000e-05,8.771474e-11
2.366667e+01,3.863360e+01,2.882341e+01,1.015541e+01,1.000000e-05,1.876386e-10
2.383333e+01,3.907598e+01,2.926725e+01,1.070474e+01,1.000000e-05,2.360341e-10
2.400000e+01,3.925884e+01,2.951094e+01,1.122723e+01,1.000000e-05,9.307617e-11
2.416667e+01,3.962202e+01,2.970446e+01,1.160367e+01,1.000000e-05,1.768573e-10
2.433333e+01,3.976636e+01,3.008776e+01,1.220529e+01,1.000000e-05,6.761061e-11
2.450000e+01,4.016063e+01,3.013533e+01,1.255243e+01,1.000000e-05,1.785312e-10
2.466667e+01,4.065690e+01,3.056012e+01,1.300087e+01,1.000000e-05,2.199973e-10
2.483333e+01,4.090277e+01,3.070042e+01,1.311058e+01,1.000000e-05,1.068075e-10
2.500000e+01,4.118198e+01,3.111750e+01,1.321938e+01,1.000000e-05,1.189184e-10
2.516667e+01,4.149383e+01,3.148360e+01,1.364593e+01,1.000000e-05,1.299005e-10
2.533333e+01,4.173478e+01,3.202490e+01,1.416105e+01,1.000000e-05,9.770963e-11
2.550000e+01,4.197434e+01,3.233648e+01,1.446131e+01,1.000000e-05,9.478022e-11
2.566667e+01,4.261779e+01,3.255721e+01,1.485223e+01,1.000000e-05,2.507880e-10
2.583333e+01,4.301922e+01,3.277645e+01,1.523312e+01,1.000000e-05,1.538833e-10
2.600000e+01,4.335091e+01,3.286374e+01,1.560471e+01,1.000000e-05,1.252168e-10
2.616667e+01,4.368008e+01,3.316744e+01,1.578723e+01,1.000000e-05,1.227772e-10
2.633333e+01,4.400679e+01,3.338267e+01,1.605712e+01,1.000000e-05,1.205905e-10
2.650000e+01,4.449235e+01,3.368169e+01,1.649712e+01,1.000000e-05,1.773477e-10
2.666667e+01,4.494081e+01,3.402021e+01,1.666987e+01,1.000000e-05,1.620693e-10
2.683333e+01,4.532167e+01,3.439706e+01,1.684085e+01,1.000000e-05,1.367219e-10
2.700000e+01,4.560523e+01,3.472861e+01,1.726088e+01,1.000000e-05,1.007187e-10
2.716667e+01,4.588703e+01,3.530132e+01,1.750807e+01,1.000000e-05,9.868934e-11
2.733333e+01,4.619814e+01,3.558422e+01,1.799225e+01,1.000000e-05,1.079077e-10
2.750000e+01,4.647635e+01,3.594468e+01,1.830793e+01,1.000000e-05,9.543801e-11
2.766667e+01,4.678353e+01,3.626208e+01,1.877150e+01,1.000000e-05,1.047762e-10
2.783333e+01,4.702783e+01,3.665496e+01,1.914923e+01,1.000000e-05,8.287110e-11
2.800000e+01,4.748251e+01,3.684983e+01,1.944613e+01,1.000000e-05,1.545176e-10
2.816667e+01,4.802244e+01,3.712093e+01,1.966587e+01,1.000000e-05,1.849875e-10
2.833333e+01,4.826047e+01,3.727496e+01,2.002674e+01,1.000000e-05,8.189423e-11
2.850000e+01,4.873305e+01,3.754299e+01,2.038123e+01,1.000000e-05,1.631270e-10
2.866667e+01,4.911367e+01,3.769530e+01,2.059099e+01,1.000000e-05,1.320716e-10
2.883333e+01,4.943344e+01,3.811100e+01,2.086739e+01,1.000000e-05,1.116134e-10
2.900000e+01,4.980871e+01,3.841050e+01,2.127526e+01,1.000000e-05,1.315700e-10
2.916667e+01,5.023822e+01,3.885542e+01,2.154288e+01,1.000000e-05,1.511808e-10
2.933333e+01,5.074885e+01,3.922234e+01,2.160927e+01,1.000000e-05,1.816611e-10
2.950000e+01,5.108642e+01,3.965815e+01,2.180722e+01,1.000000e-05,1.211716e-10
2.966667e+01,5.133815e+01,4.005349e+01,2.200339e+01,1.000000e-05,9.021375e-11
2.983333e+01,5.161641e+01,4.055106e+01,2.232652e+01,1.000000e-05,9.925935e-11
3.000000e+01,5.194835e+01,4.086774e+01,2.239058e+01,1.000000e-05,1.176317e-10
3.016667e+01,5.219592e+01,4.128619e+01,2.270819e+01,1.000000e-05,8.701379e-11
3.033333e+01,5.244232e+01,4.166608e+01,2.302142e+01,1.000000e-05,8.542560e-11
3.050000e+01,5.263317e+01,4.190603e+01,2.357475e+01,1.000000e-05,6.507930e-11
3.066667e+01,5.293169e+01,4.221254e+01,2.387662e+01,1.000000e-05,1.003480e-10
3.083333e+01,5.341657e+01,4.265139e+01,2.417472e+01,1.000000e-05,1.625578e-10
3.100000e+01,5.376404e+01,4.291922e+01,2.435182e+01,1.000000e-05,1.164333e-10
3.116667e+01,5.418864e+01,4.308577e+01,2.458598e+01,1.000000e-05,1.423402e-10
3.133333e+01,5.437336e+01,4.344992e+01,2.464417e+01,1.000000e-05,6.167936e-11
3.150000e+01,5.479324e+01,4.368008e+01,2.516184e+01,1.000000e-05,1.393093e-10
3.166667e+01,5.523586e+01,4.410433e+01,2.533205e+01,1.000000e-05,1.453742e-10
3.183333e+01,5.557196e+01,4.436339e+01,2.572482e+01,1.000000e-05,1.095662e-10
3.200000e+01,5.582912e+01,4.478116e+01,2.589132e+01,1.000000e-05,8.258535e-11
3.216667e+01,5.616167e+01,4.522675e+01,2.622116e+01,1.000000e-05,1.055778e-10
3.233333e+01,5.649226e+01,4.560523e+01,2.654690e+01,1.000000e-05,1.035632e-10
3.250000e+01,5.694683e+01,4.601173e+01,2.697511e+01,1.000000e-05,1.409243e-10
3.266667e+01,5.722284e+01,4.632199e+01,2.729185e+01,1.000000e-05,8.447446e-11
3.283333e+01,5.764681e+01,4.656872e+01,2.765680e+01,1.000000e-05,1.283416e-10
3.300000e+01,5.794422e+01,4.675290e+01,2.796583e+01,1.000000e-05,8.918800e-11
3.316667e+01,5.824011e+01,4.702783e+01,2.811906e+01,1.000000e-05,8.802237e-11
3.333333e+01,5.848554e+01,4.736169e+01,2.827147e+01,1.000000e-05,7.231599e-11
3.350000e+01,5.892473e+01,4.754281e+01,2.852368e+01,1.000000e-05,1.278832e-10
3.366667e+01,5.911888e+01,4.778323e+01,2.907082e+01,1.000000e-05,5.557159e-11
3.383333e+01,5.950529e+01,4.820108e+01,2.926725e+01,1.000000e-05,1.085459e-10
3.400000e+01,5.996091e+01,4.855637e+01,2.946237e+01,1.000000e-05,1.266889e-10
3.416667e+01,6.038937e+01,4.893837e+01,2.975264e+01,1.000000e-05,1.174961e-10
3.433333e+01,6.067334e+01,4.940446e+01,3.008776e+01,1.000000e-05,7.642890e-11
3.450000e+01,6.112025e+01,4.969354e+01,3.041919e+01,1.000000e-05,1.179742e-10
3.466667e+01,6.133081e+01,5.015261e+01,3.070042e+01,1.000000e-05,5.447122e-11
3.483333e+01,6.156392e+01,5.043741e+01,3.111750e+01,1.000000e-05,5.909549e-11
3.500000e+01,6.193507e+01,5.072061e+01,3.143807e+01,1.000000e-05,9.222966e-11
3.516667e+01,6.230401e+01,5.091791e+01,3.175540e+01,1.000000e-05,9.027531e-11
3.533333e+01,6.253349e+01,5.128232e+01,3.206960e+01,1.000000e-05,5.519601e-11
3.550000e+01,6.289892e+01,5.153309e+01,3.246910e+01,1.000000e-05,8.651430e-11
3.566667e+01,6.319427e+01,5.194835e+01,3.290730e+01,1.000000e-05,6.873016e-11
3.583333e+01,6.357843e+01,5.233296e+01,3.338267e+01,1.000000e-05,8.816898e-11
3.600000e+01,6.384822e+01,5.257872e+01,3.351115e+01,1.000000e-05,6.128149e-11
3.616667e+01,6.433988e+01,5.279621e+01,3.376664e+01,1.000000e-05,1.109505e-10
3.633333e+01,6.467296e+01,5.309381e+01,3.410432e+01,1.000000e-05,7.447323e-11
3.650000e+01,6.507041e+01,5.349695e+01,3.443868e+01,1.000000e-05,8.794387e-11
3.666667e+01,6.531210e+01,5.379068e+01,3.489320e+01,1.000000e-05,5.298754e-11
3.683333e+01,6.566207e+01,5.408280e+01,3.542284e+01,1.000000e-05,7.601791e-11
3.700000e+01,6.596677e+01,5.455745e+01,3.590481e+01,1.000000e-05,6.577152e-11
3.716667e+01,6.635647e+01,5.497593e+01,3.610373e+01,1.000000e-05,8.399691e-11
3.733333e+01,6.663650e+01,5.533949e+01,3.649831e+01,1.000000e-05,6.052390e-11
3.750000e+01,6.702230e+01,5.559773e+01,3.684983e+01,1.000000e-05,8.316378e-11
3.766667e+01,6.746962e+01,5.613615e+01,3.696626e+01,1.000000e-05,9.641629e-11
3.783333e+01,6.797724e+01,5.628905e+01,3.739007e+01,1.000000e-05,1.094703e-10
3.800000e+01,6.833452e+01,5.661889e+01,3.784699e+01,1.000000e-05,7.661058e-11
3.816667e+01,6.862735e+01,5.694683e+01,3.803575e+01,1.000000e-05,6.249241e-11
3.833333e+01,6.893972e+01,5.727289e+01,3.848501e+01,1.000000e-05,6.646510e-11
3.850000e+01,6.925068e+01,5.774612e+01,3.896586e+01,1.000000e-05,6.575705e-11
3.866667e+01,6.945721e+01,5.809235e+01,3.929531e+01,1.000000e-05,4.344426e-11
3.883333e+01,6.978640e+01,5.841202e+01,3.976636e+01,1.000000e-05,6.902733e-11
3.900000e+01,7.017530e+01,5.875433e+01,3.994606e+01,1.000000e-05,8.129141e-11
3.916667e+01,7.050113e+01,5.916732e+01,4.026749e+01,1.000000e-05,6.796760e-11
3.933333e+01,7.080523e+01,5.955341e+01,4.058637e+01,1.000000e-05,6.306537e-11
3.950000e+01,7.120868e+01,5.991311e+01,4.100770e+01,1.000000e-05,8.320922e-11
3.966667e+01,7.156984e+01,6.015171e+01,4.132087e+01,1.000000e-05,7.406612e-11
3.983333e+01,7.200881e+01,6.050785e+01,4.152834e+01,1.000000e-05,8.973192e-11
4.000000e+01,7.252415e+01,6.079126e+01,4.204254e+01,1.000000e-05,1.048488e-10
4.016667e+01,7.281981e+01,6.119052e+01,4.231422e+01,1.000000e-05,5.967478e-11
4.033333e+01,7.317302e+01,6.161043e+01,4.268496e+01,1.000000e-05,7.094878e-11
4.050000e+01,7.360242e+01,6.195819e+01,4.311900e+01,1.000000e-05,8.578478e-11
4.066667e+01,7.393252e+01,6.239590e+01,4.338394e+01,1.000000e-05,6.561010e-11
4.083333e+01,7.420326e+01,6.283056e+01,4.351581e+01,1.000000e-05,5.352647e-11
4.100000e+01,7.472265e+01,6.323959e+01,4.364728e+01,1.000000e-05,1.020702e-10
4.116667e+01,7.489497e+01,6.355590e+01,4.413679e+01,1.000000e-05,3.350822e-11
4.133333e+01,7.523844e+01,6.393789e+01,4.439566e+01,1.000000e-05,6.579411e-11
4.150000e+01,7.550450e+01,6.436214e+01,4.474916e+01,1.000000e-05,5.048442e-11
4.166667e+01,7.582632e+01,6.465081e+01,4.525841e+01,1.000000e-05,6.043626e-11
4.183333e+01,7.622199e+01,6.487199e+01,4.576200e+01,1.000000e-05,7.359735e-11
4.200000e+01,7.652208e+01,6.507041e+01,4.598059e+01,1.000000e-05,5.546002e-11
4.216667e+01,7.682100e+01,6.564025e+01,4.644552e+01,1.000000e-05,5.499044e-11
4.233333e+01,7.726720e+01,6.590159e+01,4.681414e+01,1.000000e-05,8.171030e-11
4.250000e+01,7.765553e+01,6.637805e+01,4.733144e+01,1.000000e-05,7.093548e-11
4.266667e+01,7.802356e+01,6.665799e+01,4.790298e+01,1.000000e-05,6.715138e-11
4.283333e+01,7.842641e+01,6.702230e+01,4.826047e+01,1.000000e-05,7.366261e-11
4.300000e+01,7.868169e+01,6.727828e+01,4.858586e+01,1.000000e-05,4.695408e-11
4.316667e+01,7.904495e+01,6.753328e+01,4.879180e+01,1.000000e-05,6.717304e-11
4.333333e+01,7.949669e+01,6.797724e+01,4.920108e+01,1.000000e-05,8.408073e-11
4.350000e+01,7.982037e+01,6.829258e+01,4.954921e+01,1.000000e-05,6.052715e-11
4.366667e+01,8.030342e+01,6.854381e+01,4.969354e+01,1.000000e-05,9.097109e-11
4.383333e+01,8.060609e+01,6.893972e+01,5.003824e+01,1.000000e-05,5.734607e-11
4.400000e+01,8.096071e+01,6.920930e+01,5.055088e+01,1.000000e-05,6.732849e-11
4.416667e+01,8.129618e+01,6.943659e+01,5.094604e+01,1.000000e-05,6.381773e-11
4.433333e+01,8.170042e+01,6.976587e+01,5.128232e+01,1.000000e-05,7.732562e-11
4.450000e+01,8.206777e+01,7.013446e+01,5.167188e+01,1.000000e-05,7.075275e-11
4.466667e+01,8.241611e+01,7.066348e+01,5.197592e+01,1.000000e-05,6.745245e-11
4.483333e+01,8.272836e+01,7.112818e+01,5.236032e+01,1.000000e-05,6.077301e-11
4.500000e+01,8.312563e+01,7.138949e+01,5.266038e+01,1.000000e-05,7.761461e-11
4.516667e+01,8.343523e+01,7.164986e+01,5.287754e+01,1.000000e-05,6.064172e-11
4.533333e+01,8.379497e+01,7.194910e+01,5.317468e+01,1.000000e-05,7.054110e-11
4.550000e+01,8.411913e+01,7.214791e+01,5.365737e+01,1.000000e-05,6.346085e-11
4.566667e+01,8.437417e+01,7.252415e+01,5.384391e+01,1.000000e-05,4.977731e-11
4.583333e+01,8.478063e+01,7.280013e+01,5.413575e+01,1.000000e-05,7.943077e-11
4.600000e+01,8.523558e+01,7.317302e+01,5.442602e+01,1.000000e-05,8.878858e-11
4.616667e+01,8.555429e+01,7.369966e+01,5.466237e+01,1.000000e-05,6.203230e-11
4.633333e+01,8.588848e+01,7.395189e+01,5.505403e+01,1.000000e-05,6.483769e-11
4.650000e+01,8.622139e+01,7.431900e+01,5.539124e+01,1.000000e-05,6.428238e-11
4.666667e+01,8.660264e+01,7.478013e+01,5.559773e+01,1.000000e-05,7.341977e-11
4.683333e+01,8.691633e+01,7.502873e+01,5.600843e+01,1.000000e-05,6.027185e-11
4.700000e+01,8.719604e+01,7.539059e+01,5.626359e+01,1.000000e-05,5.345886e-11
4.716667e+01,8.755670e+01,7.569398e+01,5.656827e+01,1.000000e-05,6.879169e-11
4.733333e+01,8.786698e+01,7.612797e+01,5.682092e+01,1.000000e-05,5.900229e-11
4.750000e+01,8.820866e+01,7.637218e+01,5.704735e+01,1.000000e-05,6.480329e-11
4.766667e+01,8.858136e+01,7.683964e+01,5.749753e+01,1.000000e-05,7.051434e-11
4.783333e+01,8.890418e+01,7.719301e+01,5.774612e+01,1.000000e-05,6.082505e-11
4.800000e+01,8.924188e+01,7.761863e+01,5.804302e+01,1.000000e-05,6.351287e-11
4.816667e+01,8.959430e+01,7.795010e+01,5.831384e+01,1.000000e-05,6.597306e-11
4.833333e+01,9.000902e+01,7.818862e+01,5.863230e+01,1.000000e-05,7.729350e-11
4.850000e+01,9.037430e+01,7.840814e+01,5.894904e+01,1.000000e-05,6.769256e-11
4.866667e+01,9.067494e+01,7.877267e+01,5.921572e+01,1.000000e-05,5.535961e-11
4.883333e+01,9.116333e+01,7.917170e+01,5.943303e+01,1.000000e-05,8.944448e-11
4.900000e+01,9.152400e+01,7.955073e+01,5.969755e+01,1.000000e-05,6.567493e-11
4.916667e+01,9.180528e+01,7.982037e+01,6.027066e+01,1.000000e-05,5.078749e-11
4.933333e+01,9.222558e+01,8.017847e+01,6.067334e+01,1.000000e-05,7.518608e-11
4.950000e+01,9.255117e+01,8.046380e+01,6.093248e+01,1.000000e-05,5.795457e-11
4.966667e+01,9.295270e+01,8.076586e+01,6.133081e+01,1.000000e-05,7.122803e-11
4.983333e+01,9.339851e+01,8.110213e+01,6.158718e+01,1.000000e-05,7.876365e-11
5.000000e+01,9.373531e+01,8.148976e+01,6.193507e+01,1.000000e-05,5.937436e-11
5.016667e+01,9.422304e+01,8.168288e+01,6.237294e+01,1.000000e-05,8.563558e-11
5.033333e+01,9.443563e+01,8.199793e+01,6.280776e+01,1.000000e-05,3.715019e-11
5.050000e+01,9.487448e+01,8.246823e+01,6.310354e+01,1.000000e-05,7.656208e-11
5.066667e+01,9.517596e+01,8.276298e+01,6.353336e+01,1.000000e-05,5.263028e-11
5.083333e+01,9.546148e+01,8.309116e+01,6.393789e+01,1.000000e-05,4.975896e-11
5.100000e+01,9.579102e+01,8.352102e+01,6.416153e+01,1.000000e-05,5.744101e-11
5.116667e+01,9.608962e+01,8.388040e+01,6.476149e+01,1.000000e-05,5.208368e-11
5.133333e+01,9.640215e+01,8.422124e+01,6.518038e+01,1.000000e-05,5.439873e-11
5.150000e+01,9.680250e+01,8.450987e+01,6.539977e+01,1.000000e-05,6.989379e-11
5.166667e+01,9.708324e+01,8.491569e+01,6.577105e+01,1.000000e-05,4.925539e-11
5.183333e+01,9.740729e+01,8.528598e+01,6.590159e+01,1.000000e-05,5.701898e-11
5.200000e+01,9.778888e+01,8.570484e+01,6.627006e+01,1.000000e-05,6.744527e-11
5.216667e+01,9.813980e+01,8.610502e+01,6.659349e+01,1.000000e-05,6.195593e-11
5.233333e+01,9.854763e+01,8.653646e+01,6.695816e+01,1.000000e-05,7.193761e-11
5.250000e+01,9.885239e+01,8.698223e+01,6.749085e+01,1.000000e-05,5.368015e-11
5.266667e+01,9.911287e+01,8.726173e+01,6.780845e+01,1.000000e-05,4.578122e-11
5.283333e+01,9.940149e+01,8.754034e+01,6.829258e+01,1.000000e-05,5.077775e-11
5.300000e+01,9.974674e+01,8.786698e+01,6.854381e+01,1.000000e-05,6.071594e-11
5.316667e+01,1.000479e+02,8.817617e+01,6.875247e+01,1.000000e-05,5.305426e-11
5.333333e+01,1.004479e+02,8.845190e+01,6.891894e+01,1.000000e-05,7.054814e-11
5.350000e+01,1.008322e+02,8.880745e+01,6.933337e+01,1.000000e-05,6.762474e-11
5.366667e+01,1.011443e+02,8.922583e+01,6.982744e+01,1.000000e-05,5.458977e-11
5.383333e+01,1.013989e+02,8.961029e+01,7.015488e+01,1.000000e-05,4.427352e-11
5.400000e+01,1.017514e+02,8.996126e+01,7.054175e+01,1.000000e-05,6.111917e-11
5.416667e+01,1.020606e+02,9.032673e+01,7.102741e+01,1.000000e-05,5.349736e-11
5.433333e+01,1.024109e+02,9.072232e+01,7.136942e+01,1.000000e-05,6.055256e-11
5.450000e+01,1.026624e+02,9.110046e+01,7.178966e+01,1.000000e-05,4.357774e-11
5.466667e+01,1.030662e+02,9.143005e+01,7.220745e+01,1.000000e-05,7.025645e-11
5.483333e+01,1.033299e+02,9.174285e+01,7.242533e+01,1.000000e-05,4.610834e-11
5.500000e+01,1.038691e+02,9.210125e+01,7.285914e+01,1.000000e-05,9.492133e-11
5.516667e+01,1.041858e+02,9.245826e+01,7.317302e+01,1.000000e-05,5.591074e-11
5.533333e+01,1.046248e+02,9.272126e+01,7.360242e+01,1.000000e-05,7.787387e-11
5.550000e+01,1.049666e+02,9.307589e+01,7.393252e+01,1.000000e-05,6.079737e-11
5.566667e+01,1.053072e+02,9.344451e+01,7.426115e+01,1.000000e-05,6.083321e-11
5.583333e+01,1.056738e+02,9.385748e+01,7.468430e+01,1.000000e-05,6.569449e-11
5.600000e+01,1.059986e+02,9.425344e+01,7.502873e+01,1.000000e-05,5.831180e-11
5.616667e+01,1.063494e+02,9.461747e+01,7.531455e+01,1.000000e-05,6.313292e-11
5.633333e+01,1.068197e+02,9.501026e+01,7.558035e+01,1.000000e-05,8.488985e-11
5.650000e+01,1.070474e+02,9.537141e+01,7.584521e+01,1.000000e-05,4.106730e-11
5.666667e+01,1.074748e+02,9.565634e+01,7.616559e+01,1.000000e-05,7.690943e-11
5.683333e+01,1.077277e+02,9.597029e+01,7.648463e+01,1.000000e-05,4.533344e-11
5.700000e+01,1.080066e+02,9.628321e+01,7.685828e+01,1.000000e-05,4.976494e-11
5.716667e+01,1.084037e+02,9.662478e+01,7.719301e+01,1.000000e-05,7.059818e-11
5.733333e+01,1.088126e+02,9.706849e+01,7.760017e+01,1.000000e-05,7.250554e-11
5.750000e+01,1.092592e+02,9.739259e+01,7.798684e+01,1.000000e-05,7.908183e-11
5.766667e+01,1.095603e+02,9.781817e+01,7.831675e+01,1.000000e-05,5.325592e-11
5.783333e+01,1.097954e+02,9.816899e+01,7.860884e+01,1.000000e-05,4.152938e-11
5.800000e+01,1.101731e+02,9.851855e+01,7.884537e+01,1.000000e-05,6.664658e-11
5.816667e+01,1.105106e+02,9.889585e+01,7.913551e+01,1.000000e-05,5.942267e-11
5.833333e+01,1.109504e+02,9.924286e+01,7.942459e+01,1.000000e-05,7.721398e-11
5.850000e+01,1.113628e+02,9.961741e+01,7.973059e+01,1.000000e-05,7.216507e-11
5.866667e+01,1.116582e+02,9.996191e+01,7.999962e+01,1.000000e-05,5.144231e-11
5.883333e+01,1.119657e+02,1.002767e+02,8.039256e+01,1.000000e-05,5.325552e-11
5.900000e+01,1.122085e+02,1.006474e+02,8.073038e+01,1.000000e-05,4.179729e-11
5.916667e+01,1.125145e+02,1.009458e+02,8.101377e+01,1.000000e-05,5.246835e-11
5.933333e+01,1.129592e+02,1.012575e+02,8.136662e+01,1.000000e-05,7.601942e-11
5.950000e+01,1.133010e+02,1.015823e+02,8.177052e+01,1.000000e-05,5.819025e-11
5.966667e+01,1.136671e+02,1.018499e+02,8.201539e+01,1.000000e-05,6.209245e-11
5.983333e+01,1.140947e+02,1.022149e+02,8.231176e+01,1.000000e-05,7.241712e-11
6.000000e+01,1.145333e+02,1.026344e+02,8.288404e+01,1.000000e-05,7.405165e-11
6.016667e+01,1.148829e+02,1.030106e+02,8.321175e+01,1.000000e-05,5.883451e-11
6.033333e+01,1.152066e+02,1.033576e+02,8.352102e+01,1.000000e-05,5.450356e-11
6.050000e+01,1.155294e+02,1.036206e+02,8.405099e+01,1.000000e-05,5.438137e-11
6.066667e+01,1.159502e+02,1.039243e+02,8.434021e+01,1.000000e-05,7.093370e-11
6.083333e+01,1.163079e+02,1.042958e+02,8.484819e+01,1.000000e-05,6.048151e-11
6.100000e+01,1.166277e+02,1.046385e+02,8.518515e+01,1.000000e-05,5.407105e-11
6.116667e+01,1.169833e+02,1.048983e+02,8.553754e+01,1.000000e-05,6.030016e-11
6.133333e+01,1.172035e+02,1.053751e+02,8.573826e+01,1.000000e-05,3.738487e-11
6.150000e+01,1.175087e+02,1.057144e+02,8.617153e+01,1.000000e-05,5.188607e-11
6.166667e+01,1.179224e+02,1.059986e+02,8.640394e+01,1.000000e-05,7.030029e-11
6.183333e+01,1.180923e+02,1.062550e+02,8.686688e+01,1.000000e-05,2.880823e-11
6.200000e+01,1.185161e+02,1.065915e+02,8.722889e+01,1.000000e-05,7.156392e-11
6.216667e+01,1.189142e+02,1.069136e+02,8.747486e+01,1.000000e-05,6.724306e-11
6.233333e+01,1.193711e+02,1.072346e+02,8.785068e+01,1.000000e-05,7.716753e-11
6.250000e+01,1.197305e+02,1.076479e+02,8.824113e+01,1.000000e-05,6.055149e-11
6.266667e+01,1.201605e+02,1.080994e+02,8.864602e+01,1.000000e-05,7.230526e-11
6.283333e+01,1.206363e+02,1.083376e+02,8.904906e+01,1.000000e-05,7.999404e-11
6.300000e+01,1.211340e+02,1.087072e+02,8.927398e+01,1.000000e-05,8.373823e-11
6.316667e+01,1.214882e+02,1.090886e+02,8.969017e+01,1.000000e-05,5.968316e-11
6.333333e+01,1.218297e+02,1.094033e+02,9.004084e+01,1.000000e-05,5.746394e-11
6.350000e+01,1.221936e+02,1.097824e+02,9.034259e+01,1.000000e-05,6.135162e-11
6.366667e+01,1.225682e+02,1.102251e+02,9.073810e+01,1.000000e-05,6.331530e-11
6.383333e+01,1.230114e+02,1.105624e+02,9.110046e+01,1.000000e-05,7.509378e-11
6.400000e+01,1.233254e+02,1.108600e+02,9.146138e+01,1.000000e-05,5.328040e-11
6.416667e+01,1.237197e+02,1.111052e+02,9.175846e+01,1.000000e-05,6.703698e-11
6.433333e+01,1.241127e+02,1.114656e+02,9.203902e+01,1.000000e-05,6.703203e-11
6.450000e+01,1.244240e+02,1.118633e+02,9.236526e+01,1.000000e-05,5.317566e-11
6.466667e+01,1.246885e+02,1.122596e+02,9.264398e+01,1.000000e-05,4.521231e-11
6.483333e+01,1.249753e+02,1.125908e+02,9.306050e+01,1.000000e-05,4.909112e-11
6.500000e+01,1.253758e+02,1.130352e+02,9.355175e+01,1.000000e-05,6.861751e-11
6.516667e+01,1.256725e+02,1.133010e+02,9.387274e+01,1.000000e-05,5.095144e-11
6.533333e+01,1.259685e+02,1.136923e+02,9.426863e+01,1.000000e-05,5.108493e-11
6.550000e+01,1.263545e+02,1.141198e+02,9.458719e+01,1.000000e-05,6.691641e-11
6.566667e+01,1.267055e+02,1.145583e+02,9.496502e+01,1.000000e-05,6.115745e-11
6.583333e+01,1.270103e+02,1.149203e+02,9.537141e+01,1.000000e-05,5.338782e-11
6.600000e+01,1.274494e+02,1.152812e+02,9.564137e+01,1.000000e-05,7.737568e-11
6.616667e+01,1.277076e+02,1.155542e+02,9.585081e+01,1.000000e-05,4.578333e-11
6.633333e+01,1.280437e+02,1.157648e+02,9.611943e+01,1.000000e-05,5.985163e-11
6.650000e+01,1.284458e+02,1.161107e+02,9.635757e+01,1.000000e-05,7.183255e-11
6.666667e+01,1.287799e+02,1.163941e+02,9.663960e+01,1.000000e-05,5.976329e-11
6.683333e+01,1.290688e+02,1.168118e+02,9.705373e+01,1.000000e-05,5.161993e-11
6.700000e+01,1.293681e+02,1.172035e+02,9.736317e+01,1.000000e-05,5.338598e-11
6.716667e+01,1.298543e+02,1.174355e+02,9.767163e+01,1.000000e-05,8.689401e-11
6.733333e+01,1.302288e+02,1.178373e+02,9.797912e+01,1.000000e-05,6.700484e-11
6.750000e+01,1.305803e+02,1.182378e+02,9.830022e+01,1.000000e-05,6.289554e-11
6.766667e+01,1.309637e+02,1.185402e+02,9.880891e+01,1.000000e-05,6.857459e-11
6.783333e+01,1.312696e+02,1.189383e+02,9.905505e+01,1.000000e-05,5.462744e-11
6.800000e+01,1.315857e+02,1.193711e+02,9.944472e+01,1.000000e-05,5.651841e-11
6.816667e+01,1.319770e+02,1.196827e+02,9.980416e+01,1.000000e-05,6.998373e-11
6.833333e+01,1.322697e+02,1.199576e+02,1.002338e+02,1.000000e-05,5.237001e-11
6.850000e+01,1.326590e+02,1.203153e+02,1.004622e+02,1.000000e-05,6.973150e-11
6.866667e+01,1.330579e+02,1.206957e+02,1.007612e+02,1.000000e-05,7.171224e-11
6.883333e+01,1.333267e+02,1.209684e+02,1.010734e+02,1.000000e-05,4.836860e-11
6.900000e+01,1.337558e+02,1.212640e+02,1.013565e+02,1.000000e-05,7.728743e-11
6.916667e+01,1.341728e+02,1.216532e+02,1.016387e+02,1.000000e-05,7.523892e-11
6.933333e+01,1.344181e+02,1.220177e+02,1.020185e+02,1.000000e-05,4.427623e-11
6.950000e+01,1.346949e+02,1.222874e+02,1.024249e+02,1.000000e-05,4.988408e-11
6.966667e+01,1.350135e+02,1.226383e+02,1.026903e+02,1.000000e-05,5.743410e-11
6.983333e+01,1.353420e+02,1.229765e+02,1.030523e+02,1.000000e-05,5.929114e-11
7.000000e+01,1.356803e+02,1.233022e+02,1.035100e+02,1.000000e-05,6.103713e-11
7.016667e+01,1.360598e+02,1.236966e+02,1.038691e+02,1.000000e-05,6.848034e-11
7.033333e+01,1.364698e+02,1.241012e+02,1.043232e+02,1.000000e-05,7.419245e-11
7.050000e+01,1.367109e+02,1.244124e+02,1.046385e+02,1.000000e-05,4.372872e-11
7.066667e+01,1.370354e+02,1.247574e+02,1.049529e+02,1.000000e-05,5.901428e-11
7.083333e+01,1.374424e+02,1.252615e+02,1.053344e+02,1.000000e-05,7.433198e-11
7.100000e+01,1.377547e+02,1.256383e+02,1.056195e+02,1.000000e-05,5.716721e-11
7.116667e+01,1.380040e+02,1.258775e+02,1.059175e+02,1.000000e-05,4.572196e-11
7.133333e+01,1.383461e+02,1.262071e+02,1.062011e+02,1.000000e-05,6.278280e-11
7.150000e+01,1.386771e+02,1.265811e+02,1.064705e+02,1.000000e-05,6.079044e-11
7.166667e+01,1.389763e+02,1.269427e+02,1.068868e+02,1.000000e-05,5.495952e-11
7.183333e+01,1.393057e+02,1.272244e+02,1.071945e+02,1.000000e-05,6.039225e-11
7.200000e+01,1.396036e+02,1.276740e+02,1.074748e+02,1.000000e-05,5.456905e-11
7.216667e+01,1.399725e+02,1.279542e+02,1.078872e+02,1.000000e-05,6.748484e-11
7.233333e+01,1.403914e+02,1.283900e+02,1.081126e+02,1.000000e-05,7.647946e-11
7.250000e+01,1.407277e+02,1.287243e+02,1.084830e+02,1.000000e-05,6.133312e-11
7.266667e+01,1.411038e+02,1.291132e+02,1.088784e+02,1.000000e-05,6.834647e-11
7.283333e+01,1.414688e+02,1.294677e+02,1.092199e+02,1.000000e-05,6.614579e-11
7.300000e+01,1.418126e+02,1.298212e+02,1.095342e+02,1.000000e-05,6.218560e-11
7.316667e+01,1.422261e+02,1.302178e+02,1.100039e+02,1.000000e-05,7.464268e-11
7.333333e+01,1.426184e+02,1.306023e+02,1.104328e+02,1.000000e-05,7.066447e-11
7.350000e+01,1.428592e+02,1.310293e+02,1.107825e+02,1.000000e-05,4.334954e-11
7.366667e+01,1.431197e+02,1.313569e+02,1.112598e+02,1.000000e-05,4.688145e-11
7.383333e+01,1.434096e+02,1.317488e+02,1.116069e+02,1.000000e-05,5.211319e-11
7.400000e+01,1.437090e+02,1.320421e+02,1.120169e+02,1.000000e-05,5.386517e-11
7.416667e+01,1.439778e+02,1.323671e+02,1.122978e+02,1.000000e-05,4.841453e-11
7.433333e+01,1.443653e+02,1.327777e+02,1.126417e+02,1.000000e-05,6.994023e-11
7.450000e+01,1.446528e+02,1.330471e+02,1.129084e+02,1.000000e-05,5.191005e-11
7.466667e+01,1.450384e+02,1.333482e+02,1.132251e+02,1.000000e-05,6.970200e-11
7.483333e+01,1.453935e+02,1.336165e+02,1.135788e+02,1.000000e-05,6.413492e-11
7.500000e+01,1.457379e+02,1.339698e+02,1.139439e+02,1.000000e-05,6.206574e-11
7.516667e+01,1.461305e+02,1.343115e+02,1.143330e+02,1.000000e-05,7.066788e-11
7.533333e+01,1.465123e+02,1.346523e+02,1.146957e+02,1.000000e-05,6.863694e-11
7.550000e+01,1.468639e+02,1.350347e+02,1.151196e+02,1.000000e-05,6.314709e-11
7.566667e+01,1.472438e+02,1.352361e+02,1.154426e+02,1.000000e-05,6.818499e-11
7.583333e+01,1.475838e+02,1.355430e+02,1.158637e+02,1.000000e-05,6.106481e-11
7.600000e+01,1.479135e+02,1.358491e+02,1.162340e+02,1.000000e-05,5.912938e-11
7.616667e+01,1.482424e+02,1.362176e+02,1.167259e+02,1.000000e-05,5.903494e-11
7.633333e+01,1.486476e+02,1.367214e+02,1.170200e+02,1.000000e-05,7.286899e-11
7.650000e+01,1.489749e+02,1.371294e+02,1.174477e+02,1.000000e-05,5.904385e-11
7.666667e+01,1.493302e+02,1.374737e+02,1.177765e+02,1.000000e-05,6.418171e-11
7.683333e+01,1.496943e+02,1.377547e+02,1.179831e+02,1.000000e-05,6.583158e-11
7.700000e+01,1.500193e+02,1.380663e+02,1.183710e+02,1.000000e-05,5.877515e-11
7.716667e+01,1.503531e+02,1.383979e+02,1.188178e+02,1.000000e-05,6.021732e-11
7.733333e+01,1.505816e+02,1.388422e+02,1.191910e+02,1.000000e-05,4.111525e-11
7.750000e+01,1.508951e+02,1.392234e+02,1.194791e+02,1.000000e-05,5.649270e-11
7.766667e+01,1.512365e+02,1.394804e+02,1.198262e+02,1.000000e-05,6.160743e-11
7.783333e+01,1.515298e+02,1.397984e+02,1.201366e+02,1.000000e-05,5.293550e-11
7.800000e+01,1.519546e+02,1.401054e+02,1.205176e+02,1.000000e-05,7.677298e-11
7.816667e+01,1.522371e+02,1.403710e+02,1.208499e+02,1.000000e-05,5.106991e-11
7.833333e+01,1.525755e+02,1.406972e+02,1.214293e+02,1.000000e-05,6.125304e-11
7.850000e+01,1.529131e+02,1.410226e+02,1.216532e+02,1.000000e-05,6.121329e-11
7.866667e+01,1.532967e+02,1.413574e+02,1.220529e+02,1.000000e-05,7.000311e-11
7.883333e+01,1.536979e+02,1.417015e+02,1.223459e+02,1.000000e-05,7.352638e-11
7.900000e+01,1.541074e+02,1.420347e+02,1.226149e+02,1.000000e-05,7.546778e-11
7.916667e+01,1.545529e+02,1.423067e+02,1.229649e+02,1.000000e-05,8.257128e-11
7.933333e+01,1.549140e+02,1.427489e+02,1.232092e+02,1.000000e-05,6.714565e-11
7.950000e+01,1.553295e+02,1.430196e+02,1.235923e+02,1.000000e-05,7.766364e-11
7.966667e+01,1.556887e+02,1.433297e+02,1.238586e+02,1.000000e-05,6.730497e-11
7.983333e+01,1.560196e+02,1.436491e+02,1.242050e+02,1.000000e-05,6.219433e-11
