Time,avgI1rd,avgI2rd,avgDrd,Beta,Beff
0.000000e+00,1.692569e+00,0.000000e+00,0.000000e+00,1.000000e-05,0.000000e+00
1.666667e-01,1.692569e+00,0.000000e+00,0.000000e+00,1.000000e-05,0.000000e+00
3.333333e-01,1.692569e+00,0.000000e+00,0.000000e+00,1.000000e-05,0.000000e+00
5.000000e-01,1.692569e+00,0.000000e+00,0.000000e+00,1.000000e-05,0.000000e+00
6.666667e-01,1.692569e+00,0.000000e+00,0.000000e+00,1.000000e-05,0.000000e+00
8.333333e-01,1.692569e+00,0.000000e+00,0.000000e+00,1.000000e-05,0.000000e+00
1.000000e+00,1.692569e+00,0.000000e+00,0.000000e+00,1.000000e-05,0.000000e+00
1.166667e+00,1.692569e+00,0.000000e+00,0.000000e+00,1.000000e-05,0.000000e+00
1.333333e+00,1.692569e+00,0.000000e+00,0.000000e+00,1.000000e-05,0.000000e+00
1.500000e+00,1.692569e+00,0.000000e+00,0.000000e+00,1.000000e-05,0.000000e+00
1.666667e+00,1.692569e+00,0.000000e+00,0.000000e+00,1.000000e-05,0.000000e+00
1.833333e+00,1.692569e+00,0.000000e+00,0.000000e+00,1.000000e-05,0.000000e+00
2.000000e+00,1.692569e+00,0.000000e+00,0.000000e+00,1.000000e-05,0.000000e+00
2.166667e+00,1.692569e+00,0.000000e+00,0.000000e+00,1.000000e-05,0.000000e+00
2.333333e+00,1.692569e+00,0.000000e+00,0.000000e+00,1.000000e-05,0.000000e+00
2.500000e+00,1.692569e+00,0.000000e+00,0.000000e+00,1.000000e-05,0.000000e+00
2.666667e+00,1.692569e+00,0.000000e+00,0.000000e+00,1.000000e-05,0.000000e+00
2.833333e+00,1.692569e+00,0.000000e+00,0.000000e+00,1.000000e-05,0.000000e+00
3.000000e+00,1.692569e+00,0.000000e+00,0.000000e+00,1.000000e-05,0.000000e+00
3.166667e+00,1.692569e+00,0.000000e+00,0.000000e+00,1.000000e-05,0.000000e+00
3.333333e+00,1.692569e+00,0.000000e+00,0.000000e+00,1.000000e-05,0.000000e+00
3.500000e+00,1.692569e+00,0.000000e+00,0.000000e+00,1.000000e-05,0.000000e+00
3.666667e+00,1.692569e+00,0.000000e+00,0.000000e+00,1.000000e-05,0.000000e+00
3.833333e+00,1.692569e+00,0.000000e+00,0.000000e+00,1.000000e-05,0.000000e+00
4.000000e+00,1.692569e+00,0.000000e+00,0.000000e+00,1.000000e-05,0.000000e+00
4.166667e+00,1.692569e+00,0.000000e+00,0.000000e+00,1.000000e-05,0.000000e+00
4.333333e+00,1.692569e+00,0.000000e+00,0.000000e+00,1.000000e-05,0.000000e+00
4.500000e+00,1.692569e+00,0.000000e+00,0.000000e+00,1.000000e-05,0.000000e+00
4.666667e+00,1.692569e+00,0.000000e+00,0.000000e+00,1.000000e-05,0.000000e+00
4.833333e+00,1.692569e+00,0.000000e+00,0.000000e+00,1.000000e-05,0.000000e+00
5.000000e+00,1.692569e+00,0.000000e+00,0.000000e+00,1.000000e-05,0.000000e+00
5.166667e+00,1.692569e+00,0.000000e+00,0.000000e+00,1.000000e-05,0.000000e+00
5.333333e+00,1.692569e+00,0.000000e+00,0.000000e+00,1.000000e-05,0.000000e+00
5.500000e+00,1.692569e+00,0.000000e+00,0.000000e+00,1.000000e-05,0.000000e+00
5.666667e+00,1.692569e+00,0.000000e+00,0.000000e+00,1.000000e-05,0.000000e+00
5.833333e+00,1.692569e+00,0.000000e+00,0.000000e+00,1.000000e-05,0.000000e+00
6.000000e+00,1.692569e+00,0.000000e+00,0.000000e+00,1.000000e-05,0.000000e+00
6.166667e+00,1.692569e+00,0.000000e+00,0.000000e+00,1.000000e-05,0.000000e+00
6.333333e+00,1.692569e+00,0.000000e+00,0.000000e+00,1.000000e-05,0.000000e+00
6.500000e+00,1.692569e+00,0.000000e+00,0.000000e+00,1.000000e-05,0.000000e+00
6.666667e+00,1.692569e+00,0.000000e+00,0.000000e+00,1.000000e-05,0.000000e+00
6.833333e+00,1.692569e+00,0.000000e+00,0.000000e+00,1.000000e-05,0.000000e+00
7.000000e+00,1.692569e+00,0.000000e+00,0.000000e+00,1.000000e-05,0.000000e+00
7.166667e+00,1.692569e+00,0.000000e+00,0.000000e+00,1.000000e-05,0.000000e+00
7.333333e+00,1.692569e+00,0.000000e+00,0.000000e+00,1.000000e-05,0.000000e+00
7.500000e+00,1.692569e+00,0.000000e+00,0.000000e+00,1.000000e-05,0.000000e+00
7.666667e+00,1.692569e+00,0.000000e+00,0.000000e+00,1.000000e-05,0.000000e+00
7.833333e+00,1.692569e+00,0.000000e+00,0.000000e+00,1.000000e-05,0.000000e+00
8.000000e+00,1.692569e+00,0.000000e+00,0.000000e+00,1.000000e-05,0.000000e+00
8.166667e+00,1.692569e+00,0.000000e+00,0.000000e+00,1.000000e-05,0.000000e+00
8.333333e+00,1.692569e+00,0.000000e+00,0.000000e+00,1.000000e-05,0.000000e+00
8.500000e+00,1.692569e+00,0.000000e+00,0.000000e+00,1.000000e-05,0.000000e+00
8.666667e+00,1.692569e+00,0.000000e+00,0.000000e+00,1.000000e-05,0.000000e+00
8.833333e+00,1.692569e+00,0.000000e+00,0.000000e+00,1.000000e-05,0.000000e+00
9.000000e+00,1.692569e+00,0.000000e+00,0.000000e+00,1.000000e-05,0.000000e+00
9.166667e+00,1.692569e+00,0.000000e+00,0.000000e+00,1.000000e-05,0.000000e+00
9.333333e+00,1.692569e+00,0.000000e+00,0.000000e+00,1.000000e-05,0.000000e+00
9.500000e+00,1.692569e+00,0.000000e+00,0.000000e+00,1.000000e-05,0.000000e+00
9.666667e+00,1.692569e+00,0.000000e+00,0.000000e+00,1.000000e-05,0.000000e+00
9.833333e+00,1.692569e+00,1.692569e+00,0.000000e+00,1.000000e-05,0.000000e+00
1.000000e+01,1.692569e+00,1.692569e+00,0.000000e+00,1.000000e-05,0.000000e+00
1.016667e+01,5.352372e+00,1.692569e+00,0.000000e+00,1.000000e-05,1.327757e-06
1.033333e+01,6.102643e+00,1.692569e+00,0.000000e+00,1.000000e-05,2.053375e-07
1.050000e+01,7.569398e+00,1.692569e+00,0.000000e+00,1.000000e-05,2.943211e-07
1.066667e+01,8.291860e+00,2.931615e+00,0.000000e+00,1.000000e-05,1.154390e-07
1.083333e+01,9.114762e+00,3.385138e+00,0.000000e+00,1.000000e-05,1.050014e-07
1.100000e+01,9.574615e+00,3.385138e+00,0.000000e+00,1.000000e-05,4.748702e-08
1.116667e+01,1.070474e+01,3.385138e+00,0.000000e+00,1.000000e-05,9.772568e-08
1.133333e+01,1.122723e+01,4.145930e+00,0.000000e+00,1.000000e-05,3.833799e-08
1.150000e+01,1.196827e+01,4.145930e+00,0.000000e+00,1.000000e-05,4.570302e-08
1.166667e+01,1.243779e+01,4.478116e+00,0.000000e+00,1.000000e-05,2.446764e-08
1.183333e+01,1.321938e+01,5.077706e+00,0.000000e+00,1.000000e-05,3.470643e-08
1.200000e+01,1.385427e+01,5.077706e+00,0.000000e+00,1.000000e-05,2.432020e-08
1.216667e+01,1.426184e+01,5.077706e+00,0.000000e+00,1.000000e-05,1.336696e-08
1.233333e+01,1.475547e+01,5.613615e+00,0.000000e+00,1.000000e-05,1.389553e-08
1.250000e+01,1.542004e+01,6.102643e+00,0.000000e+00,1.000000e-05,1.632606e-08
1.266667e+01,1.614608e+01,6.978640e+00,0.000000e+00,1.000000e-05,1.580792e-08
1.283333e+01,1.675558e+01,7.377736e+00,0.000000e+00,1.000000e-05,1.183506e-08
1.300000e+01,1.734367e+01,7.569398e+00,0.000000e+00,1.000000e-05,1.023120e-08
1.316667e+01,1.775181e+01,7.756324e+00,1.692569e+00,1.000000e-05,6.384237e-09
1.333333e+01,1.799225e+01,8.462844e+00,1.692569e+00,1.000000e-05,3.382030e-09
1.350000e+01,1.854116e+01,8.956232e+00,1.692569e+00,1.000000e-05,8.646225e-09
1.366667e+01,1.877150e+01,9.723067e+00,1.692569e+00,1.000000e-05,4.059361e-09
1.383333e+01,1.922389e+01,1.001337e+01,1.692569e+00,1.000000e-05,8.894879e-09
1.400000e+01,1.959290e+01,1.043369e+01,1.692569e+00,1.000000e-05,8.120669e-09
1.416667e+01,2.016928e+01,1.083773e+01,1.692569e+00,1.000000e-05,1.423594e-08
1.433333e+01,2.066043e+01,1.160367e+01,1.692569e+00,1.000000e-05,1.364726e-08
1.450000e+01,2.127526e+01,1.172646e+01,1.692569e+00,1.000000e-05,1.922486e-08
1.466667e+01,2.174144e+01,1.184798e+01,1.692569e+00,1.000000e-05,1.638102e-08
1.483333e+01,2.239058e+01,1.220529e+01,1.692569e+00,1.000000e-05,2.563851e-08
1.500000e+01,2.270819e+01,1.232209e+01,1.692569e+00,1.000000e-05,1.404129e-08
1.516667e+01,2.295912e+01,1.277861e+01,1.692569e+00,1.000000e-05,1.230211e-08
1.533333e+01,2.320733e+01,1.321938e+01,1.692569e+00,1.000000e-05,1.347126e-08
1.550000e+01,2.351392e+01,1.332730e+01,1.692569e+00,1.000000e-05,1.843569e-08
1.566667e+01,2.381655e+01,1.385427e+01,1.692569e+00,1.000000e-05,2.017683e-08
1.583333e+01,2.411539e+01,1.426184e+01,1.692569e+00,1.000000e-05,2.207398e-08
1.600000e+01,2.423390e+01,1.436192e+01,1.692569e+00,1.000000e-05,9.653603e-09
1.616667e+01,2.476015e+01,1.456003e+01,1.692569e+00,1.000000e-05,4.746981e-08
1.633333e+01,2.504773e+01,1.475547e+01,1.692569e+00,1.000000e-05,2.878479e-08
1.650000e+01,2.544489e+01,1.513880e+01,1.692569e+00,1.000000e-05,4.392812e-08
1.666667e+01,2.578044e+01,1.523312e+01,1.692569e+00,1.000000e-05,4.096643e-08
1.683333e+01,2.594659e+01,1.560471e+01,1.692569e+00,1.000000e-05,2.222695e-08
1.700000e+01,2.627573e+01,1.596766e+01,1.692569e+00,1.000000e-05,4.807339e-08
1.716667e+01,2.649289e+01,1.632254e+01,1.692569e+00,1.000000e-05,3.449452e-08
1.733333e+01,2.670828e+01,1.666987e+01,1.692569e+00,1.000000e-05,3.689744e-08
1.750000e+01,2.681533e+01,1.701011e+01,1.692569e+00,1.000000e-05,1.956826e-08
1.766667e+01,2.702816e+01,1.726088e+01,1.692569e+00,1.000000e-05,4.108746e-08
1.783333e+01,2.718668e+01,1.742606e+01,1.692569e+00,1.000000e-05,3.193248e-08
1.800000e+01,2.723932e+01,1.791246e+01,1.692569e+00,1.000000e-05,1.085619e-08
1.816667e+01,2.750099e+01,1.815078e+01,1.692569e+00,1.000000e-05,5.434204e-08
1.833333e+01,2.776019e+01,1.854116e+01,1.692569e+00,1.000000e-05,5.321978e-08
1.850000e+01,2.791456e+01,1.899904e+01,1.692569e+00,1.000000e-05,3.049202e-08
1.866667e+01,2.796583e+01,1.929825e+01,1.692569e+00,1.000000e-05,9.471963e-09
1.883333e+01,2.811906e+01,1.937233e+01,1.692569e+00,1.000000e-05,2.580700e-08
1.900000e+01,2.837262e+01,1.959290e+01,1.692569e+00,1.000000e-05,3.819512e-08
1.916667e+01,2.852368e+01,1.995509e+01,1.692569e+00,1.000000e-05,1.991877e-08
1.933333e+01,2.862393e+01,2.038123e+01,1.692569e+00,1.000000e-05,1.133867e-08
1.950000e+01,2.897211e+01,2.079863e+01,1.692569e+00,1.000000e-05,3.322340e-08
1.966667e+01,2.916920e+01,2.093592e+01,1.692569e+00,1.000000e-05,1.574937e-08
1.983333e+01,2.946237e+01,2.127526e+01,1.692569e+00,1.000000e-05,1.947211e-08
2.000000e+01,2.955944e+01,2.154288e+01,1.692569e+00,1.000000e-05,5.325670e-09
2.016667e+01,2.984878e+01,2.167546e+01,1.692569e+00,1.000000e-05,1.303418e-08
2.033333e+01,3.004012e+01,2.187281e+01,1.692569e+00,1.000000e-05,7.086018e-09
2.050000e+01,3.013533e+01,2.200339e+01,1.692569e+00,1.000000e-05,2.890068e-09
2.066667e+01,3.027759e+01,2.206840e+01,1.692569e+00,1.000000e-05,3.507200e-09
2.083333e+01,3.074704e+01,2.245446e+01,1.692569e+00,1.000000e-05,9.510502e-09
2.100000e+01,3.102530e+01,2.283400e+01,1.692569e+00,1.000000e-05,4.666076e-09
2.116667e+01,3.111750e+01,2.320733e+01,1.692569e+00,1.000000e-05,1.278382e-09
2.133333e+01,3.148360e+01,2.339177e+01,1.692569e+00,1.000000e-05,4.225150e-09
2.150000e+01,3.180048e+01,2.387662e+01,1.692569e+00,1.000000e-05,3.065653e-09
2.166667e+01,3.211423e+01,2.405592e+01,1.692569e+00,1.000000e-05,2.544157e-09
2.183333e+01,3.242495e+01,2.446918e+01,1.692569e+00,1.000000e-05,2.120156e-09
2.200000e+01,3.273272e+01,2.487558e+01,1.692569e+00,1.000000e-05,1.777196e-09
2.216667e+01,3.290730e+01,2.521871e+01,1.692569e+00,1.000000e-05,8.569256e-10
2.233333e+01,3.308095e+01,2.533205e+01,1.692569e+00,1.000000e-05,7.275088e-10
2.250000e+01,3.351115e+01,2.544489e+01,1.692569e+00,1.000000e-05,1.553987e-09
2.266667e+01,3.393590e+01,2.572482e+01,1.692569e+00,1.000000e-05,1.335567e-09
2.283333e+01,3.423008e+01,2.589132e+01,1.692569e+00,1.000000e-05,8.079297e-10
2.300000e+01,3.431367e+01,2.605676e+01,2.393654e+00,1.000000e-05,2.004991e-10
2.316667e+01,3.472861e+01,2.611168e+01,2.393654e+00,1.000000e-05,8.733040e-10
2.333333e+01,3.501613e+01,2.643877e+01,2.393654e+00,1.000000e-05,5.372706e-10
2.350000e+01,3.534187e+01,2.676186e+01,2.393654e+00,1.000000e-05,5.420364e-10
2.366667e+01,3.574487e+01,2.702816e+01,2.393654e+00,1.000000e-05,6.006452e-10
2.383333e+01,3.622255e+01,2.729185e+01,2.393654e+00,1.000000e-05,6.396893e-10
2.400000e+01,3.665496e+01,2.765680e+01,2.393654e+00,1.000000e-05,5.225706e-10
2.416667e+01,3.704368e+01,2.796583e+01,2.393654e+00,1.000000e-05,4.244760e-10
2.433333e+01,3.754299e+01,2.837262e+01,2.393654e+00,1.000000e-05,4.952183e-10
2.450000e+01,3.792261e+01,2.862393e+01,3.385138e+00,1.000000e-05,3.431968e-10
2.466667e+01,3.826104e+01,2.877367e+01,3.784699e+00,1.000000e-05,2.790931e-10
2.483333e+01,3.863360e+01,2.897211e+01,4.145930e+00,1.000000e-05,2.826926e-10
2.500000e+01,3.922234e+01,2.916920e+01,4.478116e+00,1.000000e-05,4.131209e-10
2.516667e+01,3.965815e+01,2.936497e+01,5.077706e+00,1.000000e-05,2.841014e-10
2.533333e+01,4.008923e+01,2.970446e+01,5.613615e+00,1.000000e-05,2.615287e-10
2.550000e+01,4.037406e+01,2.989672e+01,6.102643e+00,1.000000e-05,1.612886e-10
2.566667e+01,4.083267e+01,3.013533e+01,6.102643e+00,1.000000e-05,2.436240e-10
2.583333e+01,4.118198e+01,3.051322e+01,6.978640e+00,1.000000e-05,1.748789e-10
2.600000e+01,4.152834e+01,3.084007e+01,7.756324e+00,1.000000e-05,1.633701e-10
2.616667e+01,4.170044e+01,3.116350e+01,8.291860e+00,1.000000e-05,7.679210e-11
2.633333e+01,4.204254e+01,3.152906e+01,9.114762e+00,1.000000e-05,1.455433e-10
2.650000e+01,4.258417e+01,3.166506e+01,9.574615e+00,1.000000e-05,2.212952e-10
2.666667e+01,4.305251e+01,3.233648e+01,1.043369e+01,1.000000e-05,1.844752e-10
2.683333e+01,4.344992e+01,3.260118e+01,1.109892e+01,1.000000e-05,1.511904e-10
2.700000e+01,4.368008e+01,3.295080e+01,1.147956e+01,1.000000e-05,8.496432e-11
2.716667e+01,4.403932e+01,3.316744e+01,1.196827e+01,1.000000e-05,1.293839e-10
2.733333e+01,4.449235e+01,3.338267e+01,1.232209e+01,1.000000e-05,1.599528e-10
2.750000e+01,4.494081e+01,3.363914e+01,1.243779e+01,1.000000e-05,1.556088e-10
2.766667e+01,4.529005e+01,3.410432e+01,1.266602e+01,1.000000e-05,1.191921e-10
2.783333e+01,4.554237e+01,3.431367e+01,1.277861e+01,1.000000e-05,8.435249e-11
2.800000e+01,4.585581e+01,3.443868e+01,1.321938e+01,1.000000e-05,1.027513e-10
2.816667e+01,4.647635e+01,3.472861e+01,1.375049e+01,1.000000e-05,2.003492e-10
2.833333e+01,4.690584e+01,3.522007e+01,1.416105e+01,1.000000e-05,1.371869e-10
2.850000e+01,4.717988e+01,3.546325e+01,1.446131e+01,1.000000e-05,8.651450e-11
2.866667e+01,4.769321e+01,3.606403e+01,1.494836e+01,1.000000e-05,1.606450e-10
2.883333e+01,4.802244e+01,3.634099e+01,1.542004e+01,1.000000e-05,1.025346e-10
2.900000e+01,4.855637e+01,3.661586e+01,1.596766e+01,1.000000e-05,1.660696e-10
2.916667e+01,4.896763e+01,3.677201e+01,1.649712e+01,1.000000e-05,1.281433e-10
2.933333e+01,4.920108e+01,3.739007e+01,1.684085e+01,1.000000e-05,7.294019e-11
2.950000e+01,4.966471e+01,3.807339e+01,1.701011e+01,1.000000e-05,1.460124e-10
2.966667e+01,5.023822e+01,3.848501e+01,1.726088e+01,1.000000e-05,1.829317e-10
2.983333e+01,5.046580e+01,3.878162e+01,1.750807e+01,1.000000e-05,7.323156e-11
3.000000e+01,5.086162e+01,3.944085e+01,1.775181e+01,1.000000e-05,1.283947e-10
3.016667e+01,5.122643e+01,3.958585e+01,1.807169e+01,1.000000e-05,1.198122e-10
3.033333e+01,5.144964e+01,3.991018e+01,1.869503e+01,1.000000e-05,7.409364e-11
3.050000e+01,5.178265e+01,4.012495e+01,1.884765e+01,1.000000e-05,1.119727e-10
3.066667e+01,5.197592e+01,4.051573e+01,1.922389e+01,1.000000e-05,6.611529e-11
3.083333e+01,5.230558e+01,4.086774e+01,1.959290e+01,1.000000e-05,1.147055e-10
3.100000e+01,5.271475e+01,4.132087e+01,1.981101e+01,1.000000e-05,1.457504e-10
3.116667e+01,5.314774e+01,4.152834e+01,2.009814e+01,1.000000e-05,1.584070e-10
3.133333e+01,5.371073e+01,4.187184e+01,2.038123e+01,1.000000e-05,2.116922e-10
3.150000e+01,5.410928e+01,4.214462e+01,2.066043e+01,1.000000e-05,1.541577e-10
3.166667e+01,5.437336e+01,4.244941e+01,2.079863e+01,1.000000e-05,1.049237e-10
3.183333e+01,5.455745e+01,4.285242e+01,2.100423e+01,1.000000e-05,7.516408e-11
3.200000e+01,5.476709e+01,4.335091e+01,2.100423e+01,1.000000e-05,8.790346e-11
3.216667e+01,5.508005e+01,4.371286e+01,2.134248e+01,1.000000e-05,1.350850e-10
3.233333e+01,5.544293e+01,4.410433e+01,2.154288e+01,1.000000e-05,1.610017e-10
3.250000e+01,5.575209e+01,4.439566e+01,2.160927e+01,1.000000e-05,1.415599e-10
3.266667e+01,5.611063e+01,4.471714e+01,2.167546e+01,1.000000e-05,1.694312e-10
3.283333e+01,5.641614e+01,4.513164e+01,2.187281e+01,1.000000e-05,1.487449e-10
3.300000e+01,5.687132e+01,4.544791e+01,2.213321e+01,1.000000e-05,2.285415e-10
3.316667e+01,5.724787e+01,4.591824e+01,2.232652e+01,1.000000e-05,1.949846e-10
3.333333e+01,5.754734e+01,4.632199e+01,2.245446e+01,1.000000e-05,1.601867e-10
3.350000e+01,5.782049e+01,4.663019e+01,2.258168e+01,1.000000e-05,1.509637e-10
3.366667e+01,5.814165e+01,4.696688e+01,2.277118e+01,1.000000e-05,1.828553e-10
3.383333e+01,5.833840e+01,4.736169e+01,2.302142e+01,1.000000e-05,1.154121e-10
3.400000e+01,5.865673e+01,4.772324e+01,2.314553e+01,1.000000e-05,1.924340e-10
3.416667e+01,5.890042e+01,4.826047e+01,2.326897e+01,1.000000e-05,1.521152e-10
3.433333e+01,5.902189e+01,4.873305e+01,2.339177e+01,1.000000e-05,7.814114e-11
3.450000e+01,5.945712e+01,4.905530e+01,2.345292e+01,1.000000e-05,2.889734e-10
3.466667e+01,5.974552e+01,4.940446e+01,2.357475e+01,1.000000e-05,1.979889e-10
3.483333e+01,5.991311e+01,4.989491e+01,2.357475e+01,1.000000e-05,1.185239e-10
3.500000e+01,6.010407e+01,5.012405e+01,2.369596e+01,1.000000e-05,1.390650e-10
3.516667e+01,6.038937e+01,5.032369e+01,2.387662e+01,1.000000e-05,2.139897e-10
3.533333e+01,6.074412e+01,5.063582e+01,2.387662e+01,1.000000e-05,2.743010e-10
3.550000e+01,6.095598e+01,5.080526e+01,2.399630e+01,1.000000e-05,1.690291e-10
3.566667e+01,6.130745e+01,5.103032e+01,2.429293e+01,1.000000e-05,2.891707e-10
3.583333e+01,6.158718e+01,5.119846e+01,2.441057e+01,1.000000e-05,2.381646e-10
3.600000e+01,6.188879e+01,5.144964e+01,2.452765e+01,1.000000e-05,2.666100e-10
3.616667e+01,6.223500e+01,5.167188e+01,2.452765e+01,1.000000e-05,3.182335e-10
3.633333e+01,6.246473e+01,5.189318e+01,2.458598e+01,1.000000e-05,2.193464e-10
3.650000e+01,6.285335e+01,5.222336e+01,2.464417e+01,1.000000e-05,3.852356e-10
3.666667e+01,6.328487e+01,5.255147e+01,2.470223e+01,1.000000e-05,4.447597e-10
3.683333e+01,6.357843e+01,5.285044e+01,2.481793e+01,1.000000e-05,3.142807e-10
3.700000e+01,6.398268e+01,5.330920e+01,2.493309e+01,1.000000e-05,4.494261e-10
3.716667e+01,6.433988e+01,5.368405e+01,2.499048e+01,1.000000e-05,4.129603e-10
3.733333e+01,6.460648e+01,5.387050e+01,2.499048e+01,1.000000e-05,3.208258e-10
3.750000e+01,6.491613e+01,5.416220e+01,2.499048e+01,1.000000e-05,3.874951e-10
3.766667e+01,6.524628e+01,5.450492e+01,2.499048e+01,1.000000e-05,4.288231e-10
3.783333e+01,6.544356e+01,5.471476e+01,2.504773e+01,1.000000e-05,2.654199e-10
3.800000e+01,6.570568e+01,5.510605e+01,2.521871e+01,1.000000e-05,3.647972e-10
3.816667e+01,6.601018e+01,5.546876e+01,2.521871e+01,1.000000e-05,4.387640e-10
3.833333e+01,6.627006e+01,5.577778e+01,2.521871e+01,1.000000e-05,3.876144e-10
3.850000e+01,6.655046e+01,5.605955e+01,2.521871e+01,1.000000e-05,4.324676e-10
3.866667e+01,6.678680e+01,5.639074e+01,2.521871e+01,1.000000e-05,3.761435e-10
3.883333e+01,6.725698e+01,5.674524e+01,2.527544e+01,1.000000e-05,7.725113e-10
3.900000e+01,6.755449e+01,5.704735e+01,2.527544e+01,1.000000e-05,5.043558e-10
3.916667e+01,6.795616e+01,5.734787e+01,2.533205e+01,1.000000e-05,7.027224e-10
3.933333e+01,6.816662e+01,5.757222e+01,2.533205e+01,1.000000e-05,3.790581e-10
3.950000e+01,6.862735e+01,5.784525e+01,2.538853e+01,1.000000e-05,8.554598e-10
3.966667e+01,6.877330e+01,5.816628e+01,2.544489e+01,1.000000e-05,2.789338e-10
3.983333e+01,6.910574e+01,5.843653e+01,2.544489e+01,1.000000e-05,6.540320e-10
4.000000e+01,6.943659e+01,5.892473e+01,2.550112e+01,1.000000e-05,6.711559e-10
4.016667e+01,6.970425e+01,5.933655e+01,2.550112e+01,1.000000e-05,5.592512e-10
4.033333e+01,7.005272e+01,5.957746e+01,2.555723e+01,1.000000e-05,7.504428e-10
4.050000e+01,7.033840e+01,5.991311e+01,2.555723e+01,1.000000e-05,6.337571e-10
4.066667e+01,7.072426e+01,6.017552e+01,2.555723e+01,1.000000e-05,8.827548e-10
4.083333e+01,7.096689e+01,6.041309e+01,2.555723e+01,1.000000e-05,5.716803e-10
4.100000e+01,7.128910e+01,6.069694e+01,2.555723e+01,1.000000e-05,7.813457e-10
4.116667e+01,7.152981e+01,6.112025e+01,2.555723e+01,1.000000e-05,6.003627e-10
4.133333e+01,7.190928e+01,6.133081e+01,2.555723e+01,1.000000e-05,9.737530e-10
4.150000e+01,7.220745e+01,6.161043e+01,2.561321e+01,1.000000e-05,7.862437e-10
4.166667e+01,7.252415e+01,6.198130e+01,2.561321e+01,1.000000e-05,8.575649e-10
4.183333e+01,7.295737e+01,6.225801e+01,2.566908e+01,1.000000e-05,1.206443e-09
4.200000e+01,7.321216e+01,6.262504e+01,2.572482e+01,1.000000e-05,7.288067e-10
4.216667e+01,7.358295e+01,6.289892e+01,2.572482e+01,1.000000e-05,1.090539e-09
4.233333e+01,7.389376e+01,6.333012e+01,2.583594e+01,1.000000e-05,9.402331e-10
4.250000e+01,7.410668e+01,6.353336e+01,2.583594e+01,1.000000e-05,6.615333e-10
4.266667e+01,7.447303e+01,6.393789e+01,2.583594e+01,1.000000e-05,1.170240e-09
4.283333e+01,7.481843e+01,6.416153e+01,2.583594e+01,1.000000e-05,1.135045e-09
4.300000e+01,7.521940e+01,6.442887e+01,2.583594e+01,1.000000e-05,1.355686e-09
4.316667e+01,7.554244e+01,6.467296e+01,2.583594e+01,1.000000e-05,1.123221e-09
4.333333e+01,7.580743e+01,6.484991e+01,2.583594e+01,1.000000e-05,9.464452e-10
4.350000e+01,7.625957e+01,6.518038e+01,2.583594e+01,1.000000e-05,1.659568e-09
4.366667e+01,7.642843e+01,6.548732e+01,2.589132e+01,1.000000e-05,6.361863e-10
4.383333e+01,7.674638e+01,6.581460e+01,2.589132e+01,1.000000e-05,1.228807e-09
4.400000e+01,7.697002e+01,6.605357e+01,2.589132e+01,1.000000e-05,8.877758e-10
4.416667e+01,7.719301e+01,6.633488e+01,2.594659e+01,1.000000e-05,9.085387e-10
4.433333e+01,7.754477e+01,6.661500e+01,2.605676e+01,1.000000e-05,1.472508e-09
4.450000e+01,7.787656e+01,6.685111e+01,2.611168e+01,1.000000e-05,1.429189e-09
4.466667e+01,7.815197e+01,6.727828e+01,2.611168e+01,1.000000e-05,1.222552e-09
4.483333e+01,7.835332e+01,6.768159e+01,2.611168e+01,1.000000e-05,9.207276e-10
4.500000e+01,7.857239e+01,6.810355e+01,2.611168e+01,1.000000e-05,1.031132e-09
4.516667e+01,7.884537e+01,6.850200e+01,2.611168e+01,1.000000e-05,1.323030e-09
4.533333e+01,7.908119e+01,6.873163e+01,2.611168e+01,1.000000e-05,1.176664e-09
4.550000e+01,7.946065e+01,6.912646e+01,2.611168e+01,1.000000e-05,1.950860e-09
4.566667e+01,7.967667e+01,6.949845e+01,2.611168e+01,1.000000e-05,1.143592e-09
4.583333e+01,7.991004e+01,6.974533e+01,2.611168e+01,1.000000e-05,1.270799e-09
4.600000e+01,8.005331e+01,6.992993e+01,2.611168e+01,1.000000e-05,8.018734e-10
4.616667e+01,8.030342e+01,7.015488e+01,2.611168e+01,1.000000e-05,1.439081e-09
4.633333e+01,8.055276e+01,7.039947e+01,2.616648e+01,1.000000e-05,1.475672e-09
4.650000e+01,8.085449e+01,7.070401e+01,2.616648e+01,1.000000e-05,1.837524e-09
4.666667e+01,8.120803e+01,7.102741e+01,2.616648e+01,1.000000e-05,2.217024e-09
4.683333e+01,8.154247e+01,7.122880e+01,2.616648e+01,1.000000e-05,2.159762e-09
4.700000e+01,8.189305e+01,7.142961e+01,2.616648e+01,1.000000e-05,2.331283e-09
4.716667e+01,8.210267e+01,7.184949e+01,2.616648e+01,1.000000e-05,1.433832e-09
4.733333e+01,8.236395e+01,7.208833e+01,2.616648e+01,1.000000e-05,1.837367e-09
4.750000e+01,8.267640e+01,7.260311e+01,2.627573e+01,1.000000e-05,2.260478e-09
4.766667e+01,8.295314e+01,7.293773e+01,2.627573e+01,1.000000e-05,2.059752e-09
4.783333e+01,8.328057e+01,7.323172e+01,2.627573e+01,1.000000e-05,2.515322e-09
4.800000e+01,8.369235e+01,7.352453e+01,2.627573e+01,1.000000e-05,3.267480e-09
4.816667e+01,8.389748e+01,7.381618e+01,2.627573e+01,1.000000e-05,1.679112e-09
4.833333e+01,8.403395e+01,7.420326e+01,2.627573e+01,1.000000e-05,1.150170e-09
4.850000e+01,8.428924e+01,7.447303e+01,2.627573e+01,1.000000e-05,2.216183e-09
4.866667e+01,8.462844e+01,7.466511e+01,2.627573e+01,1.000000e-05,3.036791e-09
4.883333e+01,8.479753e+01,7.493321e+01,2.627573e+01,1.000000e-05,1.559715e-09
4.900000e+01,8.503368e+01,7.510506e+01,2.633019e+01,1.000000e-05,2.243206e-09
4.916667e+01,8.526919e+01,7.531455e+01,2.633019e+01,1.000000e-05,2.304229e-09
4.933333e+01,8.542024e+01,7.565612e+01,2.633019e+01,1.000000e-05,1.521925e-09
4.950000e+01,8.573826e+01,7.609033e+01,2.633019e+01,1.000000e-05,3.302120e-09
4.966667e+01,8.592183e+01,7.639094e+01,2.633019e+01,1.000000e-05,1.964041e-09
4.983333e+01,8.615491e+01,7.680235e+01,2.633019e+01,1.000000e-05,2.568071e-09
5.000000e+01,8.628781e+01,7.697002e+01,2.638454e+01,1.000000e-05,1.506991e-09
5.016667e+01,8.642051e+01,7.724866e+01,2.638454e+01,1.000000e-05,1.546970e-09
5.033333e+01,8.656956e+01,7.758171e+01,2.638454e+01,1.000000e-05,1.787352e-09
5.050000e+01,8.676788e+01,7.791334e+01,2.638454e+01,1.000000e-05,2.447708e-09
5.066667e+01,8.699869e+01,7.822525e+01,2.638454e+01,1.000000e-05,2.933187e-09
5.083333e+01,8.726173e+01,7.848118e+01,2.638454e+01,1.000000e-05,3.443412e-09
5.100000e+01,8.736016e+01,7.868169e+01,2.638454e+01,1.000000e-05,1.324679e-09
5.116667e+01,8.763846e+01,7.891800e+01,2.643877e+01,1.000000e-05,3.852040e-09
5.133333e+01,8.773647e+01,7.913551e+01,2.643877e+01,1.000000e-05,1.394784e-09
5.150000e+01,8.796474e+01,7.933436e+01,2.643877e+01,1.000000e-05,3.351540e-09
5.166667e+01,8.806239e+01,7.964071e+01,2.643877e+01,1.000000e-05,1.478556e-09
5.183333e+01,8.819242e+01,7.980242e+01,2.643877e+01,1.000000e-05,2.029239e-09
5.200000e+01,8.832225e+01,7.999962e+01,2.643877e+01,1.000000e-05,2.088552e-09
5.216667e+01,8.843570e+01,8.037474e+01,2.643877e+01,1.000000e-05,1.880647e-09
5.233333e+01,8.853283e+01,8.069489e+01,2.643877e+01,1.000000e-05,1.658664e-09
5.250000e+01,8.875905e+01,8.108447e+01,2.643877e+01,1.000000e-05,3.983136e-09
5.266667e+01,8.901689e+01,8.133141e+01,2.643877e+01,1.000000e-05,4.685000e-09
5.283333e+01,8.917766e+01,8.150733e+01,2.643877e+01,1.000000e-05,3.012655e-09
5.300000e+01,8.930606e+01,8.168288e+01,2.643877e+01,1.000000e-05,2.479326e-09
5.316667e+01,8.941826e+01,8.191054e+01,2.643877e+01,1.000000e-05,2.231472e-09
5.333333e+01,8.961029e+01,8.225954e+01,2.643877e+01,1.000000e-05,3.935403e-09
5.350000e+01,8.975403e+01,8.250296e+01,2.643877e+01,1.000000e-05,3.035947e-09
5.366667e+01,8.988162e+01,8.265907e+01,2.643877e+01,1.000000e-05,2.775484e-09
5.383333e+01,9.000902e+01,8.290132e+01,2.643877e+01,1.000000e-05,2.854429e-09
5.400000e+01,9.018390e+01,8.302218e+01,2.643877e+01,1.000000e-05,4.036698e-09
5.416667e+01,9.035844e+01,8.324617e+01,2.643877e+01,1.000000e-05,4.151614e-09
5.433333e+01,9.053265e+01,8.341806e+01,2.643877e+01,1.000000e-05,4.269655e-09
5.450000e+01,9.064334e+01,8.362386e+01,2.643877e+01,1.000000e-05,2.793799e-09
5.466667e+01,9.073810e+01,8.381207e+01,2.643877e+01,1.000000e-05,2.462166e-09
5.483333e+01,9.078545e+01,8.405099e+01,2.643877e+01,1.000000e-05,1.265604e-09
5.500000e+01,9.092734e+01,8.425525e+01,2.643877e+01,1.000000e-05,3.904164e-09
5.516667e+01,9.102181e+01,8.444205e+01,2.643877e+01,1.000000e-05,2.675867e-09
5.533333e+01,9.113190e+01,8.472993e+01,2.643877e+01,1.000000e-05,3.209621e-09
5.550000e+01,9.124186e+01,8.481442e+01,2.643877e+01,1.000000e-05,3.299829e-09
5.566667e+01,9.136736e+01,8.499999e+01,2.643877e+01,1.000000e-05,3.877367e-09
5.583333e+01,9.150835e+01,8.520197e+01,2.643877e+01,1.000000e-05,4.484969e-09
5.600000e+01,9.163349e+01,8.530278e+01,2.643877e+01,1.000000e-05,4.098760e-09
5.616667e+01,9.168037e+01,8.550404e+01,2.643877e+01,1.000000e-05,1.579939e-09
5.633333e+01,9.174285e+01,8.557103e+01,2.643877e+01,1.000000e-05,2.165476e-09
5.650000e+01,9.180528e+01,8.580506e+01,2.643877e+01,1.000000e-05,2.226015e-09
5.666667e+01,9.186767e+01,8.593850e+01,2.643877e+01,1.000000e-05,2.288239e-09
5.683333e+01,9.197675e+01,8.613828e+01,2.643877e+01,1.000000e-05,4.113006e-09
5.700000e+01,9.203902e+01,8.625461e+01,2.643877e+01,1.000000e-05,2.413776e-09
5.716667e+01,9.214789e+01,8.635419e+01,2.643877e+01,1.000000e-05,4.336957e-09
5.733333e+01,9.221005e+01,8.655301e+01,2.643877e+01,1.000000e-05,2.544390e-09
5.750000e+01,9.236526e+01,8.666878e+01,2.643877e+01,1.000000e-05,6.532831e-09
5.766667e+01,9.244277e+01,8.681739e+01,2.643877e+01,1.000000e-05,3.354258e-09
5.783333e+01,9.255117e+01,8.701516e+01,2.649289e+01,1.000000e-05,4.822957e-09
5.800000e+01,9.269036e+01,8.714675e+01,2.649289e+01,1.000000e-05,6.365582e-09
5.816667e+01,9.276759e+01,8.731096e+01,2.649289e+01,1.000000e-05,3.641663e-09
5.833333e+01,9.282933e+01,8.747486e+01,2.649289e+01,1.000000e-05,2.999663e-09
5.850000e+01,9.293728e+01,8.767114e+01,2.649289e+01,1.000000e-05,5.405229e-09
5.866667e+01,9.299891e+01,8.786698e+01,2.649289e+01,1.000000e-05,3.179783e-09
5.883333e+01,9.313743e+01,8.793216e+01,2.649289e+01,1.000000e-05,7.366495e-09
5.900000e+01,9.327574e+01,8.799730e+01,2.649289e+01,1.000000e-05,7.584301e-09
5.916667e+01,9.335249e+01,8.814368e+01,2.649289e+01,1.000000e-05,4.337139e-09
5.933333e+01,9.339851e+01,8.830603e+01,2.649289e+01,1.000000e-05,2.678286e-09
5.950000e+01,9.355175e+01,8.853283e+01,2.649289e+01,1.000000e-05,9.190493e-09
5.966667e+01,9.359767e+01,8.872677e+01,2.649289e+01,1.000000e-05,2.837399e-09
5.983333e+01,9.372002e+01,8.882358e+01,2.649289e+01,1.000000e-05,7.787852e-09
6.000000e+01,9.376586e+01,8.896860e+01,2.649289e+01,1.000000e-05,3.005187e-09
6.016667e+01,9.379641e+01,8.908123e+01,2.649289e+01,1.000000e-05,2.061427e-09
6.033333e+01,9.381168e+01,8.925793e+01,2.649289e+01,1.000000e-05,1.060455e-09
6.050000e+01,9.387274e+01,8.938622e+01,2.649289e+01,1.000000e-05,4.364596e-09
6.066667e+01,9.396425e+01,8.951433e+01,2.649289e+01,1.000000e-05,6.736715e-09
6.083333e+01,9.399473e+01,8.964225e+01,2.649289e+01,1.000000e-05,2.310237e-09
6.100000e+01,9.404044e+01,8.975403e+01,2.649289e+01,1.000000e-05,3.565184e-09
6.116667e+01,9.413178e+01,8.994534e+01,2.649289e+01,1.000000e-05,7.336466e-09
6.133333e+01,9.422304e+01,9.004084e+01,2.649289e+01,1.000000e-05,7.548316e-09
6.150000e+01,9.428383e+01,9.016802e+01,2.649289e+01,1.000000e-05,5.176960e-09
6.166667e+01,9.434458e+01,9.026328e+01,2.649289e+01,1.000000e-05,5.325749e-09
6.183333e+01,9.440529e+01,9.035844e+01,2.649289e+01,1.000000e-05,5.478697e-09
6.200000e+01,9.442046e+01,9.043767e+01,2.649289e+01,1.000000e-05,1.408810e-09
6.216667e+01,9.448112e+01,9.048517e+01,2.649289e+01,1.000000e-05,5.796828e-09
6.233333e+01,9.452659e+01,9.062753e+01,2.649289e+01,1.000000e-05,4.472026e-09
6.250000e+01,9.454175e+01,9.072232e+01,2.649289e+01,1.000000e-05,1.533179e-09
6.266667e+01,9.458719e+01,9.084854e+01,2.649289e+01,1.000000e-05,4.730988e-09
6.283333e+01,9.467801e+01,9.092734e+01,2.649289e+01,1.000000e-05,9.733414e-09
6.300000e+01,9.470826e+01,9.108473e+01,2.649289e+01,1.000000e-05,3.336954e-09
6.316667e+01,9.475362e+01,9.117904e+01,2.649289e+01,1.000000e-05,5.148237e-09
6.333333e+01,9.484428e+01,9.128894e+01,2.649289e+01,1.000000e-05,1.059136e-08
6.350000e+01,9.488958e+01,9.139871e+01,2.649289e+01,1.000000e-05,5.446607e-09
6.366667e+01,9.493485e+01,9.147704e+01,2.649289e+01,1.000000e-05,5.601763e-09
6.383333e+01,9.496502e+01,9.160222e+01,2.649289e+01,1.000000e-05,3.840688e-09
6.400000e+01,9.499519e+01,9.169600e+01,2.649289e+01,1.000000e-05,3.949836e-09
6.416667e+01,9.501026e+01,9.182088e+01,2.649289e+01,1.000000e-05,2.030937e-09
6.433333e+01,9.510068e+01,9.193001e+01,2.649289e+01,1.000000e-05,1.253365e-08
6.450000e+01,9.514585e+01,9.202345e+01,2.649289e+01,1.000000e-05,6.444885e-09
6.466667e+01,9.520605e+01,9.213235e+01,2.649289e+01,1.000000e-05,8.837604e-09
6.483333e+01,9.523614e+01,9.217898e+01,2.649289e+01,1.000000e-05,4.544075e-09
6.500000e+01,9.528125e+01,9.224111e+01,2.649289e+01,1.000000e-05,7.009552e-09
6.516667e+01,9.529628e+01,9.233424e+01,2.649289e+01,1.000000e-05,2.402608e-09
6.533333e+01,9.535639e+01,9.238077e+01,2.649289e+01,1.000000e-05,9.883373e-09
6.550000e+01,9.538642e+01,9.253569e+01,2.649289e+01,1.000000e-05,5.081571e-09
6.566667e+01,9.538642e+01,9.261306e+01,2.649289e+01,1.000000e-05,0.000000e+00
6.583333e+01,9.540144e+01,9.269036e+01,2.649289e+01,1.000000e-05,2.686260e-09
6.600000e+01,9.543146e+01,9.276759e+01,2.649289e+01,1.000000e-05,5.524436e-09
6.616667e+01,9.543146e+01,9.287561e+01,2.649289e+01,1.000000e-05,0.000000e+00
6.633333e+01,9.544647e+01,9.292187e+01,2.649289e+01,1.000000e-05,2.920200e-09
6.650000e+01,9.550648e+01,9.293728e+01,2.649289e+01,1.000000e-05,1.201171e-08
6.666667e+01,9.553647e+01,9.298351e+01,2.649289e+01,1.000000e-05,6.175435e-09
6.683333e+01,9.559643e+01,9.306050e+01,2.649289e+01,1.000000e-05,1.270051e-08
6.700000e+01,9.561141e+01,9.312205e+01,2.649289e+01,1.000000e-05,3.264539e-09
6.716667e+01,9.562639e+01,9.316818e+01,2.649289e+01,1.000000e-05,3.356437e-09
6.733333e+01,9.564137e+01,9.321430e+01,2.649289e+01,1.000000e-05,3.450892e-09
6.750000e+01,9.565634e+01,9.329110e+01,2.649289e+01,1.000000e-05,3.547972e-09
6.766667e+01,9.570126e+01,9.335249e+01,2.649289e+01,1.000000e-05,1.094413e-08
6.783333e+01,9.570126e+01,9.341385e+01,2.649289e+01,1.000000e-05,0.000000e+00
6.800000e+01,9.570126e+01,9.344451e+01,2.649289e+01,1.000000e-05,0.000000e+00
6.816667e+01,9.571622e+01,9.352112e+01,2.649289e+01,1.000000e-05,3.964004e-09
6.833333e+01,9.573119e+01,9.358237e+01,2.649289e+01,1.000000e-05,4.075325e-09
6.850000e+01,9.574615e+01,9.364357e+01,2.649289e+01,1.000000e-05,4.189731e-09
6.866667e+01,9.576111e+01,9.367416e+01,2.649289e+01,1.000000e-05,4.307305e-09
6.883333e+01,9.576111e+01,9.370474e+01,2.649289e+01,1.000000e-05,0.000000e+00
6.900000e+01,9.579102e+01,9.381168e+01,2.649289e+01,1.000000e-05,9.104612e-09
6.916667e+01,9.580597e+01,9.387274e+01,2.649289e+01,1.000000e-05,4.679912e-09
6.933333e+01,9.582092e+01,9.391850e+01,2.649289e+01,1.000000e-05,4.811044e-09
6.950000e+01,9.583587e+01,9.397949e+01,2.649289e+01,1.000000e-05,4.945798e-09
6.966667e+01,9.586576e+01,9.404044e+01,2.649289e+01,1.000000e-05,1.016895e-08
6.983333e+01,9.586576e+01,9.411656e+01,2.649289e+01,1.000000e-05,0.000000e+00
7.000000e+01,9.586576e+01,9.413178e+01,2.649289e+01,1.000000e-05,0.000000e+00
7.016667e+01,9.586576e+01,9.416221e+01,2.649289e+01,1.000000e-05,0.000000e+00
7.033333e+01,9.586576e+01,9.422304e+01,2.649289e+01,1.000000e-05,0.000000e+00
7.050000e+01,9.588070e+01,9.423824e+01,2.649289e+01,1.000000e-05,5.835318e-09
7.066667e+01,9.588070e+01,9.426863e+01,2.649289e+01,1.000000e-05,0.000000e+00
7.083333e+01,9.589563e+01,9.428383e+01,2.649289e+01,1.000000e-05,6.165490e-09
7.100000e+01,9.591057e+01,9.435976e+01,2.649289e+01,1.000000e-05,6.337534e-09
7.116667e+01,9.594043e+01,9.440529e+01,2.649289e+01,1.000000e-05,1.302913e-08
7.133333e+01,9.594043e+01,9.443563e+01,2.649289e+01,1.000000e-05,0.000000e+00
7.150000e+01,9.595536e+01,9.446596e+01,2.649289e+01,1.000000e-05,6.882506e-09
7.166667e+01,9.595536e+01,9.449628e+01,2.649289e+01,1.000000e-05,0.000000e+00
7.183333e+01,9.597029e+01,9.449628e+01,2.649289e+01,1.000000e-05,7.270853e-09
7.200000e+01,9.597029e+01,9.449628e+01,2.649289e+01,1.000000e-05,0.000000e+00
7.216667e+01,9.597029e+01,9.452659e+01,2.649289e+01,1.000000e-05,0.000000e+00
7.233333e+01,9.598521e+01,9.455690e+01,2.649289e+01,1.000000e-05,7.893931e-09
7.250000e+01,9.600014e+01,9.458719e+01,2.649289e+01,1.000000e-05,8.113281e-09
7.266667e+01,9.600014e+01,9.461747e+01,2.649289e+01,1.000000e-05,0.000000e+00
7.283333e+01,9.601506e+01,9.467801e+01,2.649289e+01,1.000000e-05,8.569748e-09
7.300000e+01,9.601506e+01,9.469313e+01,2.649289e+01,1.000000e-05,0.000000e+00
7.316667e+01,9.602997e+01,9.475362e+01,2.649289e+01,1.000000e-05,9.051410e-09
7.333333e+01,9.602997e+01,9.478385e+01,2.649289e+01,1.000000e-05,0.000000e+00
7.350000e+01,9.604489e+01,9.482918e+01,2.649289e+01,1.000000e-05,9.559619e-09
7.366667e+01,9.604489e+01,9.490467e+01,2.649289e+01,1.000000e-05,0.000000e+00
7.383333e+01,9.604489e+01,9.491976e+01,2.649289e+01,1.000000e-05,0.000000e+00
7.400000e+01,9.605980e+01,9.494994e+01,2.649289e+01,1.000000e-05,1.037463e-08
7.416667e+01,9.608962e+01,9.496502e+01,2.649289e+01,1.000000e-05,2.132374e-08
7.433333e+01,9.611943e+01,9.502534e+01,2.649289e+01,1.000000e-05,2.191381e-08
7.450000e+01,9.614923e+01,9.505548e+01,2.649289e+01,1.000000e-05,2.251988e-08
7.466667e+01,9.616412e+01,9.508561e+01,2.649289e+01,1.000000e-05,1.157071e-08
7.483333e+01,9.616412e+01,9.510068e+01,2.649289e+01,1.000000e-05,0.000000e+00
7.500000e+01,9.616412e+01,9.516091e+01,2.649289e+01,1.000000e-05,0.000000e+00
7.516667e+01,9.616412e+01,9.519101e+01,2.649289e+01,1.000000e-05,0.000000e+00
7.533333e+01,9.616412e+01,9.520605e+01,2.649289e+01,1.000000e-05,0.000000e+00
7.550000e+01,9.617902e+01,9.523614e+01,2.649289e+01,1.000000e-05,1.325290e-08
7.566667e+01,9.617902e+01,9.523614e+01,2.649289e+01,1.000000e-05,0.000000e+00
7.583333e+01,9.617902e+01,9.529628e+01,2.649289e+01,1.000000e-05,0.000000e+00
7.600000e+01,9.617902e+01,9.537141e+01,2.649289e+01,1.000000e-05,0.000000e+00
7.616667e+01,9.617902e+01,9.537141e+01,2.649289e+01,1.000000e-05,0.000000e+00
7.633333e+01,9.617902e+01,9.538642e+01,2.649289e+01,1.000000e-05,0.000000e+00
7.650000e+01,9.619391e+01,9.540144e+01,2.649289e+01,1.000000e-05,1.558926e-08
7.666667e+01,9.619391e+01,9.543146e+01,2.649289e+01,1.000000e-05,0.000000e+00
7.683333e+01,9.619391e+01,9.546148e+01,2.649289e+01,1.000000e-05,0.000000e+00
7.700000e+01,9.619391e+01,9.549148e+01,2.649289e+01,1.000000e-05,0.000000e+00
7.716667e+01,9.619391e+01,9.552148e+01,2.649289e+01,1.000000e-05,0.000000e+00
7.733333e+01,9.620880e+01,9.553647e+01,2.649289e+01,1.000000e-05,1.784007e-08
7.750000e+01,9.620880e+01,9.553647e+01,2.649289e+01,1.000000e-05,0.000000e+00
7.766667e+01,9.620880e+01,9.555147e+01,2.649289e+01,1.000000e-05,0.000000e+00
7.783333e+01,9.620880e+01,9.555147e+01,2.649289e+01,1.000000e-05,0.000000e+00
7.800000e+01,9.620880e+01,9.555147e+01,2.649289e+01,1.000000e-05,0.000000e+00
7.816667e+01,9.620880e+01,9.555147e+01,2.649289e+01,1.000000e-05,0.000000e+00
7.833333e+01,9.620880e+01,9.558144e+01,2.649289e+01,1.000000e-05,0.000000e+00
7.850000e+01,9.620880e+01,9.559643e+01,2.649289e+01,1.000000e-05,0.000000e+00
7.866667e+01,9.622369e+01,9.561141e+01,2.649289e+01,1.000000e-05,2.211632e-08
7.883333e+01,9.622369e+01,9.564137e+01,2.649289e+01,1.000000e-05,0.000000e+00
7.900000e+01,9.622369e+01,9.564137e+01,2.649289e+01,1.000000e-05,0.000000e+00
7.916667e+01,9.622369e+01,9.565634e+01,2.649289e+01,1.000000e-05,0.000000e+00
7.933333e+01,9.622369e+01,9.565634e+01,2.649289e+01,1.000000e-05,0.000000e+00
7.950000e+01,9.622369e+01,9.565634e+01,2.649289e+01,1.000000e-05,0.000000e+00
7.966667e+01,9.622369e+01,9.570126e+01,2.649289e+01,1.000000e-05,0.000000e+00
7.983333e+01,9.622369e+01,9.573119e+01,2.649289e+01,1.000000e-05,0.000000e+00
