Time,avgI1rd,avgI2rd,avgDrd,Beta,Beff
0.000000e+00,1.692569e+00,0.000000e+00,0.000000e+00,1.000000e-05,0.000000e+00
1.666667e-01,1.692569e+00,0.000000e+00,0.000000e+00,1.000000e-05,0.000000e+00
3.333333e-01,1.692569e+00,0.000000e+00,0.000000e+00,1.000000e-05,0.000000e+00
5.000000e-01,1.692569e+00,0.000000e+00,0.000000e+00,1.000000e-05,0.000000e+00
6.666667e-01,1.692569e+00,0.000000e+00,0.000000e+00,1.000000e-05,0.000000e+00
8.333333e-01,1.692569e+00,0.000000e+00,0.000000e+00,1.000000e-05,0.000000e+00
1.000000e+00,1.692569e+00,0.000000e+00,0.000000e+00,1.000000e-05,0.000000e+00
1.166667e+00,1.692569e+00,0.000000e+00,0.000000e+00,1.000000e-05,0.000000e+00
1.333333e+00,1.692569e+00,0.000000e+00,0.000000e+00,1.000000e-05,0.000000e+00
1.500000e+00,1.692569e+00,0.000000e+00,0.000000e+00,1.000000e-05,0.000000e+00
1.666667e+00,1.692569e+00,0.000000e+00,0.000000e+00,1.000000e-05,0.000000e+00
1.833333e+00,1.692569e+00,0.000000e+00,0.000000e+00,1.000000e-05,0.000000e+00
2.000000e+00,1.692569e+00,0.000000e+00,0.000000e+00,1.000000e-05,0.000000e+00
2.166667e+00,1.692569e+00,0.000000e+00,0.000000e+00,1.000000e-05,0.000000e+00
2.333333e+00,1.692569e+00,0.000000e+00,0.000000e+00,1.000000e-05,0.000000e+00
2.500000e+00,1.692569e+00,0.000000e+00,0.000000e+00,1.000000e-05,0.000000e+00
2.666667e+00,1.692569e+00,0.000000e+00,0.000000e+00,1.000000e-05,0.000000e+00
2.833333e+00,1.692569e+00,0.000000e+00,0.000000e+00,1.000000e-05,0.000000e+00
3.000000e+00,1.692569e+00,0.000000e+00,0.000000e+00,1.000000e-05,0.000000e+00
3.166667e+00,1.692569e+00,0.000000e+00,0.000000e+00,1.000000e-05,0.000000e+00
3.333333e+00,1.692569e+00,0.000000e+00,0.000000e+00,1.000000e-05,0.000000e+00
3.500000e+00,1.692569e+00,0.000000e+00,0.000000e+00,1.000000e-05,0.000000e+00
3.666667e+00,1.692569e+00,0.000000e+00,0.000000e+00,1.000000e-05,0.000000e+00
3.833333e+00,1.692569e+00,0.000000e+00,0.000000e+00,1.000000e-05,0.000000e+00
4.000000e+00,1.692569e+00,0.000000e+00,0.000000e+00,1.000000e-05,0.000000e+00
4.166667e+00,1.692569e+00,0.000000e+00,0.000000e+00,1.000000e-05,0.000000e+00
4.333333e+00,1.692569e+00,0.000000e+00,0.000000e+00,1.000000e-05,0.000000e+00
4.500000e+00,1.692569e+00,0.000000e+00,0.000000e+00,1.000000e-05,0.000000e+00
4.666667e+00,1.692569e+00,0.000000e+00,0.000000e+00,1.000000e-05,0.000000e+00
4.833333e+00,1.692569e+00,0.000000e+00,0.000000e+00,1.000000e-05,0.000000e+00
5.000000e+00,1.692569e+00,0.000000e+00,0.000000e+00,1.000000e-05,0.000000e+00
5.166667e+00,1.692569e+00,0.000000e+00,0.000000e+00,1.000000e-05,0.000000e+00
5.333333e+00,1.692569e+00,0.000000e+00,0.000000e+00,1.000000e-05,0.000000e+00
5.500000e+00,1.692569e+00,0.000000e+00,0.000000e+00,1.000000e-05,0.000000e+00
5.666667e+00,1.692569e+00,0.000000e+00,0.000000e+00,1.000000e-05,0.000000e+00
5.833333e+00,1.692569e+00,0.000000e+00,0.000000e+00,1.000000e-05,0.000000e+00
6.000000e+00,1.692569e+00,0.000000e+00,0.000000e+00,1.000000e-05,0.000000e+00
6.166667e+00,1.692569e+00,0.000000e+00,0.000000e+00,1.000000e-05,0.000000e+00
6.333333e+00,1.692569e+00,1.692569e+00,0.000000e+00,1.000000e-05,0.000000e+00
6.500000e+00,1.692569e+00,1.692569e+00,0.000000e+00,1.000000e-05,0.000000e+00
6.666667e+00,1.692569e+00,1.692569e+00,0.000000e+00,1.000000e-05,0.000000e+00
6.833333e+00,1.692569e+00,1.692569e+00,0.000000e+00,1.000000e-05,0.000000e+00
7.000000e+00,1.692569e+00,1.692569e+00,0.000000e+00,1.000000e-05,0.000000e+00
7.166667e+00,3.385138e+00,1.692569e+00,0.000000e+00,1.000000e-05,9.140017e-06
7.333333e+00,4.145930e+00,1.692569e+00,0.000000e+00,1.000000e-05,4.408948e-06
7.500000e+00,4.478116e+00,1.692569e+00,0.000000e+00,1.000000e-05,1.650041e-06
7.666667e+00,4.787307e+00,1.692569e+00,0.000000e+00,1.000000e-05,1.262154e-06
7.833333e+00,5.077706e+00,1.692569e+00,0.000000e+00,1.000000e-05,9.797060e-07
8.000000e+00,6.333012e+00,1.692569e+00,0.000000e+00,1.000000e-05,3.842372e-06
8.166667e+00,6.978640e+00,1.692569e+00,0.000000e+00,1.000000e-05,1.822008e-06
8.333333e+00,7.180961e+00,1.692569e+00,0.000000e+00,1.000000e-05,4.827612e-07
8.500000e+00,7.377736e+00,1.692569e+00,0.000000e+00,1.000000e-05,3.855601e-07
8.666667e+00,7.938851e+00,1.692569e+00,0.000000e+00,1.000000e-05,9.276372e-07
8.833333e+00,8.630441e+00,2.931615e+00,0.000000e+00,1.000000e-05,9.957055e-07
9.000000e+00,9.114762e+00,2.931615e+00,0.000000e+00,1.000000e-05,6.033794e-07
9.166667e+00,1.001337e+01,3.385138e+00,0.000000e+00,1.000000e-05,9.788349e-07
9.333333e+00,1.029549e+01,3.784699e+00,0.000000e+00,1.000000e-05,2.656902e-07
9.500000e+00,1.083773e+01,3.784699e+00,0.000000e+00,1.000000e-05,4.346517e-07
9.666667e+00,1.096910e+01,4.145930e+00,0.000000e+00,1.000000e-05,8.930656e-08
9.833333e+00,1.147956e+01,4.478116e+00,0.000000e+00,1.000000e-05,2.952015e-07
1.000000e+01,1.184798e+01,5.352372e+00,0.000000e+00,1.000000e-05,1.840275e-07
1.016667e+01,1.208736e+01,5.613615e+00,0.000000e+00,1.000000e-05,1.026196e-07
1.033333e+01,1.255243e+01,5.863230e+00,0.000000e+00,1.000000e-05,1.728470e-07
1.050000e+01,1.300087e+01,5.863230e+00,0.000000e+00,1.000000e-05,1.466060e-07
1.066667e+01,1.332730e+01,6.102643e+00,0.000000e+00,1.000000e-05,9.394845e-08
1.083333e+01,1.395728e+01,6.555291e+00,0.000000e+00,1.000000e-05,1.617749e-07
1.100000e+01,1.416105e+01,7.180961e+00,0.000000e+00,1.000000e-05,4.677411e-08
1.116667e+01,1.456003e+01,7.180961e+00,0.000000e+00,1.000000e-05,8.176092e-08
1.133333e+01,1.456003e+01,7.569398e+00,0.000000e+00,1.000000e-05,0.000000e+00
1.150000e+01,1.523312e+01,7.569398e+00,0.000000e+00,1.000000e-05,1.117115e-07
1.166667e+01,1.532686e+01,7.756324e+00,0.000000e+00,1.000000e-05,1.424883e-08
1.183333e+01,1.542004e+01,8.291860e+00,0.000000e+00,1.000000e-05,1.280658e-08
1.200000e+01,1.587770e+01,8.630441e+00,0.000000e+00,1.000000e-05,5.792304e-08
1.216667e+01,1.587770e+01,8.956232e+00,0.000000e+00,1.000000e-05,0.000000e+00
1.233333e+01,1.596766e+01,8.956232e+00,0.000000e+00,1.000000e-05,9.642582e-09
1.250000e+01,1.641006e+01,9.270581e+00,0.000000e+00,1.000000e-05,4.434758e-08
1.266667e+01,1.692569e+01,9.423824e+00,0.000000e+00,1.000000e-05,4.919563e-08
1.283333e+01,1.726088e+01,9.574615e+00,0.000000e+00,1.000000e-05,3.045744e-08
1.300000e+01,1.767094e+01,9.574615e+00,0.000000e+00,1.000000e-05,3.550746e-08
1.316667e+01,1.815078e+01,9.869287e+00,0.000000e+00,1.000000e-05,3.990161e-08
1.333333e+01,1.822952e+01,9.869287e+00,0.000000e+00,1.000000e-05,6.250127e-09
1.350000e+01,1.861826e+01,1.029549e+01,0.000000e+00,1.000000e-05,2.947376e-08
1.366667e+01,1.907428e+01,1.070474e+01,0.000000e+00,1.000000e-05,3.346777e-08
1.383333e+01,1.914923e+01,1.096910e+01,0.000000e+00,1.000000e-05,5.293058e-09
1.400000e+01,1.973857e+01,1.122723e+01,0.000000e+00,1.000000e-05,4.029332e-08
1.416667e+01,2.009814e+01,1.147956e+01,0.000000e+00,1.000000e-05,2.402189e-08
1.433333e+01,2.009814e+01,1.160367e+01,0.000000e+00,1.000000e-05,0.000000e+00
1.450000e+01,2.045139e+01,1.160367e+01,0.000000e+00,1.000000e-05,2.199520e-08
1.466667e+01,2.072965e+01,1.184798e+01,0.000000e+00,1.000000e-05,1.688823e-08
1.483333e+01,2.100423e+01,1.208736e+01,0.000000e+00,1.000000e-05,1.623671e-08
1.500000e+01,2.120783e+01,1.255243e+01,0.000000e+00,1.000000e-05,1.172500e-08
1.516667e+01,2.154288e+01,1.311058e+01,0.000000e+00,1.000000e-05,1.883571e-08
1.533333e+01,2.174144e+01,1.354055e+01,0.000000e+00,1.000000e-05,1.089249e-08
1.550000e+01,2.226227e+01,1.364593e+01,0.000000e+00,1.000000e-05,2.801859e-08
1.566667e+01,2.270819e+01,1.416105e+01,0.000000e+00,1.000000e-05,2.365288e-08
1.583333e+01,2.289665e+01,1.465808e+01,0.000000e+00,1.000000e-05,9.779873e-09
1.600000e+01,2.326897e+01,1.513880e+01,0.000000e+00,1.000000e-05,1.886972e-08
1.616667e+01,2.357475e+01,1.513880e+01,0.000000e+00,1.000000e-05,1.516111e-08
1.633333e+01,2.381655e+01,1.523312e+01,0.000000e+00,1.000000e-05,1.168315e-08
1.650000e+01,2.399630e+01,1.542004e+01,0.000000e+00,1.000000e-05,8.429830e-09
1.666667e+01,2.411539e+01,1.569624e+01,0.000000e+00,1.000000e-05,5.397777e-09
1.683333e+01,2.435182e+01,1.596766e+01,0.000000e+00,1.000000e-05,1.034334e-08
1.700000e+01,2.452765e+01,1.641006e+01,0.000000e+00,1.000000e-05,7.414605e-09
1.716667e+01,2.481793e+01,1.666987e+01,0.000000e+00,1.000000e-05,1.177982e-08
1.733333e+01,2.499048e+01,1.684085e+01,0.000000e+00,1.000000e-05,6.714489e-09
1.750000e+01,2.521871e+01,1.717770e+01,0.000000e+00,1.000000e-05,8.474203e-09
1.766667e+01,2.566908e+01,1.742606e+01,0.000000e+00,1.000000e-05,1.598629e-08
1.783333e+01,2.572482e+01,1.783232e+01,0.000000e+00,1.000000e-05,1.873251e-09
1.800000e+01,2.589132e+01,1.807169e+01,0.000000e+00,1.000000e-05,5.248081e-09
1.816667e+01,2.600173e+01,1.815078e+01,0.000000e+00,1.000000e-05,3.247834e-09
1.833333e+01,2.616648e+01,1.854116e+01,0.000000e+00,1.000000e-05,4.504004e-09
1.850000e+01,2.622116e+01,1.877150e+01,0.000000e+00,1.000000e-05,1.383085e-09
1.866667e+01,2.643877e+01,1.884765e+01,0.000000e+00,1.000000e-05,5.079731e-09
1.883333e+01,2.665460e+01,1.907428e+01,0.000000e+00,1.000000e-05,4.651922e-09
1.900000e+01,2.697511e+01,1.929825e+01,0.000000e+00,1.000000e-05,6.376792e-09
1.916667e+01,2.729185e+01,1.944613e+01,0.000000e+00,1.000000e-05,5.817601e-09
1.933333e+01,2.765680e+01,1.966587e+01,0.000000e+00,1.000000e-05,6.183605e-09
1.950000e+01,2.786320e+01,1.988318e+01,0.000000e+00,1.000000e-05,3.214590e-09
1.966667e+01,2.811906e+01,2.009814e+01,0.000000e+00,1.000000e-05,3.655223e-09
1.983333e+01,2.902151e+01,2.045139e+01,0.000000e+00,1.000000e-05,1.197920e-08
2.000000e+01,2.946237e+01,2.093592e+01,0.000000e+00,1.000000e-05,5.454416e-09
2.016667e+01,2.965620e+01,2.120783e+01,0.000000e+00,1.000000e-05,2.209240e-09
2.033333e+01,2.989672e+01,2.154288e+01,0.000000e+00,1.000000e-05,2.520133e-09
2.050000e+01,3.008776e+01,2.174144e+01,0.000000e+00,1.000000e-05,1.842533e-09
2.066667e+01,3.032486e+01,2.200339e+01,0.000000e+00,1.000000e-05,2.104111e-09
2.083333e+01,3.046624e+01,2.239058e+01,0.000000e+00,1.000000e-05,1.155937e-09
2.100000e+01,3.074704e+01,2.277118e+01,0.000000e+00,1.000000e-05,2.121992e-09
2.116667e+01,3.097909e+01,2.308356e+01,0.000000e+00,1.000000e-05,1.626927e-09
2.133333e+01,3.130108e+01,2.339177e+01,1.692569e+00,1.000000e-05,2.100790e-09
2.150000e+01,3.171027e+01,2.363544e+01,1.692569e+00,1.000000e-05,2.491331e-09
2.166667e+01,3.206960e+01,2.393654e+01,1.692569e+00,1.000000e-05,2.060327e-09
2.183333e+01,3.260118e+01,2.417472e+01,1.692569e+00,1.000000e-05,2.878926e-09
2.200000e+01,3.282013e+01,2.435182e+01,1.692569e+00,1.000000e-05,1.116762e-09
2.216667e+01,3.329675e+01,2.470223e+01,1.692569e+00,1.000000e-05,2.291621e-09
2.233333e+01,3.346838e+01,2.487558e+01,1.692569e+00,1.000000e-05,7.785355e-10
2.250000e+01,3.372419e+01,2.533205e+01,1.692569e+00,1.000000e-05,1.092004e-09
2.266667e+01,3.402021e+01,2.555723e+01,1.692569e+00,1.000000e-05,1.193465e-09
2.283333e+01,3.472861e+01,2.578044e+01,1.692569e+00,1.000000e-05,2.717240e-09
2.300000e+01,3.509785e+01,2.627573e+01,1.692569e+00,1.000000e-05,1.351051e-09
2.316667e+01,3.558422e+01,2.670828e+01,1.692569e+00,1.000000e-05,1.695661e-09
2.333333e+01,3.594468e+01,2.697511e+01,1.692569e+00,1.000000e-05,1.199402e-09
2.350000e+01,3.630156e+01,2.744885e+01,1.692569e+00,1.000000e-05,1.132176e-09
2.366667e+01,3.657672e+01,2.765680e+01,2.393654e+00,1.000000e-05,8.308319e-10
2.383333e+01,3.704368e+01,2.781174e+01,2.393654e+00,1.000000e-05,1.345898e-09
2.400000e+01,3.754299e+01,2.801700e+01,2.393654e+00,1.000000e-05,1.383329e-09
2.416667e+01,3.792261e+01,2.827147e+01,2.931615e+00,1.000000e-05,1.011106e-09
2.433333e+01,3.826104e+01,2.862393e+01,2.931615e+00,1.000000e-05,8.659914e-10
2.450000e+01,3.870768e+01,2.907082e+01,2.931615e+00,1.000000e-05,1.102316e-09
2.466667e+01,3.918580e+01,2.931615e+01,2.931615e+00,1.000000e-05,1.141163e-09
2.483333e+01,3.936814e+01,2.970446e+01,2.931615e+00,1.000000e-05,4.194197e-10
2.500000e+01,3.965815e+01,3.004012e+01,2.931615e+00,1.000000e-05,6.414667e-10
2.516667e+01,3.998190e+01,3.023024e+01,3.385138e+00,1.000000e-05,6.905992e-10
2.533333e+01,4.030304e+01,3.051322e+01,3.385138e+00,1.000000e-05,6.612143e-10
2.550000e+01,4.076245e+01,3.056012e+01,3.385138e+00,1.000000e-05,9.155590e-10
2.566667e+01,4.100770e+01,3.084007e+01,3.385138e+00,1.000000e-05,4.730064e-10
2.583333e+01,4.145930e+01,3.102530e+01,3.385138e+00,1.000000e-05,8.439576e-10
2.600000e+01,4.194020e+01,3.171027e+01,3.385138e+00,1.000000e-05,8.741769e-10
2.616667e+01,4.211062e+01,3.211423e+01,3.385138e+00,1.000000e-05,3.005008e-10
2.633333e+01,4.238187e+01,3.246910e+01,3.385138e+00,1.000000e-05,4.629323e-10
2.650000e+01,4.271850e+01,3.255721e+01,3.784699e+00,1.000000e-05,5.570339e-10
2.666667e+01,4.308577e+01,3.286374e+01,4.478116e+00,1.000000e-05,5.905819e-10
2.683333e+01,4.338394e+01,3.308095e+01,4.478116e+00,1.000000e-05,4.665661e-10
2.700000e+01,4.377835e+01,3.351115e+01,4.478116e+00,1.000000e-05,6.022101e-10
2.716667e+01,4.420165e+01,3.380903e+01,4.478116e+00,1.000000e-05,6.320425e-10
2.733333e+01,4.452453e+01,3.431367e+01,4.787307e+00,1.000000e-05,4.712135e-10
2.750000e+01,4.513164e+01,3.460465e+01,4.787307e+00,1.000000e-05,8.686437e-10
2.766667e+01,4.544791e+01,3.501613e+01,4.787307e+00,1.000000e-05,4.441323e-10
2.783333e+01,4.579329e+01,3.526072e+01,5.077706e+00,1.000000e-05,4.748826e-10
2.800000e+01,4.601173e+01,3.562445e+01,5.352372e+00,1.000000e-05,2.938689e-10
2.816667e+01,4.656872e+01,3.574487e+01,5.352372e+00,1.000000e-05,7.356846e-10
2.833333e+01,4.681414e+01,3.586489e+01,5.613615e+00,1.000000e-05,3.183679e-10
2.850000e+01,4.714951e+01,3.618299e+01,5.613615e+00,1.000000e-05,4.265074e-10
2.866667e+01,4.757293e+01,3.669402e+01,5.863230e+00,1.000000e-05,5.295939e-10
2.883333e+01,4.778323e+01,3.704368e+01,6.102643e+00,1.000000e-05,2.582331e-10
2.900000e+01,4.826047e+01,3.719803e+01,6.102643e+00,1.000000e-05,5.755568e-10
2.916667e+01,4.852686e+01,3.754299e+01,6.333012e+00,1.000000e-05,3.159283e-10
2.933333e+01,4.893837e+01,3.788482e+01,6.333012e+00,1.000000e-05,4.798695e-10
2.950000e+01,4.931740e+01,3.803575e+01,6.555291e+00,1.000000e-05,4.356900e-10
2.966667e+01,4.957811e+01,3.852221e+01,7.180961e+00,1.000000e-05,2.949145e-10
2.983333e+01,4.992361e+01,3.874467e+01,7.569398e+00,1.000000e-05,3.846211e-10
3.000000e+01,5.018117e+01,3.911262e+01,7.756324e+00,1.000000e-05,2.829194e-10
3.016667e+01,5.052254e+01,3.933174e+01,7.756324e+00,1.000000e-05,3.702931e-10
3.033333e+01,5.074885e+01,3.958585e+01,7.756324e+00,1.000000e-05,2.423032e-10
3.050000e+01,5.097415e+01,3.976636e+01,7.938851e+00,1.000000e-05,2.378123e-10
3.066667e+01,5.128232e+01,4.030304e+01,8.117275e+00,1.000000e-05,3.209570e-10
3.083333e+01,5.147747e+01,4.065690e+01,8.117275e+00,1.000000e-05,2.005931e-10
3.100000e+01,5.194835e+01,4.090277e+01,8.291860e+00,1.000000e-05,4.787013e-10
3.116667e+01,5.230558e+01,4.145930e+01,8.462844e+00,1.000000e-05,3.596230e-10
3.133333e+01,5.263317e+01,4.183762e+01,8.630441e+00,1.000000e-05,3.263291e-10
3.150000e+01,5.293169e+01,4.224646e+01,8.630441e+00,1.000000e-05,2.941904e-10
3.166667e+01,5.328232e+01,4.265139e+01,8.630441e+00,1.000000e-05,3.419086e-10
3.183333e+01,5.357722e+01,4.301922e+01,8.630441e+00,1.000000e-05,2.844277e-10
3.200000e+01,5.392366e+01,4.328478e+01,8.956232e+00,1.000000e-05,3.301678e-10
3.216667e+01,5.429427e+01,4.351581e+01,9.114762e+00,1.000000e-05,3.490817e-10
3.233333e+01,5.447863e+01,4.387640e+01,9.114762e+00,1.000000e-05,1.714354e-10
3.250000e+01,5.479324e+01,4.426642e+01,9.114762e+00,1.000000e-05,2.888486e-10
3.266667e+01,5.518397e+01,4.449235e+01,9.114762e+00,1.000000e-05,3.547851e-10
3.283333e+01,5.544293e+01,4.468510e+01,9.270581e+00,1.000000e-05,2.322186e-10
3.300000e+01,5.559773e+01,4.500451e+01,9.423824e+00,1.000000e-05,1.367031e-10
3.316667e+01,5.603400e+01,4.529005e+01,9.723067e+00,1.000000e-05,3.803311e-10
3.333333e+01,5.618716e+01,4.563663e+01,9.723067e+00,1.000000e-05,1.318168e-10
3.350000e+01,5.646689e+01,4.598059e+01,9.869287e+00,1.000000e-05,2.375524e-10
3.366667e+01,5.682092e+01,4.622913e+01,9.869287e+00,1.000000e-05,2.969647e-10
3.383333e+01,5.727289e+01,4.656872e+01,1.015541e+01,1.000000e-05,3.751271e-10
3.400000e+01,5.757222e+01,4.693637e+01,1.029549e+01,1.000000e-05,2.456396e-10
3.416667e+01,5.787001e+01,4.733144e+01,1.096910e+01,1.000000e-05,2.414545e-10
3.433333e+01,5.824011e+01,4.769321e+01,1.122723e+01,1.000000e-05,2.966623e-10
3.450000e+01,5.860787e+01,4.793288e+01,1.160367e+01,1.000000e-05,2.921562e-10
3.466667e+01,5.916732e+01,4.834943e+01,1.172646e+01,1.000000e-05,4.414631e-10
3.483333e+01,5.960150e+01,4.873305e+01,1.196827e+01,1.000000e-05,3.406133e-10
3.500000e+01,5.984134e+01,4.905530e+01,1.220529e+01,1.000000e-05,1.863149e-10
3.516667e+01,6.027066e+01,4.923019e+01,1.232209e+01,1.000000e-05,3.304061e-10
3.533333e+01,6.062610e+01,4.957811e+01,1.243779e+01,1.000000e-05,2.712946e-10
3.550000e+01,6.100296e+01,5.003824e+01,1.255243e+01,1.000000e-05,2.850779e-10
3.566667e+01,6.154065e+01,5.040901e+01,1.255243e+01,1.000000e-05,4.035877e-10
3.583333e+01,6.163368e+01,5.094604e+01,1.289022e+01,1.000000e-05,6.902302e-11
3.600000e+01,6.205060e+01,5.125438e+01,1.300087e+01,1.000000e-05,3.054117e-10
3.616667e+01,6.221198e+01,5.156088e+01,1.332730e+01,1.000000e-05,1.167686e-10
3.633333e+01,6.251058e+01,5.194835e+01,1.332730e+01,1.000000e-05,2.132532e-10
3.650000e+01,6.278495e+01,5.236032e+01,1.332730e+01,1.000000e-05,1.936509e-10
3.666667e+01,6.310354e+01,5.257872e+01,1.354055e+01,1.000000e-05,2.221050e-10
3.683333e+01,6.344311e+01,5.285044e+01,1.354055e+01,1.000000e-05,2.338037e-10
3.700000e+01,6.378088e+01,5.314774e+01,1.395728e+01,1.000000e-05,2.297881e-10
3.716667e+01,6.413920e+01,5.347017e+01,1.416105e+01,1.000000e-05,2.407597e-10
3.733333e+01,6.438439e+01,5.387050e+01,1.416105e+01,1.000000e-05,1.626967e-10
3.750000e+01,6.480571e+01,5.410928e+01,1.446131e+01,1.000000e-05,2.763525e-10
3.766667e+01,6.524628e+01,5.439970e+01,1.446131e+01,1.000000e-05,2.857253e-10
3.783333e+01,6.555291e+01,5.466237e+01,1.456003e+01,1.000000e-05,1.965613e-10
3.800000e+01,6.577105e+01,5.494986e+01,1.485223e+01,1.000000e-05,1.378897e-10
3.816667e+01,6.605357e+01,5.518397e+01,1.513880e+01,1.000000e-05,1.760917e-10
3.833333e+01,6.633488e+01,5.559773e+01,1.542004e+01,1.000000e-05,1.730199e-10
3.850000e+01,6.657198e+01,5.600843e+01,1.569624e+01,1.000000e-05,1.438311e-10
3.866667e+01,6.704367e+01,5.626359e+01,1.569624e+01,1.000000e-05,2.829136e-10
3.883333e+01,6.751207e+01,5.654294e+01,1.587770e+01,1.000000e-05,2.783209e-10
3.900000e+01,6.785069e+01,5.684613e+01,1.605712e+01,1.000000e-05,1.990025e-10
3.916667e+01,6.820863e+01,5.724787e+01,1.641006e+01,1.000000e-05,2.079150e-10
3.933333e+01,6.846017e+01,5.754734e+01,1.641006e+01,1.000000e-05,1.443002e-10
3.950000e+01,6.879412e+01,5.794422e+01,1.649712e+01,1.000000e-05,1.893487e-10
3.966667e+01,6.914718e+01,5.826470e+01,1.666987e+01,1.000000e-05,1.978207e-10
3.983333e+01,6.943659e+01,5.865673e+01,1.709411e+01,1.000000e-05,1.601233e-10
4.000000e+01,6.976587e+01,5.892473e+01,1.726088e+01,1.000000e-05,1.799572e-10
4.016667e+01,7.001181e+01,5.907041e+01,1.726088e+01,1.000000e-05,1.327900e-10
4.033333e+01,7.023650e+01,5.952935e+01,1.742606e+01,1.000000e-05,1.197746e-10
4.050000e+01,7.068375e+01,5.986527e+01,1.767094e+01,1.000000e-05,2.357547e-10
4.066667e+01,7.110803e+01,6.022311e+01,1.799225e+01,1.000000e-05,2.215114e-10
4.083333e+01,7.140955e+01,6.048418e+01,1.822952e+01,1.000000e-05,1.557856e-10
4.100000e+01,7.164986e+01,6.088544e+01,1.830793e+01,1.000000e-05,1.227506e-10
4.116667e+01,7.210820e+01,6.121392e+01,1.838600e+01,1.000000e-05,2.319039e-10
4.133333e+01,7.238577e+01,6.158718e+01,1.877150e+01,1.000000e-05,1.390866e-10
4.150000e+01,7.270169e+01,6.202751e+01,1.899904e+01,1.000000e-05,1.566075e-10
4.166667e+01,7.307508e+01,6.230401e+01,1.922389e+01,1.000000e-05,1.833321e-10
4.183333e+01,7.334899e+01,6.267077e+01,1.937233e+01,1.000000e-05,1.331439e-10
4.200000e+01,7.368022e+01,6.312623e+01,1.951966e+01,1.000000e-05,1.594160e-10
4.216667e+01,7.404867e+01,6.333012e+01,1.981101e+01,1.000000e-05,1.757262e-10
4.233333e+01,7.447303e+01,6.362348e+01,1.995509e+01,1.000000e-05,2.007506e-10
4.250000e+01,7.481843e+01,6.402744e+01,2.024018e+01,1.000000e-05,1.621098e-10
4.266667e+01,7.508598e+01,6.445110e+01,2.031083e+01,1.000000e-05,1.244489e-10
4.283333e+01,7.542858e+01,6.469511e+01,2.045139e+01,1.000000e-05,1.580234e-10
4.300000e+01,7.582632e+01,6.496025e+01,2.066043e+01,1.000000e-05,1.820712e-10
4.316667e+01,7.616559e+01,6.526823e+01,2.093592e+01,1.000000e-05,1.541253e-10
4.333333e+01,7.655951e+01,6.555291e+01,2.114018e+01,1.000000e-05,1.776260e-10
4.350000e+01,7.708160e+01,6.587986e+01,2.127526e+01,1.000000e-05,2.340474e-10
4.366667e+01,7.747085e+01,6.622682e+01,2.147629e+01,1.000000e-05,1.734464e-10
4.383333e+01,7.771084e+01,6.657198e+01,2.174144e+01,1.000000e-05,1.060621e-10
4.400000e+01,7.800520e+01,6.685111e+01,2.187281e+01,1.000000e-05,1.289377e-10
4.416667e+01,7.824356e+01,6.725698e+01,2.206840e+01,1.000000e-05,1.034870e-10
4.433333e+01,7.855416e+01,6.751207e+01,2.239058e+01,1.000000e-05,1.336808e-10
4.450000e+01,7.869990e+01,6.776619e+01,2.264503e+01,1.000000e-05,6.212399e-11
4.466667e+01,7.902683e+01,6.810355e+01,2.308356e+01,1.000000e-05,1.381450e-10
4.483333e+01,7.938851e+01,6.850200e+01,2.345292e+01,1.000000e-05,1.517541e-10
4.500000e+01,7.967667e+01,6.893972e+01,2.363544e+01,1.000000e-05,1.200808e-10
4.516667e+01,8.014273e+01,6.933337e+01,2.393654e+01,1.000000e-05,1.931897e-10
4.533333e+01,8.060609e+01,6.960142e+01,2.417472e+01,1.000000e-05,1.912110e-10
4.550000e+01,8.101377e+01,6.999135e+01,2.446918e+01,1.000000e-05,1.674285e-10
4.566667e+01,8.133141e+01,7.044015e+01,2.470223e+01,1.000000e-05,1.296767e-10
4.583333e+01,8.175300e+01,7.074451e+01,2.493309e+01,1.000000e-05,1.711496e-10
4.600000e+01,8.220728e+01,7.106774e+01,2.510485e+01,1.000000e-05,1.835301e-10
4.616667e+01,8.253768e+01,7.132927e+01,2.544489e+01,1.000000e-05,1.327452e-10
4.633333e+01,8.281488e+01,7.170981e+01,2.589132e+01,1.000000e-05,1.106203e-10
4.650000e+01,8.310840e+01,7.202869e+01,2.605676e+01,1.000000e-05,1.163738e-10
4.666667e+01,8.348671e+01,7.228676e+01,2.643877e+01,1.000000e-05,1.492443e-10
4.683333e+01,8.388040e+01,7.256364e+01,2.660081e+01,1.000000e-05,1.546285e-10
4.700000e+01,8.417020e+01,7.295737e+01,2.686870e+01,1.000000e-05,1.132961e-10
4.716667e+01,8.449292e+01,7.334899e+01,2.708110e+01,1.000000e-05,1.255080e-10
4.733333e+01,8.476373e+01,7.358295e+01,2.750099e+01,1.000000e-05,1.047508e-10
4.750000e+01,8.508420e+01,7.391314e+01,2.760496e+01,1.000000e-05,1.232630e-10
4.766667e+01,8.547053e+01,7.443455e+01,2.781174e+01,1.000000e-05,1.479867e-10
4.783333e+01,8.590516e+01,7.466511e+01,2.806808e+01,1.000000e-05,1.658938e-10
4.800000e+01,8.613828e+01,7.502873e+01,2.857385e+01,1.000000e-05,8.850527e-11
4.816667e+01,8.642051e+01,7.537159e+01,2.877367e+01,1.000000e-05,1.065001e-10
4.833333e+01,8.681739e+01,7.558035e+01,2.907082e+01,1.000000e-05,1.491531e-10
4.850000e+01,8.717961e+01,7.586410e+01,2.912005e+01,1.000000e-05,1.356222e-10
4.866667e+01,8.745848e+01,7.637218e+01,2.936497e+01,1.000000e-05,1.039514e-10
4.883333e+01,8.768748e+01,7.670904e+01,2.975264e+01,1.000000e-05,8.487587e-11
4.900000e+01,8.807865e+01,7.715589e+01,2.989672e+01,1.000000e-05,1.443180e-10
4.916667e+01,8.840330e+01,7.743386e+01,3.008776e+01,1.000000e-05,1.192699e-10
4.933333e+01,8.871063e+01,7.772927e+01,3.027759e+01,1.000000e-05,1.123371e-10
4.950000e+01,8.904906e+01,7.818862e+01,3.051322e+01,1.000000e-05,1.230933e-10
4.966667e+01,8.929002e+01,7.848118e+01,3.084007e+01,1.000000e-05,8.714987e-11
4.983333e+01,8.954633e+01,7.877267e+01,3.120943e+01,1.000000e-05,9.212545e-11
5.000000e+01,8.983379e+01,7.908119e+01,3.180048e+01,1.000000e-05,1.027232e-10
5.016667e+01,9.015213e+01,7.931631e+01,3.198014e+01,1.000000e-05,1.131622e-10
5.033333e+01,9.056429e+01,7.964071e+01,3.215881e+01,1.000000e-05,1.460211e-10
5.050000e+01,9.102181e+01,8.001752e+01,3.246910e+01,1.000000e-05,1.616646e-10
5.066667e+01,9.138304e+01,8.042819e+01,3.264508e+01,1.000000e-05,1.272278e-10
5.083333e+01,9.175846e+01,8.078360e+01,3.290730e+01,1.000000e-05,1.317069e-10
5.100000e+01,9.207014e+01,8.097840e+01,3.299424e+01,1.000000e-05,1.088483e-10
5.116667e+01,9.239627e+01,8.126093e+01,3.325370e+01,1.000000e-05,1.133609e-10
5.133333e+01,9.273671e+01,8.164780e+01,3.355387e+01,1.000000e-05,1.177714e-10
5.150000e+01,9.304511e+01,8.203286e+01,3.385138e+01,1.000000e-05,1.061892e-10
5.166667e+01,9.353644e+01,8.239872e+01,3.402021e+01,1.000000e-05,1.685938e-10
5.183333e+01,9.393375e+01,8.262440e+01,3.427191e+01,1.000000e-05,1.359311e-10
5.200000e+01,9.426863e+01,8.291860e+01,3.452176e+01,1.000000e-05,1.141126e-10
5.216667e+01,9.458719e+01,8.322896e+01,3.476983e+01,1.000000e-05,1.080694e-10
5.233333e+01,9.484428e+01,8.348671e+01,3.509785e+01,1.000000e-05,8.678951e-11
5.250000e+01,9.523614e+01,8.369235e+01,3.530132e+01,1.000000e-05,1.317451e-10
5.266667e+01,9.565634e+01,8.394868e+01,3.566464e+01,1.000000e-05,1.408649e-10
5.283333e+01,9.602997e+01,8.418722e+01,3.578492e+01,1.000000e-05,1.248576e-10
5.300000e+01,9.634270e+01,8.452682e+01,3.610373e+01,1.000000e-05,1.041246e-10
5.316667e+01,9.662478e+01,8.488194e+01,3.645905e+01,1.000000e-05,9.350418e-11
5.333333e+01,9.693559e+01,8.538670e+01,3.661586e+01,1.000000e-05,1.025995e-10
5.350000e+01,9.720120e+01,8.558776e+01,3.696626e+01,1.000000e-05,8.732418e-11
5.366667e+01,9.745140e+01,8.595517e+01,3.712093e+01,1.000000e-05,8.185888e-11
5.383333e+01,9.781817e+01,8.623800e+01,3.746661e+01,1.000000e-05,1.195653e-10
5.400000e+01,9.808140e+01,8.661918e+01,3.780912e+01,1.000000e-05,8.545021e-11
5.416667e+01,9.847492e+01,8.691633e+01,3.811100e+01,1.000000e-05,1.272777e-10
5.433333e+01,9.869287e+01,8.724531e+01,3.826104e+01,1.000000e-05,7.020045e-11
5.450000e+01,9.905505e+01,8.758941e+01,3.837319e+01,1.000000e-05,1.162041e-10
5.466667e+01,9.928615e+01,8.788328e+01,3.863360e+01,1.000000e-05,7.380588e-11
5.483333e+01,9.960303e+01,8.828981e+01,3.881854e+01,1.000000e-05,1.007147e-10
5.500000e+01,9.984721e+01,8.853283e+01,3.914923e+01,1.000000e-05,7.723539e-11
5.516667e+01,1.001623e+02,8.893640e+01,3.940451e+01,1.000000e-05,9.921280e-11
5.533333e+01,1.005192e+02,8.916159e+01,3.973033e+01,1.000000e-05,1.119326e-10
5.550000e+01,1.008606e+02,8.945030e+01,4.001771e+01,1.000000e-05,1.067013e-10
5.566667e+01,1.011867e+02,8.972211e+01,4.033857e+01,1.000000e-05,1.015419e-10
5.583333e+01,1.014695e+02,8.994534e+01,4.065690e+01,1.000000e-05,8.767665e-11
5.600000e+01,1.017796e+02,9.032673e+01,4.104261e+01,1.000000e-05,9.577859e-11
5.616667e+01,1.022709e+02,9.059592e+01,4.132087e+01,1.000000e-05,1.514420e-10
5.633333e+01,1.024948e+02,9.081700e+01,4.145930e+01,1.000000e-05,6.877108e-11
5.650000e+01,1.027460e+02,9.110046e+01,4.170044e+01,1.000000e-05,7.686748e-11
5.666667e+01,1.031495e+02,9.139871e+01,4.200845e+01,1.000000e-05,1.230889e-10
5.683333e+01,1.036068e+02,9.177407e+01,4.244941e+01,1.000000e-05,1.392291e-10
5.700000e+01,1.039932e+02,9.213235e+01,4.288583e+01,1.000000e-05,1.174296e-10
5.716667e+01,1.043232e+02,9.255117e+01,4.311900e+01,1.000000e-05,1.000756e-10
5.733333e+01,1.047617e+02,9.295270e+01,4.328478e+01,1.000000e-05,1.327633e-10
5.750000e+01,1.050757e+02,9.327574e+01,4.351581e+01,1.000000e-05,9.489646e-11
5.766667e+01,1.053208e+02,9.379641e+01,4.371286e+01,1.000000e-05,7.382460e-11
5.783333e+01,1.057144e+02,9.422304e+01,4.413679e+01,1.000000e-05,1.182695e-10
5.800000e+01,1.060661e+02,9.458719e+01,4.449235e+01,1.000000e-05,1.053931e-10
5.816667e+01,1.064436e+02,9.490467e+01,4.484509e+01,1.000000e-05,1.128532e-10
5.833333e+01,1.066453e+02,9.519101e+01,4.519507e+01,1.000000e-05,6.009309e-11
5.850000e+01,1.070073e+02,9.558144e+01,4.560523e+01,1.000000e-05,1.075864e-10
5.866667e+01,1.073414e+02,9.597029e+01,4.588703e+01,1.000000e-05,9.910288e-11
5.883333e+01,1.077144e+02,9.635757e+01,4.632199e+01,1.000000e-05,1.104669e-10
5.900000e+01,1.079535e+02,9.666924e+01,4.663019e+01,1.000000e-05,7.065264e-11
5.916667e+01,1.082318e+02,9.693559e+01,4.693637e+01,1.000000e-05,8.205137e-11
5.933333e+01,1.086281e+02,9.717173e+01,4.711912e+01,1.000000e-05,1.167279e-10
5.950000e+01,1.090493e+02,9.742200e+01,4.727087e+01,1.000000e-05,1.240091e-10
5.966667e+01,1.093771e+02,9.773027e+01,4.754281e+01,1.000000e-05,9.644645e-11
5.983333e+01,1.096649e+02,9.805219e+01,4.775324e+01,1.000000e-05,8.445838e-11
6.000000e+01,1.099779e+02,9.851855e+01,4.799261e+01,1.000000e-05,9.170721e-11
6.016667e+01,1.101731e+02,9.882341e+01,4.843823e+01,1.000000e-05,5.701867e-11
6.033333e+01,1.104328e+02,9.921399e+01,4.896763e+01,1.000000e-05,7.563750e-11
6.050000e+01,1.106919e+02,9.950232e+01,4.940446e+01,1.000000e-05,7.528318e-11
6.066667e+01,1.109892e+02,9.977546e+01,4.957811e+01,1.000000e-05,8.622762e-11
6.083333e+01,1.112470e+02,1.001766e+02,4.989491e+01,1.000000e-05,7.469790e-11
6.100000e+01,1.116582e+02,1.004764e+02,5.009546e+01,1.000000e-05,1.191008e-10
6.116667e+01,1.120936e+02,1.007469e+02,5.026673e+01,1.000000e-05,1.260928e-10
6.133333e+01,1.124890e+02,1.010309e+02,5.060752e+01,1.000000e-05,1.145221e-10
6.150000e+01,1.128957e+02,1.013847e+02,5.091791e+01,1.000000e-05,1.177448e-10
6.166667e+01,1.130859e+02,1.017936e+02,5.122643e+01,1.000000e-05,5.493271e-11
6.183333e+01,1.133895e+02,1.021588e+02,5.150529e+01,1.000000e-05,8.752187e-11
6.200000e+01,1.136797e+02,1.024668e+02,5.175498e+01,1.000000e-05,8.353300e-11
6.216667e+01,1.140068e+02,1.028993e+02,5.189318e+01,1.000000e-05,9.403484e-11
6.233333e+01,1.143580e+02,1.031079e+02,5.203101e+01,1.000000e-05,1.008408e-10
6.250000e+01,1.147207e+02,1.033715e+02,5.233296e+01,1.000000e-05,1.039474e-10
6.266667e+01,1.150324e+02,1.036759e+02,5.252420e+01,1.000000e-05,8.915585e-11
6.283333e+01,1.154302e+02,1.039794e+02,5.268757e+01,1.000000e-05,1.135794e-10
6.300000e+01,1.159255e+02,1.043095e+02,5.295874e+01,1.000000e-05,1.413240e-10
6.316667e+01,1.163695e+02,1.046112e+02,5.333606e+01,1.000000e-05,1.265587e-10
6.333333e+01,1.167136e+02,1.048846e+02,5.347017e+01,1.000000e-05,9.793704e-11
6.350000e+01,1.170200e+02,1.052800e+02,5.371073e+01,1.000000e-05,8.701284e-11
6.366667e+01,1.173012e+02,1.055653e+02,5.416220e+01,1.000000e-05,7.962289e-11
6.383333e+01,1.176792e+02,1.059580e+02,5.458370e+01,1.000000e-05,1.067775e-10
6.400000e+01,1.178859e+02,1.064032e+02,5.479324e+01,1.000000e-05,5.824086e-11
6.416667e+01,1.181651e+02,1.067661e+02,5.487161e+01,1.000000e-05,7.840084e-11
6.433333e+01,1.183831e+02,1.071411e+02,5.515801e+01,1.000000e-05,6.103251e-11
6.450000e+01,1.187093e+02,1.073814e+02,5.523586e+01,1.000000e-05,9.106657e-11
6.466667e+01,1.191309e+02,1.076878e+02,5.582912e+01,1.000000e-05,1.174647e-10
6.483333e+01,1.194551e+02,1.079668e+02,5.611063e+01,1.000000e-05,9.010412e-11
6.500000e+01,1.197066e+02,1.082980e+02,5.644152e+01,1.000000e-05,6.971629e-11
6.516667e+01,1.200651e+02,1.086281e+02,5.664418e+01,1.000000e-05,9.912414e-11
6.533333e+01,1.204343e+02,1.088784e+02,5.684613e+01,1.000000e-05,1.019570e-10
6.550000e+01,1.208262e+02,1.091412e+02,5.704735e+01,1.000000e-05,1.080259e-10
6.566667e+01,1.211813e+02,1.094426e+02,5.737284e+01,1.000000e-05,9.772347e-11
6.583333e+01,1.215118e+02,1.098737e+02,5.767166e+01,1.000000e-05,9.073835e-11
6.600000e+01,1.219237e+02,1.104069e+02,5.794422e+01,1.000000e-05,1.128902e-10
6.616667e+01,1.222053e+02,1.108083e+02,5.824011e+01,1.000000e-05,7.701675e-11
6.633333e+01,1.224278e+02,1.109762e+02,5.833840e+01,1.000000e-05,6.063970e-11
6.650000e+01,1.227317e+02,1.112598e+02,5.877870e+01,1.000000e-05,8.255720e-11
6.666667e+01,1.231162e+02,1.117480e+02,5.902189e+01,1.000000e-05,1.042522e-10
6.683333e+01,1.235111e+02,1.120041e+02,5.938481e+01,1.000000e-05,1.069222e-10
6.700000e+01,1.238933e+02,1.122851e+02,5.955341e+01,1.000000e-05,1.033062e-10
6.716667e+01,1.241820e+02,1.125145e+02,5.979345e+01,1.000000e-05,7.790084e-11
6.733333e+01,1.244930e+02,1.128069e+02,6.005638e+01,1.000000e-05,8.374524e-11
6.750000e+01,1.247574e+02,1.131365e+02,6.046049e+01,1.000000e-05,7.101119e-11
6.766667e+01,1.250326e+02,1.133263e+02,6.069694e+01,1.000000e-05,7.376268e-11
6.783333e+01,1.253187e+02,1.136040e+02,6.100296e+01,1.000000e-05,7.652549e-11
6.800000e+01,1.257067e+02,1.139314e+02,6.128408e+01,1.000000e-05,1.037011e-10
6.816667e+01,1.259913e+02,1.143706e+02,6.147078e+01,1.000000e-05,7.595393e-11
6.833333e+01,1.263319e+02,1.147582e+02,6.174977e+01,1.000000e-05,9.081436e-11
6.850000e+01,1.266489e+02,1.151818e+02,6.195819e+01,1.000000e-05,8.442615e-11
6.866667e+01,1.270554e+02,1.154674e+02,6.211981e+01,1.000000e-05,1.081566e-10
6.883333e+01,1.273707e+02,1.158761e+02,6.239590e+01,1.000000e-05,8.378240e-11
6.900000e+01,1.277189e+02,1.161107e+02,6.285335e+01,1.000000e-05,9.237729e-11
6.916667e+01,1.279654e+02,1.163449e+02,6.296720e+01,1.000000e-05,6.525659e-11
6.933333e+01,1.282896e+02,1.166891e+02,6.335274e+01,1.000000e-05,8.569769e-11
6.950000e+01,1.285127e+02,1.170078e+02,6.364599e+01,1.000000e-05,5.884384e-11
6.966667e+01,1.288466e+02,1.173623e+02,6.391548e+01,1.000000e-05,8.794787e-11
6.983333e+01,1.292130e+02,1.178008e+02,6.420616e+01,1.000000e-05,9.640379e-11
7.000000e+01,1.296888e+02,1.181893e+02,6.442887e+01,1.000000e-05,1.252401e-10
7.016667e+01,1.300748e+02,1.184073e+02,6.487199e+01,1.000000e-05,1.016035e-10
7.033333e+01,1.304267e+02,1.186489e+02,6.531210e+01,1.000000e-05,9.256928e-11
7.050000e+01,1.307009e+02,1.189624e+02,6.557475e+01,1.000000e-05,7.206865e-11
7.066667e+01,1.308981e+02,1.193591e+02,6.601018e+01,1.000000e-05,5.172129e-11
7.083333e+01,1.311823e+02,1.197545e+02,6.646431e+01,1.000000e-05,7.449577e-11
7.100000e+01,1.315203e+02,1.200173e+02,6.676535e+01,1.000000e-05,8.860938e-11
7.116667e+01,1.318684e+02,1.202558e+02,6.700093e+01,1.000000e-05,9.127983e-11
7.133333e+01,1.321938e+02,1.205770e+02,6.725698e+01,1.000000e-05,8.540113e-11
7.150000e+01,1.324969e+02,1.208973e+02,6.757569e+01,1.000000e-05,7.953096e-11
7.166667e+01,1.329071e+02,1.211695e+02,6.782957e+01,1.000000e-05,1.077243e-10
7.183333e+01,1.333375e+02,1.214529e+02,6.804042e+01,1.000000e-05,1.131817e-10
7.200000e+01,1.336272e+02,1.218179e+02,6.831355e+01,1.000000e-05,7.620609e-11
7.216667e+01,1.339591e+02,1.221233e+02,6.852291e+01,1.000000e-05,8.727997e-11
7.233333e+01,1.342048e+02,1.224629e+02,6.879412e+01,1.000000e-05,6.457019e-11
7.250000e+01,1.345140e+02,1.227783e+02,6.910574e+01,1.000000e-05,8.120229e-11
7.266667e+01,1.348330e+02,1.231511e+02,6.933337e+01,1.000000e-05,8.378150e-11
7.283333e+01,1.350772e+02,1.234995e+02,6.956025e+01,1.000000e-05,6.404874e-11
7.300000e+01,1.353949e+02,1.239048e+02,6.995041e+01,1.000000e-05,8.330975e-11
7.316667e+01,1.358280e+02,1.242973e+02,7.017530e+01,1.000000e-05,1.135874e-10
7.333333e+01,1.362071e+02,1.245390e+02,7.066348e+01,1.000000e-05,9.949979e-11
7.350000e+01,1.365747e+02,1.248836e+02,7.102741e+01,1.000000e-05,9.649196e-11
7.366667e+01,1.368785e+02,1.253415e+02,7.142961e+01,1.000000e-05,7.976667e-11
7.383333e+01,1.372860e+02,1.256497e+02,7.166984e+01,1.000000e-05,1.070824e-10
7.400000e+01,1.376507e+02,1.259571e+02,7.196901e+01,1.000000e-05,9.592992e-11
7.416667e+01,1.379833e+02,1.263319e+02,7.230657e+01,1.000000e-05,8.752752e-11
7.433333e+01,1.383461e+02,1.266263e+02,7.266227e+01,1.000000e-05,9.553998e-11
7.450000e+01,1.386564e+02,1.268862e+02,7.281981e+01,1.000000e-05,8.171058e-11
7.466667e+01,1.390587e+02,1.272470e+02,7.321216e+01,1.000000e-05,1.060449e-10
7.483333e+01,1.394085e+02,1.276403e+02,7.348556e+01,1.000000e-05,9.224362e-11
7.500000e+01,1.398086e+02,1.280772e+02,7.369966e+01,1.000000e-05,1.056238e-10
7.516667e+01,1.401668e+02,1.283900e+02,7.387437e+01,1.000000e-05,9.459443e-11
7.533333e+01,1.404832e+02,1.288577e+02,7.408735e+01,1.000000e-05,8.357426e-11
7.550000e+01,1.408193e+02,1.291575e+02,7.435753e+01,1.000000e-05,8.874146e-11
7.566667e+01,1.412053e+02,1.295451e+02,7.468430e+01,1.000000e-05,1.019254e-10
7.583333e+01,1.414485e+02,1.298543e+02,7.493321e+01,1.000000e-05,6.417313e-11
7.600000e+01,1.417823e+02,1.301628e+02,7.527651e+01,1.000000e-05,8.801634e-11
7.616667e+01,1.421455e+02,1.304377e+02,7.550450e+01,1.000000e-05,9.578827e-11
7.633333e+01,1.424576e+02,1.307667e+02,7.588297e+01,1.000000e-05,8.227110e-11
7.650000e+01,1.428291e+02,1.311386e+02,7.633466e+01,1.000000e-05,9.796507e-11
7.666667e+01,1.431697e+02,1.314659e+02,7.665300e+01,1.000000e-05,8.982088e-11
7.683333e+01,1.435494e+02,1.318575e+02,7.697002e+01,1.000000e-05,1.002290e-10
7.700000e+01,1.439082e+02,1.320963e+02,7.728574e+01,1.000000e-05,9.480039e-11
7.716667e+01,1.441866e+02,1.323996e+02,7.758171e+01,1.000000e-05,7.358529e-11
7.733333e+01,1.444744e+02,1.327237e+02,7.789495e+01,1.000000e-05,7.606935e-11
7.750000e+01,1.447616e+02,1.331224e+02,7.820693e+01,1.000000e-05,7.592541e-11
7.766667e+01,1.450977e+02,1.333912e+02,7.855416e+01,1.000000e-05,8.887748e-11
7.783333e+01,1.453443e+02,1.337451e+02,7.889985e+01,1.000000e-05,6.522925e-11
7.800000e+01,1.457281e+02,1.340660e+02,7.924404e+01,1.000000e-05,1.016497e-10
7.816667e+01,1.459736e+02,1.343861e+02,7.953272e+01,1.000000e-05,6.505527e-11
7.833333e+01,1.463558e+02,1.346417e+02,7.989211e+01,1.000000e-05,1.013971e-10
7.850000e+01,1.467273e+02,1.350560e+02,8.021419e+01,1.000000e-05,9.871121e-11
7.866667e+01,1.470588e+02,1.353843e+02,8.051719e+01,1.000000e-05,8.823399e-11
7.883333e+01,1.475159e+02,1.356591e+02,8.092532e+01,1.000000e-05,1.219195e-10
7.900000e+01,1.479619e+02,1.360282e+02,8.126093e+01,1.000000e-05,1.192657e-10
7.916667e+01,1.483293e+02,1.363648e+02,8.156004e+01,1.000000e-05,9.845077e-11
7.933333e+01,1.485223e+02,1.366795e+02,8.191054e+01,1.000000e-05,5.173134e-11
7.950000e+01,1.488017e+02,1.369099e+02,8.220728e+01,1.000000e-05,7.491460e-11
7.966667e+01,1.490902e+02,1.371921e+02,8.236395e+01,1.000000e-05,7.740877e-11
7.983333e+01,1.493494e+02,1.374945e+02,8.274567e+01,1.000000e-05,6.956941e-11
