Time,avgI1rd,avgI2rd,avgDrd,Beta,Beff
0.000000e+00,1.692569e+00,0.000000e+00,0.000000e+00,1.000000e-05,0.000000e+00
1.666667e-01,1.692569e+00,0.000000e+00,0.000000e+00,1.000000e-05,0.000000e+00
3.333333e-01,1.692569e+00,0.000000e+00,0.000000e+00,1.000000e-05,0.000000e+00
5.000000e-01,1.692569e+00,0.000000e+00,0.000000e+00,1.000000e-05,0.000000e+00
6.666667e-01,1.692569e+00,0.000000e+00,0.000000e+00,1.000000e-05,0.000000e+00
8.333333e-01,1.692569e+00,0.000000e+00,0.000000e+00,1.000000e-05,0.000000e+00
1.000000e+00,1.692569e+00,0.000000e+00,0.000000e+00,1.000000e-05,0.000000e+00
1.166667e+00,1.692569e+00,0.000000e+00,0.000000e+00,1.000000e-05,0.000000e+00
1.333333e+00,1.692569e+00,0.000000e+00,0.000000e+00,1.000000e-05,0.000000e+00
1.500000e+00,1.692569e+00,0.000000e+00,0.000000e+00,1.000000e-05,0.000000e+00
1.666667e+00,1.692569e+00,0.000000e+00,0.000000e+00,1.000000e-05,0.000000e+00
1.833333e+00,1.692569e+00,0.000000e+00,0.000000e+00,1.000000e-05,0.000000e+00
2.000000e+00,1.692569e+00,0.000000e+00,0.000000e+00,1.000000e-05,0.000000e+00
2.166667e+00,1.692569e+00,0.000000e+00,0.000000e+00,1.000000e-05,0.000000e+00
2.333333e+00,1.692569e+00,0.000000e+00,0.000000e+00,1.000000e-05,0.000000e+00
2.500000e+00,1.692569e+00,0.000000e+00,0.000000e+00,1.000000e-05,0.000000e+00
2.666667e+00,1.692569e+00,0.000000e+00,0.000000e+00,1.000000e-05,0.000000e+00
2.833333e+00,1.692569e+00,0.000000e+00,0.000000e+00,1.000000e-05,0.000000e+00
3.000000e+00,1.692569e+00,0.000000e+00,0.000000e+00,1.000000e-05,0.000000e+00
3.166667e+00,1.692569e+00,0.000000e+00,0.000000e+00,1.000000e-05,0.000000e+00
3.333333e+00,1.692569e+00,0.000000e+00,0.000000e+00,1.000000e-05,0.000000e+00
3.500000e+00,1.692569e+00,0.000000e+00,0.000000e+00,1.000000e-05,0.000000e+00
3.666667e+00,1.692569e+00,0.000000e+00,0.000000e+00,1.000000e-05,0.000000e+00
3.833333e+00,1.692569e+00,0.000000e+00,0.000000e+00,1.000000e-05,0.000000e+00
4.000000e+00,1.692569e+00,0.000000e+00,0.000000e+00,1.000000e-05,0.000000e+00
4.166667e+00,1.692569e+00,1.692569e+00,0.000000e+00,1.000000e-05,0.000000e+00
4.333333e+00,1.692569e+00,1.692569e+00,0.000000e+00,1.000000e-05,0.000000e+00
4.500000e+00,1.692569e+00,1.692569e+00,0.000000e+00,1.000000e-05,0.000000e+00
4.666667e+00,1.692569e+00,1.692569e+00,0.000000e+00,1.000000e-05,0.000000e+00
4.833333e+00,1.692569e+00,1.692569e+00,0.000000e+00,1.000000e-05,0.000000e+00
5.000000e+00,1.692569e+00,1.692569e+00,0.000000e+00,1.000000e-05,0.000000e+00
5.166667e+00,1.692569e+00,1.692569e+00,0.000000e+00,1.000000e-05,0.000000e+00
5.333333e+00,1.692569e+00,1.692569e+00,0.000000e+00,1.000000e-05,0.000000e+00
5.500000e+00,1.692569e+00,1.692569e+00,0.000000e+00,1.000000e-05,0.000000e+00
5.666667e+00,1.692569e+00,1.692569e+00,0.000000e+00,1.000000e-05,0.000000e+00
5.833333e+00,2.931615e+00,1.692569e+00,0.000000e+00,1.000000e-05,2.752283e-05
6.000000e+00,3.385138e+00,1.692569e+00,0.000000e+00,1.000000e-05,1.083124e-05
6.166667e+00,3.784699e+00,1.692569e+00,0.000000e+00,1.000000e-05,8.566578e-06
6.333333e+00,3.784699e+00,1.692569e+00,0.000000e+00,1.000000e-05,0.000000e+00
6.500000e+00,3.784699e+00,1.692569e+00,0.000000e+00,1.000000e-05,0.000000e+00
6.666667e+00,3.784699e+00,1.692569e+00,0.000000e+00,1.000000e-05,0.000000e+00
6.833333e+00,4.145930e+00,1.692569e+00,0.000000e+00,1.000000e-05,3.446737e-06
7.000000e+00,5.077706e+00,1.692569e+00,0.000000e+00,1.000000e-05,8.271774e-06
7.166667e+00,5.863230e+00,1.692569e+00,0.000000e+00,1.000000e-05,6.625473e-06
7.333333e+00,5.863230e+00,1.692569e+00,0.000000e+00,1.000000e-05,0.000000e+00
7.500000e+00,5.863230e+00,1.692569e+00,0.000000e+00,1.000000e-05,0.000000e+00
7.666667e+00,6.102643e+00,2.393654e+00,0.000000e+00,1.000000e-05,1.143205e-06
7.833333e+00,6.333012e+00,2.931615e+00,0.000000e+00,1.000000e-05,9.206031e-07
8.000000e+00,7.180961e+00,2.931615e+00,0.000000e+00,1.000000e-05,2.970993e-06
8.166667e+00,7.377736e+00,2.931615e+00,0.000000e+00,1.000000e-05,6.004442e-07
8.333333e+00,7.756324e+00,2.931615e+00,0.000000e+00,1.000000e-05,9.732744e-07
8.500000e+00,8.117275e+00,2.931615e+00,0.000000e+00,1.000000e-05,7.911171e-07
8.666667e+00,8.630441e+00,4.145930e+00,0.000000e+00,1.000000e-05,9.679144e-07
8.833333e+00,8.794845e+00,4.145930e+00,0.000000e+00,1.000000e-05,2.641827e-07
9.000000e+00,9.423824e+00,4.145930e+00,0.000000e+00,1.000000e-05,8.690973e-07
9.166667e+00,9.574615e+00,4.478116e+00,0.000000e+00,1.000000e-05,1.795951e-07
9.333333e+00,1.001337e+01,5.613615e+00,0.000000e+00,1.000000e-05,4.479192e-07
9.500000e+00,1.043369e+01,6.102643e+00,0.000000e+00,1.000000e-05,3.746888e-07
9.666667e+00,1.043369e+01,6.333012e+00,0.000000e+00,1.000000e-05,0.000000e+00
9.833333e+00,1.096910e+01,6.555291e+00,0.000000e+00,1.000000e-05,3.566773e-07
1.000000e+01,1.160367e+01,6.555291e+00,0.000000e+00,1.000000e-05,3.808432e-07
1.016667e+01,1.208736e+01,6.555291e+00,0.000000e+00,1.000000e-05,2.621880e-07
1.033333e+01,1.232209e+01,6.555291e+00,0.000000e+00,1.000000e-05,1.136533e-07
1.050000e+01,1.266602e+01,6.770275e+00,1.692569e+00,1.000000e-05,1.489087e-07
1.066667e+01,1.289022e+01,7.180961e+00,1.692569e+00,1.000000e-05,8.734393e-08
1.083333e+01,1.321938e+01,7.180961e+00,1.692569e+00,1.000000e-05,1.434055e-07
1.100000e+01,1.364593e+01,7.180961e+00,1.692569e+00,1.000000e-05,2.092284e-07
1.116667e+01,1.395728e+01,7.180961e+00,1.692569e+00,1.000000e-05,1.716330e-07
1.133333e+01,1.426184e+01,7.377736e+00,1.692569e+00,1.000000e-05,1.876169e-07
1.150000e+01,1.456003e+01,7.569398e+00,1.692569e+00,1.000000e-05,2.049305e-07
1.166667e+01,1.465808e+01,7.569398e+00,1.692569e+00,1.000000e-05,7.451493e-08
1.183333e+01,1.504388e+01,7.756324e+00,1.692569e+00,1.000000e-05,3.246841e-07
1.200000e+01,1.513880e+01,7.938851e+00,1.692569e+00,1.000000e-05,8.823628e-08
1.216667e+01,1.532686e+01,7.938851e+00,1.692569e+00,1.000000e-05,1.913310e-07
1.233333e+01,1.596766e+01,8.291860e+00,1.692569e+00,1.000000e-05,7.236234e-07
1.250000e+01,1.614608e+01,8.630441e+00,1.692569e+00,1.000000e-05,2.223431e-07
1.266667e+01,1.641006e+01,8.956232e+00,1.692569e+00,1.000000e-05,3.563912e-07
1.283333e+01,1.675558e+01,9.574615e+00,1.692569e+00,1.000000e-05,5.038612e-07
1.300000e+01,1.742606e+01,9.869287e+00,1.692569e+00,1.000000e-05,1.058076e-06
1.316667e+01,1.750807e+01,1.015541e+01,1.692569e+00,1.000000e-05,1.369997e-07
1.333333e+01,1.775181e+01,1.043369e+01,1.692569e+00,1.000000e-05,4.195351e-07
1.350000e+01,1.799225e+01,1.083773e+01,1.692569e+00,1.000000e-05,4.188257e-07
1.366667e+01,1.854116e+01,1.109892e+01,1.692569e+00,1.000000e-05,9.567190e-07
1.383333e+01,1.861826e+01,1.135410e+01,1.692569e+00,1.000000e-05,1.310001e-07
1.400000e+01,1.884765e+01,1.172646e+01,1.692569e+00,1.000000e-05,3.686710e-07
1.416667e+01,1.892349e+01,1.184798e+01,1.692569e+00,1.000000e-05,1.129759e-07
1.433333e+01,1.914923e+01,1.208736e+01,1.692569e+00,1.000000e-05,3.053827e-07
1.450000e+01,1.937233e+01,1.220529e+01,1.692569e+00,1.000000e-05,2.706079e-07
1.466667e+01,1.944613e+01,1.220529e+01,1.692569e+00,1.000000e-05,7.885681e-08
1.483333e+01,1.951966e+01,1.232209e+01,1.692569e+00,1.000000e-05,6.815446e-08
1.500000e+01,1.959290e+01,1.243779e+01,1.692569e+00,1.000000e-05,5.843783e-08
1.516667e+01,1.966587e+01,1.243779e+01,1.692569e+00,1.000000e-05,4.982250e-08
1.533333e+01,1.988318e+01,1.255243e+01,1.692569e+00,1.000000e-05,1.268631e-07
1.550000e+01,2.002674e+01,1.255243e+01,1.692569e+00,1.000000e-05,7.164302e-08
1.566667e+01,2.009814e+01,1.277861e+01,1.692569e+00,1.000000e-05,3.032379e-08
1.583333e+01,2.031083e+01,1.332730e+01,1.692569e+00,1.000000e-05,7.704797e-08
1.600000e+01,2.038123e+01,1.332730e+01,1.692569e+00,1.000000e-05,2.118730e-08
1.616667e+01,2.072965e+01,1.332730e+01,1.692569e+00,1.000000e-05,8.812521e-08
1.633333e+01,2.100423e+01,1.364593e+01,1.692569e+00,1.000000e-05,5.915389e-08
1.650000e+01,2.140949e+01,1.375049e+01,1.692569e+00,1.000000e-05,7.501274e-08
1.666667e+01,2.160927e+01,1.395728e+01,1.692569e+00,1.000000e-05,3.190898e-08
1.683333e+01,2.187281e+01,1.426184e+01,1.692569e+00,1.000000e-05,3.641567e-08
1.700000e+01,2.193820e+01,1.436192e+01,1.692569e+00,1.000000e-05,7.835014e-09
1.716667e+01,2.206840e+01,1.465808e+01,1.692569e+00,1.000000e-05,1.349079e-08
1.733333e+01,2.239058e+01,1.475547e+01,1.692569e+00,1.000000e-05,2.920959e-08
1.750000e+01,2.270819e+01,1.504388e+01,1.692569e+00,1.000000e-05,2.542753e-08
1.766667e+01,2.295912e+01,1.532686e+01,1.692569e+00,1.000000e-05,1.779870e-08
1.783333e+01,2.314553e+01,1.560471e+01,1.692569e+00,1.000000e-05,1.172398e-08
1.800000e+01,2.339177e+01,1.578723e+01,1.692569e+00,1.000000e-05,1.379509e-08
1.816667e+01,2.369596e+01,1.605712e+01,1.692569e+00,1.000000e-05,1.522413e-08
1.833333e+01,2.417472e+01,1.614608e+01,1.692569e+00,1.000000e-05,2.157154e-08
1.850000e+01,2.458598e+01,1.649712e+01,1.692569e+00,1.000000e-05,1.678866e-08
1.866667e+01,2.470223e+01,1.666987e+01,1.692569e+00,1.000000e-05,4.280507e-09
1.883333e+01,2.493309e+01,1.734367e+01,1.692569e+00,1.000000e-05,7.668247e-09
1.900000e+01,2.533205e+01,1.758969e+01,1.692569e+00,1.000000e-05,1.207390e-08
1.916667e+01,2.578044e+01,1.807169e+01,1.692569e+00,1.000000e-05,1.242254e-08
1.933333e+01,2.611168e+01,1.838600e+01,1.692569e+00,1.000000e-05,8.423289e-09
1.950000e+01,2.660081e+01,1.854116e+01,1.692569e+00,1.000000e-05,1.144888e-08
1.966667e+01,2.718668e+01,1.877150e+01,1.692569e+00,1.000000e-05,1.273214e-08
1.983333e+01,2.781174e+01,1.922389e+01,1.692569e+00,1.000000e-05,1.266896e-08
2.000000e+01,2.816996e+01,1.988318e+01,1.692569e+00,1.000000e-05,6.763542e-09
2.016667e+01,2.852368e+01,2.024018e+01,1.692569e+00,1.000000e-05,6.211244e-09
2.033333e+01,2.892263e+01,2.031083e+01,1.692569e+00,1.000000e-05,6.537031e-09
2.050000e+01,2.926725e+01,2.052131e+01,1.692569e+00,1.000000e-05,5.283325e-09
2.066667e+01,2.970446e+01,2.066043e+01,1.692569e+00,1.000000e-05,6.247431e-09
2.083333e+01,3.008776e+01,2.079863e+01,1.692569e+00,1.000000e-05,5.121601e-09
2.100000e+01,3.041919e+01,2.100423e+01,1.692569e+00,1.000000e-05,4.145818e-09
2.116667e+01,3.084007e+01,2.127526e+01,1.692569e+00,1.000000e-05,4.949819e-09
2.133333e+01,3.107143e+01,2.160927e+01,1.692569e+00,1.000000e-05,2.561137e-09
2.150000e+01,3.139247e+01,2.187281e+01,1.692569e+00,1.000000e-05,3.349884e-09
2.166667e+01,3.157446e+01,2.226227e+01,1.692569e+00,1.000000e-05,1.791349e-09
2.183333e+01,3.193532e+01,2.258168e+01,1.692569e+00,1.000000e-05,3.362032e-09
2.200000e+01,3.238075e+01,2.289665e+01,1.692569e+00,1.000000e-05,3.949330e-09
2.216667e+01,3.268893e+01,2.308356e+01,1.692569e+00,1.000000e-05,2.603861e-09
2.233333e+01,3.321060e+01,2.333045e+01,1.692569e+00,1.000000e-05,4.214417e-09
2.250000e+01,3.359653e+01,2.369596e+01,1.692569e+00,1.000000e-05,2.990119e-09
2.266667e+01,3.402021e+01,2.399630e+01,1.692569e+00,1.000000e-05,3.149186e-09
2.283333e+01,3.472861e+01,2.441057e+01,1.692569e+00,1.000000e-05,5.077846e-09
2.300000e+01,3.509785e+01,2.510485e+01,1.692569e+00,1.000000e-05,2.548827e-09
2.316667e+01,3.542284e+01,2.561321e+01,1.692569e+00,1.000000e-05,2.152578e-09
2.333333e+01,3.566464e+01,2.594659e+01,1.692569e+00,1.000000e-05,1.534720e-09
2.350000e+01,3.602429e+01,2.627573e+01,1.692569e+00,1.000000e-05,2.188510e-09
2.366667e+01,3.661586e+01,2.660081e+01,1.692569e+00,1.000000e-05,3.468458e-09
2.383333e+01,3.708232e+01,2.692195e+01,1.692569e+00,1.000000e-05,2.641040e-09
2.400000e+01,3.754299e+01,2.702816e+01,1.692569e+00,1.000000e-05,2.515056e-09
2.416667e+01,3.799807e+01,2.718668e+01,1.692569e+00,1.000000e-05,2.400846e-09
2.433333e+01,3.818609e+01,2.776019e+01,1.692569e+00,1.000000e-05,9.567937e-10
2.450000e+01,3.852221e+01,2.837262e+01,1.692569e+00,1.000000e-05,1.650842e-09
2.466667e+01,3.892908e+01,2.857385e+01,1.692569e+00,1.000000e-05,1.934420e-09
2.483333e+01,3.940451e+01,2.877367e+01,1.692569e+00,1.000000e-05,2.194552e-09
2.500000e+01,3.962202e+01,2.902151e+01,1.692569e+00,1.000000e-05,9.739112e-10
2.516667e+01,3.994606e+01,2.931615e+01,1.692569e+00,1.000000e-05,1.407324e-09
2.533333e+01,4.037406e+01,2.975264e+01,1.692569e+00,1.000000e-05,1.810840e-09
2.550000e+01,4.083267e+01,3.013533e+01,1.692569e+00,1.000000e-05,1.894586e-09
2.566667e+01,4.111235e+01,3.027759e+01,1.692569e+00,1.000000e-05,1.127454e-09
2.583333e+01,4.163169e+01,3.051322e+01,1.692569e+00,1.000000e-05,2.047441e-09
2.600000e+01,4.200845e+01,3.088648e+01,1.692569e+00,1.000000e-05,1.455884e-09
2.616667e+01,4.244941e+01,3.116350e+01,1.692569e+00,1.000000e-05,1.670509e-09
2.633333e+01,4.281898e+01,3.148360e+01,1.692569e+00,1.000000e-05,1.373810e-09
2.650000e+01,4.301922e+01,3.180048e+01,1.692569e+00,1.000000e-05,7.285934e-10
2.666667e+01,4.335091e+01,3.215881e+01,1.692569e+00,1.000000e-05,1.181860e-09
2.683333e+01,4.374562e+01,3.238075e+01,1.692569e+00,1.000000e-05,1.381731e-09
2.700000e+01,4.397423e+01,3.273272e+01,1.692569e+00,1.000000e-05,7.858097e-10
2.716667e+01,4.413679e+01,3.303762e+01,1.692569e+00,1.000000e-05,5.476425e-10
2.733333e+01,4.446014e+01,3.333974e+01,2.393654e+00,1.000000e-05,1.069634e-09
2.750000e+01,4.471714e+01,3.363914e+01,2.393654e+00,1.000000e-05,8.362098e-10
2.766667e+01,4.513164e+01,3.410432e+01,2.393654e+00,1.000000e-05,1.329868e-09
2.783333e+01,4.538484e+01,3.452176e+01,2.393654e+00,1.000000e-05,8.008255e-10
2.800000e+01,4.560523e+01,3.497520e+01,2.393654e+00,1.000000e-05,6.860036e-10
2.816667e+01,4.598059e+01,3.530132e+01,2.393654e+00,1.000000e-05,1.152008e-09
2.833333e+01,4.641467e+01,3.566464e+01,2.931615e+00,1.000000e-05,1.317203e-09
2.850000e+01,4.659946e+01,3.586489e+01,3.385138e+00,1.000000e-05,5.532878e-10
2.866667e+01,4.705828e+01,3.626208e+01,3.385138e+00,1.000000e-05,1.357391e-09
2.883333e+01,4.757293e+01,3.665496e+01,3.385138e+00,1.000000e-05,1.511529e-09
2.900000e+01,4.790298e+01,3.700499e+01,3.385138e+00,1.000000e-05,9.602582e-10
2.916667e+01,4.817135e+01,3.735174e+01,3.385138e+00,1.000000e-05,7.713373e-10
2.933333e+01,4.843823e+01,3.777122e+01,3.385138e+00,1.000000e-05,7.569923e-10
2.950000e+01,4.876243e+01,3.811100e+01,3.385138e+00,1.000000e-05,9.081427e-10
2.966667e+01,4.896763e+01,3.833584e+01,3.385138e+00,1.000000e-05,5.670301e-10
2.983333e+01,4.920108e+01,3.867066e+01,3.385138e+00,1.000000e-05,6.358836e-10
3.000000e+01,4.949136e+01,3.885542e+01,3.385138e+00,1.000000e-05,7.792158e-10
3.016667e+01,4.983746e+01,3.911262e+01,3.784699e+00,1.000000e-05,9.168730e-10
3.033333e+01,5.018117e+01,3.958585e+01,4.145930e+00,1.000000e-05,8.989919e-10
3.050000e+01,5.043741e+01,4.005349e+01,4.145930e+00,1.000000e-05,6.615774e-10
3.066667e+01,5.072061e+01,4.033857e+01,4.478116e+00,1.000000e-05,7.212380e-10
3.083333e+01,5.091791e+01,4.065690e+01,4.478116e+00,1.000000e-05,4.950872e-10
3.100000e+01,5.131024e+01,4.100770e+01,4.478116e+00,1.000000e-05,9.719335e-10
3.116667e+01,5.181030e+01,4.121674e+01,4.478116e+00,1.000000e-05,1.226122e-09
3.133333e+01,5.197592e+01,4.152834e+01,4.478116e+00,1.000000e-05,4.008234e-10
3.150000e+01,5.219592e+01,4.180336e+01,4.478116e+00,1.000000e-05,5.240930e-10
3.166667e+01,5.263317e+01,4.207659e+01,4.478116e+00,1.000000e-05,1.028195e-09
3.183333e+01,5.298578e+01,4.217860e+01,4.478116e+00,1.000000e-05,8.193478e-10
3.200000e+01,5.330920e+01,4.265139e+01,4.478116e+00,1.000000e-05,7.412439e-10
3.216667e+01,5.360395e+01,4.301922e+01,4.787307e+00,1.000000e-05,6.659515e-10
3.233333e+01,5.381730e+01,4.341695e+01,4.787307e+00,1.000000e-05,4.744948e-10
3.250000e+01,5.397676e+01,4.358159e+01,4.787307e+00,1.000000e-05,3.488772e-10
3.266667e+01,5.418864e+01,4.381106e+01,5.077706e+00,1.000000e-05,4.560462e-10
3.283333e+01,5.453119e+01,4.410433e+01,5.077706e+00,1.000000e-05,7.266791e-10
3.300000e+01,5.484550e+01,4.429876e+01,5.352372e+00,1.000000e-05,6.581810e-10
3.316667e+01,5.515801e+01,4.455669e+01,5.352372e+00,1.000000e-05,6.457100e-10
3.333333e+01,5.546876e+01,4.487702e+01,5.352372e+00,1.000000e-05,6.338560e-10
3.350000e+01,5.582912e+01,4.519507e+01,5.613615e+00,1.000000e-05,7.256796e-10
3.366667e+01,5.616167e+01,4.547942e+01,5.613615e+00,1.000000e-05,6.611602e-10
3.383333e+01,5.633992e+01,4.585581e+01,5.613615e+00,1.000000e-05,3.493122e-10
3.400000e+01,5.651761e+01,4.607395e+01,5.613615e+00,1.000000e-05,3.427114e-10
3.416667e+01,5.677048e+01,4.641467e+01,5.863230e+00,1.000000e-05,4.802666e-10
3.433333e+01,5.734787e+01,4.666090e+01,5.863230e+00,1.000000e-05,1.083564e-09
3.450000e+01,5.759710e+01,4.702783e+01,6.333012e+00,1.000000e-05,4.618215e-10
3.466667e+01,5.791949e+01,4.757293e+01,6.333012e+00,1.000000e-05,5.886049e-10
3.483333e+01,5.821551e+01,4.793288e+01,6.333012e+00,1.000000e-05,5.328983e-10
3.500000e+01,5.833840e+01,4.826047e+01,6.333012e+00,1.000000e-05,2.175564e-10
3.516667e+01,5.855897e+01,4.855637e+01,6.770275e+00,1.000000e-05,3.836818e-10
3.533333e+01,5.877870e+01,4.882115e+01,6.770275e+00,1.000000e-05,3.758704e-10
3.550000e+01,5.919153e+01,4.908449e+01,6.770275e+00,1.000000e-05,6.963072e-10
3.566667e+01,5.952935e+01,4.946241e+01,6.770275e+00,1.000000e-05,5.622259e-10
3.583333e+01,5.972154e+01,4.975116e+01,6.978640e+00,1.000000e-05,3.148380e-10
3.600000e+01,6.008023e+01,5.000961e+01,6.978640e+00,1.000000e-05,5.785311e-10
3.616667e+01,6.036565e+01,5.023822e+01,6.978640e+00,1.000000e-05,4.537486e-10
3.633333e+01,6.081482e+01,5.046580e+01,7.377736e+00,1.000000e-05,7.044546e-10
3.650000e+01,6.095598e+01,5.072061e+01,7.377736e+00,1.000000e-05,2.179808e-10
3.666667e+01,6.126070e+01,5.094604e+01,7.377736e+00,1.000000e-05,4.633072e-10
3.683333e+01,6.149408e+01,5.114247e+01,7.377736e+00,1.000000e-05,3.495417e-10
3.700000e+01,6.181932e+01,5.144964e+01,7.377736e+00,1.000000e-05,4.799671e-10
3.716667e+01,6.211981e+01,5.175498e+01,7.569398e+00,1.000000e-05,4.371348e-10
3.733333e+01,6.244180e+01,5.205853e+01,7.569398e+00,1.000000e-05,4.616074e-10
3.750000e+01,6.276213e+01,5.227819e+01,7.569398e+00,1.000000e-05,4.528525e-10
3.766667e+01,6.319427e+01,5.255147e+01,7.756324e+00,1.000000e-05,6.031217e-10
3.783333e+01,6.353336e+01,5.290462e+01,7.938851e+00,1.000000e-05,4.672479e-10
3.800000e+01,6.378088e+01,5.317468e+01,8.117275e+00,1.000000e-05,3.363731e-10
3.816667e+01,6.411686e+01,5.344338e+01,8.117275e+00,1.000000e-05,4.503650e-10
3.833333e+01,6.440663e+01,5.381730e+01,8.117275e+00,1.000000e-05,3.833655e-10
3.850000e+01,6.480571e+01,5.400329e+01,8.117275e+00,1.000000e-05,5.215208e-10
3.866667e+01,6.524628e+01,5.439970e+01,8.291860e+00,1.000000e-05,5.694338e-10
3.883333e+01,6.559659e+01,5.476709e+01,8.291860e+00,1.000000e-05,4.476565e-10
3.900000e+01,6.601018e+01,5.515801e+01,8.291860e+00,1.000000e-05,5.222210e-10
3.916667e+01,6.635647e+01,5.536537e+01,8.462844e+00,1.000000e-05,4.320907e-10
3.933333e+01,6.672243e+01,5.605955e+01,8.794845e+00,1.000000e-05,4.511115e-10
3.950000e+01,6.710774e+01,5.636533e+01,8.956232e+00,1.000000e-05,4.693612e-10
3.966667e+01,6.738465e+01,5.687132e+01,9.270581e+00,1.000000e-05,3.331956e-10
3.983333e+01,6.770275e+01,5.717276e+01,9.270581e+00,1.000000e-05,3.781586e-10
4.000000e+01,6.816662e+01,5.739780e+01,9.270581e+00,1.000000e-05,5.458443e-10
4.016667e+01,6.846017e+01,5.759710e+01,9.423824e+00,1.000000e-05,3.417379e-10
4.033333e+01,6.864822e+01,5.787001e+01,9.423824e+00,1.000000e-05,2.161161e-10
4.050000e+01,6.902278e+01,5.826470e+01,9.423824e+00,1.000000e-05,4.255350e-10
4.066667e+01,6.925068e+01,5.855897e+01,9.574615e+00,1.000000e-05,2.560239e-10
4.083333e+01,6.949845e+01,5.890042e+01,9.574615e+00,1.000000e-05,2.750337e-10
4.100000e+01,6.978640e+01,5.923991e+01,9.723067e+00,1.000000e-05,3.161545e-10
4.116667e+01,7.015488e+01,5.967355e+01,9.869287e+00,1.000000e-05,4.003842e-10
4.133333e+01,7.060264e+01,6.010407e+01,9.869287e+00,1.000000e-05,4.823343e-10
4.150000e+01,7.110803e+01,6.024689e+01,1.001337e+01,1.000000e-05,5.403487e-10
4.166667e+01,7.148974e+01,6.046049e+01,1.029549e+01,1.000000e-05,4.047425e-10
4.183333e+01,7.192919e+01,6.076770e+01,1.029549e+01,1.000000e-05,4.621358e-10
4.200000e+01,7.228676e+01,6.114368e+01,1.043369e+01,1.000000e-05,3.729315e-10
4.216667e+01,7.254390e+01,6.133081e+01,1.043369e+01,1.000000e-05,2.656451e-10
4.233333e+01,7.281981e+01,6.161043e+01,1.070474e+01,1.000000e-05,2.822269e-10
4.250000e+01,7.327083e+01,6.193507e+01,1.083773e+01,1.000000e-05,4.575918e-10
4.266667e+01,7.360242e+01,6.216591e+01,1.083773e+01,1.000000e-05,3.338611e-10
4.283333e+01,7.399062e+01,6.262504e+01,1.083773e+01,1.000000e-05,3.878668e-10
4.300000e+01,7.431900e+01,6.303541e+01,1.096910e+01,1.000000e-05,3.255351e-10
4.316667e+01,7.466511e+01,6.337534e+01,1.122723e+01,1.000000e-05,3.403610e-10
4.333333e+01,7.497143e+01,6.362348e+01,1.122723e+01,1.000000e-05,2.987971e-10
4.350000e+01,7.527651e+01,6.411686e+01,1.135410e+01,1.000000e-05,2.952440e-10
4.366667e+01,7.569398e+01,6.442887e+01,1.135410e+01,1.000000e-05,4.013114e-10
4.383333e+01,7.612797e+01,6.471724e+01,1.135410e+01,1.000000e-05,4.148110e-10
4.400000e+01,7.655951e+01,6.518038e+01,1.135410e+01,1.000000e-05,4.101639e-10
4.416667e+01,7.682100e+01,6.550919e+01,1.147956e+01,1.000000e-05,2.467516e-10
4.433333e+01,7.697002e+01,6.592333e+01,1.172646e+01,1.000000e-05,1.393205e-10
4.450000e+01,7.728574e+01,6.631328e+01,1.184798e+01,1.000000e-05,2.927048e-10
4.466667e+01,7.760017e+01,6.665799e+01,1.184798e+01,1.000000e-05,2.894536e-10
4.483333e+01,7.787656e+01,6.706503e+01,1.196827e+01,1.000000e-05,2.526186e-10
4.500000e+01,7.822525e+01,6.749085e+01,1.232209e+01,1.000000e-05,3.165653e-10
4.516667e+01,7.846293e+01,6.780845e+01,1.232209e+01,1.000000e-05,2.142760e-10
4.533333e+01,7.860884e+01,6.801937e+01,1.232209e+01,1.000000e-05,1.304520e-10
4.550000e+01,7.880903e+01,6.822963e+01,1.255243e+01,1.000000e-05,1.774095e-10
4.566667e+01,7.902683e+01,6.862735e+01,1.255243e+01,1.000000e-05,1.914127e-10
4.583333e+01,7.937047e+01,6.898126e+01,1.266602e+01,1.000000e-05,2.999066e-10
4.600000e+01,7.964071e+01,6.922999e+01,1.277861e+01,1.000000e-05,2.343074e-10
4.616667e+01,7.999962e+01,6.966314e+01,1.277861e+01,1.000000e-05,3.093094e-10
4.633333e+01,8.026774e+01,6.997088e+01,1.289022e+01,1.000000e-05,2.296404e-10
4.650000e+01,8.055276e+01,7.025690e+01,1.300087e+01,1.000000e-05,2.424689e-10
4.666667e+01,8.088991e+01,7.072426e+01,1.300087e+01,1.000000e-05,2.851543e-10
4.683333e+01,8.126093e+01,7.102741e+01,1.300087e+01,1.000000e-05,3.122396e-10
4.700000e+01,8.166535e+01,7.144966e+01,1.321938e+01,1.000000e-05,3.388695e-10
4.716667e+01,8.192802e+01,7.174974e+01,1.343435e+01,1.000000e-05,2.189205e-10
4.733333e+01,8.222470e+01,7.208833e+01,1.375049e+01,1.000000e-05,2.458583e-10
4.750000e+01,8.253768e+01,7.252415e+01,1.395728e+01,1.000000e-05,2.580578e-10
4.766667e+01,8.281488e+01,7.280013e+01,1.416105e+01,1.000000e-05,2.274302e-10
4.783333e+01,8.322896e+01,7.307508e+01,1.436192e+01,1.000000e-05,3.383986e-10
4.800000e+01,8.355532e+01,7.329038e+01,1.446131e+01,1.000000e-05,2.657033e-10
4.816667e+01,8.381207e+01,7.369966e+01,1.485223e+01,1.000000e-05,2.080634e-10
4.833333e+01,8.413616e+01,7.395189e+01,1.494836e+01,1.000000e-05,2.614856e-10
4.850000e+01,8.440812e+01,7.420326e+01,1.494836e+01,1.000000e-05,2.185408e-10
4.866667e+01,8.471302e+01,7.458834e+01,1.513880e+01,1.000000e-05,2.440156e-10
4.883333e+01,8.496628e+01,7.493321e+01,1.523312e+01,1.000000e-05,2.017680e-10
4.900000e+01,8.520197e+01,7.533357e+01,1.532686e+01,1.000000e-05,1.868200e-10
4.916667e+01,8.558776e+01,7.550450e+01,1.569624e+01,1.000000e-05,3.045702e-10
4.933333e+01,8.600515e+01,7.584521e+01,1.596766e+01,1.000000e-05,3.285512e-10
4.950000e+01,8.630441e+01,7.612797e+01,1.614608e+01,1.000000e-05,2.347814e-10
4.966667e+01,8.661918e+01,7.644717e+01,1.623455e+01,1.000000e-05,2.460316e-10
4.983333e+01,8.686688e+01,7.676504e+01,1.641006e+01,1.000000e-05,1.928017e-10
5.000000e+01,8.726173e+01,7.697002e+01,1.666987e+01,1.000000e-05,3.062487e-10
5.016667e+01,8.755670e+01,7.726720e+01,1.684085e+01,1.000000e-05,2.279587e-10
5.033333e+01,8.783437e+01,7.750782e+01,1.701011e+01,1.000000e-05,2.136767e-10
5.050000e+01,8.820866e+01,7.778454e+01,1.717770e+01,1.000000e-05,2.869599e-10
5.066667e+01,8.848428e+01,7.817029e+01,1.726088e+01,1.000000e-05,2.105009e-10
5.083333e+01,8.885583e+01,7.857239e+01,1.742606e+01,1.000000e-05,2.826500e-10
5.100000e+01,8.912946e+01,7.904495e+01,1.750807e+01,1.000000e-05,2.072269e-10
5.116667e+01,8.948232e+01,7.938851e+01,1.775181e+01,1.000000e-05,2.660700e-10
5.133333e+01,8.989755e+01,7.982037e+01,1.791246e+01,1.000000e-05,3.120181e-10
5.150000e+01,9.021566e+01,8.017847e+01,1.799225e+01,1.000000e-05,2.380997e-10
5.166667e+01,9.059592e+01,8.044600e+01,1.815078e+01,1.000000e-05,2.834198e-10
5.183333e+01,9.092734e+01,8.076586e+01,1.822952e+01,1.000000e-05,2.459517e-10
5.200000e+01,9.119475e+01,8.111979e+01,1.830793e+01,1.000000e-05,1.974490e-10
5.216667e+01,9.147704e+01,8.163026e+01,1.854116e+01,1.000000e-05,2.073171e-10
5.233333e+01,9.175846e+01,8.185806e+01,1.877150e+01,1.000000e-05,2.055896e-10
5.250000e+01,9.211680e+01,8.222470e+01,1.899904e+01,1.000000e-05,2.605803e-10
5.266667e+01,9.253569e+01,8.257238e+01,1.914923e+01,1.000000e-05,3.034956e-10
5.283333e+01,9.282933e+01,8.272836e+01,1.914923e+01,1.000000e-05,2.118302e-10
5.300000e+01,9.309128e+01,8.312563e+01,1.922389e+01,1.000000e-05,1.879374e-10
5.316667e+01,9.349049e+01,8.340089e+01,1.959290e+01,1.000000e-05,2.850741e-10
5.333333e+01,9.375059e+01,8.365811e+01,1.988318e+01,1.000000e-05,1.847661e-10
5.350000e+01,9.414700e+01,8.399985e+01,2.002674e+01,1.000000e-05,2.802688e-10
5.366667e+01,9.449628e+01,8.428924e+01,2.016928e+01,1.000000e-05,2.459097e-10
5.383333e+01,9.475362e+01,8.459458e+01,2.024018e+01,1.000000e-05,1.802375e-10
5.400000e+01,9.507055e+01,8.474683e+01,2.024018e+01,1.000000e-05,2.208351e-10
5.416667e+01,9.538642e+01,8.501684e+01,2.038123e+01,1.000000e-05,2.190273e-10
5.433333e+01,9.570126e+01,8.531957e+01,2.045139e+01,1.000000e-05,2.172273e-10
5.450000e+01,9.598521e+01,8.563796e+01,2.059099e+01,1.000000e-05,1.949189e-10
5.466667e+01,9.629809e+01,8.587180e+01,2.079863e+01,1.000000e-05,2.136417e-10
5.483333e+01,9.660995e+01,8.618815e+01,2.100423e+01,1.000000e-05,2.118572e-10
5.500000e+01,9.692081e+01,8.651990e+01,2.100423e+01,1.000000e-05,2.100938e-10
5.516667e+01,9.723067e+01,8.683389e+01,2.134248e+01,1.000000e-05,2.083538e-10
5.533333e+01,9.756892e+01,8.717961e+01,2.140949e+01,1.000000e-05,2.262678e-10
5.550000e+01,9.794988e+01,8.744211e+01,2.147629e+01,1.000000e-05,2.537155e-10
5.566667e+01,9.827107e+01,8.773647e+01,2.167546e+01,1.000000e-05,2.129411e-10
5.583333e+01,9.857669e+01,8.802985e+01,2.180722e+01,1.000000e-05,2.015929e-10
5.600000e+01,9.886688e+01,8.833847e+01,2.187281e+01,1.000000e-05,1.904625e-10
5.616667e+01,9.922842e+01,8.862986e+01,2.232652e+01,1.000000e-05,2.362282e-10
5.633333e+01,9.958865e+01,8.896860e+01,2.258168e+01,1.000000e-05,2.343944e-10
5.650000e+01,9.986156e+01,8.927398e+01,2.264503e+01,1.000000e-05,1.768007e-10
5.666667e+01,1.002767e+02,8.957831e+01,2.277118e+01,1.000000e-05,2.679745e-10
5.683333e+01,1.007043e+02,8.994534e+01,2.289665e+01,1.000000e-05,2.752657e-10
5.700000e+01,1.010167e+02,9.019978e+01,2.289665e+01,1.000000e-05,2.003678e-10
5.716667e+01,1.012433e+02,9.062753e+01,2.308356e+01,1.000000e-05,1.446250e-10
5.733333e+01,1.016246e+02,9.089583e+01,2.333045e+01,1.000000e-05,2.423053e-10
5.750000e+01,1.019483e+02,9.127325e+01,2.339177e+01,1.000000e-05,2.049241e-10
5.766667e+01,1.022149e+02,9.174285e+01,2.369596e+01,1.000000e-05,1.680755e-10
5.783333e+01,1.026624e+02,9.208570e+01,2.381655e+01,1.000000e-05,2.811480e-10
5.800000e+01,1.029688e+02,9.244277e+01,2.393654e+01,1.000000e-05,1.919365e-10
5.816667e+01,1.032744e+02,9.265944e+01,2.405592e+01,1.000000e-05,1.906152e-10
5.833333e+01,1.036206e+02,9.299891e+01,2.423390e+01,1.000000e-05,2.151361e-10
5.850000e+01,1.039105e+02,9.336784e+01,2.458598e+01,1.000000e-05,1.794507e-10
5.866667e+01,1.041858e+02,9.359767e+01,2.464417e+01,1.000000e-05,1.697177e-10
5.883333e+01,1.046112e+02,9.385748e+01,2.481793e+01,1.000000e-05,2.613690e-10
5.900000e+01,1.048437e+02,9.408612e+01,2.481793e+01,1.000000e-05,1.423289e-10
5.916667e+01,1.051711e+02,9.437494e+01,2.499048e+01,1.000000e-05,1.995891e-10
5.933333e+01,1.054838e+02,9.472338e+01,2.510485e+01,1.000000e-05,1.899730e-10
5.950000e+01,1.057822e+02,9.508561e+01,2.538853e+01,1.000000e-05,1.804716e-10
5.966667e+01,1.061606e+02,9.540144e+01,2.550112e+01,1.000000e-05,2.281918e-10
5.983333e+01,1.065378e+02,9.573119e+01,2.566908e+01,1.000000e-05,2.267413e-10
6.000000e+01,1.069805e+02,9.601506e+01,2.572482e+01,1.000000e-05,2.655899e-10
6.016667e+01,1.072480e+02,9.647642e+01,2.583594e+01,1.000000e-05,1.599011e-10
6.033333e+01,1.074881e+02,9.683209e+01,2.589132e+01,1.000000e-05,1.429439e-10
6.050000e+01,1.077676e+02,9.724540e+01,2.594659e+01,1.000000e-05,1.656624e-10
6.066667e+01,1.080596e+02,9.752487e+01,2.622116e+01,1.000000e-05,1.724074e-10
6.083333e+01,1.083905e+02,9.783282e+01,2.665460e+01,1.000000e-05,1.946034e-10
6.100000e+01,1.087204e+02,9.809600e+01,2.676186e+01,1.000000e-05,1.933533e-10
6.116667e+01,1.089704e+02,9.828565e+01,2.713394e+01,1.000000e-05,1.460100e-10
6.133333e+01,1.094426e+02,9.863480e+01,2.723932e+01,1.000000e-05,2.750840e-10
6.150000e+01,1.097432e+02,9.876541e+01,2.734429e+01,1.000000e-05,1.747068e-10
6.166667e+01,1.101211e+02,9.901166e+01,2.755302e+01,1.000000e-05,2.189989e-10
6.183333e+01,1.103679e+02,9.941590e+01,2.786320e+01,1.000000e-05,1.425925e-10
6.200000e+01,1.107178e+02,9.971802e+01,2.791456e+01,1.000000e-05,2.014813e-10
6.216667e+01,1.110021e+02,1.000765e+02,2.801700e+01,1.000000e-05,1.632148e-10
6.233333e+01,1.113757e+02,1.004479e+02,2.827147e+01,1.000000e-05,2.139425e-10
6.250000e+01,1.116839e+02,1.008322e+02,2.837262e+01,1.000000e-05,1.760304e-10
6.266667e+01,1.119273e+02,1.011159e+02,2.882341e+01,1.000000e-05,1.385391e-10
6.283333e+01,1.123106e+02,1.015118e+02,2.902151e+01,1.000000e-05,2.175472e-10
6.300000e+01,1.126798e+02,1.018077e+02,2.921827e+01,1.000000e-05,2.091730e-10
6.316667e+01,1.129211e+02,1.021728e+02,2.936497e+01,1.000000e-05,1.362491e-10
6.333333e+01,1.132251e+02,1.025227e+02,2.955944e+01,1.000000e-05,1.711472e-10
6.350000e+01,1.136418e+02,1.027739e+02,2.980075e+01,1.000000e-05,2.340847e-10
6.366667e+01,1.138182e+02,1.030384e+02,2.989672e+01,1.000000e-05,9.870957e-11
6.383333e+01,1.141198e+02,1.033022e+02,3.004012e+01,1.000000e-05,1.682638e-10
6.400000e+01,1.143079e+02,1.035930e+02,3.013533e+01,1.000000e-05,1.045269e-10
6.416667e+01,1.146208e+02,1.040482e+02,3.032486e+01,1.000000e-05,1.732460e-10
6.433333e+01,1.149826e+02,1.044741e+02,3.051322e+01,1.000000e-05,1.998745e-10
6.450000e+01,1.153309e+02,1.048163e+02,3.065372e+01,1.000000e-05,1.919490e-10
6.466667e+01,1.157524e+02,1.049529e+02,3.088648e+01,1.000000e-05,2.319011e-10
6.483333e+01,1.161230e+02,1.051847e+02,3.097909e+01,1.000000e-05,2.035339e-10
6.500000e+01,1.165417e+02,1.054295e+02,3.143807e+01,1.000000e-05,2.295374e-10
6.516667e+01,1.168976e+02,1.056873e+02,3.184549e+01,1.000000e-05,1.947761e-10
6.533333e+01,1.171546e+02,1.061606e+02,3.198014e+01,1.000000e-05,1.403223e-10
6.550000e+01,1.175087e+02,1.064974e+02,3.220332e+01,1.000000e-05,1.929117e-10
6.566667e+01,1.176670e+02,1.068465e+02,3.229215e+01,1.000000e-05,8.603026e-11
6.583333e+01,1.179709e+02,1.071411e+02,3.242495e+01,1.000000e-05,1.646607e-10
6.600000e+01,1.182620e+02,1.074481e+02,3.251318e+01,1.000000e-05,1.572866e-10
6.616667e+01,1.185644e+02,1.079004e+02,3.260118e+01,1.000000e-05,1.630433e-10
6.633333e+01,1.189263e+02,1.082583e+02,3.268893e+01,1.000000e-05,1.947131e-10
6.650000e+01,1.193951e+02,1.085754e+02,3.290730e+01,1.000000e-05,2.519881e-10
6.666667e+01,1.198382e+02,1.089178e+02,3.308095e+01,1.000000e-05,2.379551e-10
6.683333e+01,1.201962e+02,1.092723e+02,3.316744e+01,1.000000e-05,1.919955e-10
6.700000e+01,1.205770e+02,1.095734e+02,3.333974e+01,1.000000e-05,2.038231e-10
6.716667e+01,1.208262e+02,1.098867e+02,3.351115e+01,1.000000e-05,1.330545e-10
6.733333e+01,1.211813e+02,1.102381e+02,3.376664e+01,1.000000e-05,1.891717e-10
6.750000e+01,1.213821e+02,1.105624e+02,3.389366e+01,1.000000e-05,1.066249e-10
6.766667e+01,1.216532e+02,1.108083e+02,3.423008e+01,1.000000e-05,1.435273e-10
6.783333e+01,1.220059e+02,1.110279e+02,3.448025e+01,1.000000e-05,1.863047e-10
6.800000e+01,1.222288e+02,1.113371e+02,3.452176e+01,1.000000e-05,1.173959e-10
6.816667e+01,1.225682e+02,1.116582e+02,3.460465e+01,1.000000e-05,1.783779e-10
6.833333e+01,1.229649e+02,1.120169e+02,3.493423e+01,1.000000e-05,2.082142e-10
6.850000e+01,1.232209e+02,1.122596e+02,3.505702e+01,1.000000e-05,1.340586e-10
6.866667e+01,1.236850e+02,1.125526e+02,3.509785e+01,1.000000e-05,2.427554e-10
6.883333e+01,1.239511e+02,1.129338e+02,3.538238e+01,1.000000e-05,1.389124e-10
6.900000e+01,1.242396e+02,1.132884e+02,3.554394e+01,1.000000e-05,1.502675e-10
6.916667e+01,1.245505e+02,1.136292e+02,3.586489e+01,1.000000e-05,1.615461e-10
6.933333e+01,1.249065e+02,1.139062e+02,3.602429e+01,1.000000e-05,1.846457e-10
6.950000e+01,1.252387e+02,1.141575e+02,3.618299e+01,1.000000e-05,1.719583e-10
6.966667e+01,1.254900e+02,1.145458e+02,3.630156e+01,1.000000e-05,1.298276e-10
6.983333e+01,1.258092e+02,1.147956e+02,3.641974e+01,1.000000e-05,1.644864e-10
7.000000e+01,1.262071e+02,1.150449e+02,3.657672e+01,1.000000e-05,2.047051e-10
7.016667e+01,1.265245e+02,1.153930e+02,3.673303e+01,1.000000e-05,1.629803e-10
7.033333e+01,1.268524e+02,1.157153e+02,3.696626e+01,1.000000e-05,1.680041e-10
7.050000e+01,1.272807e+02,1.160860e+02,3.719803e+01,1.000000e-05,2.191855e-10
7.066667e+01,1.275281e+02,1.165540e+02,3.746661e+01,1.000000e-05,1.262705e-10
7.083333e+01,1.277973e+02,1.167750e+02,3.769530e+01,1.000000e-05,1.371061e-10
7.100000e+01,1.281667e+02,1.170445e+02,3.788482e+01,1.000000e-05,1.877161e-10
7.116667e+01,1.284792e+02,1.172890e+02,3.792261e+01,1.000000e-05,1.585659e-10
7.133333e+01,1.289355e+02,1.175939e+02,3.814856e+01,1.000000e-05,2.312759e-10
7.150000e+01,1.292462e+02,1.179709e+02,3.833584e+01,1.000000e-05,1.572252e-10
7.166667e+01,1.296446e+02,1.183710e+02,3.855938e+01,1.000000e-05,2.013096e-10
7.183333e+01,1.299315e+02,1.186489e+02,3.874467e+01,1.000000e-05,1.447216e-10
7.200000e+01,1.302618e+02,1.189985e+02,3.885542e+01,1.000000e-05,1.662532e-10
7.216667e+01,1.305803e+02,1.192150e+02,3.892908e+01,1.000000e-05,1.600006e-10
7.233333e+01,1.309199e+02,1.196468e+02,3.907598e+01,1.000000e-05,1.702898e-10
7.250000e+01,1.312369e+02,1.198621e+02,3.925884e+01,1.000000e-05,1.585753e-10
7.266667e+01,1.316401e+02,1.202439e+02,3.940451e+01,1.000000e-05,2.014481e-10
7.283333e+01,1.319987e+02,1.205651e+02,3.958585e+01,1.000000e-05,1.788741e-10
7.300000e+01,1.324536e+02,1.210039e+02,3.980237e+01,1.000000e-05,2.267509e-10
7.316667e+01,1.327777e+02,1.214057e+02,3.987428e+01,1.000000e-05,1.612236e-10
7.333333e+01,1.330148e+02,1.217709e+02,3.998190e+01,1.000000e-05,1.176403e-10
7.350000e+01,1.332945e+02,1.220177e+02,4.030304e+01,1.000000e-05,1.383382e-10
7.366667e+01,1.335629e+02,1.223225e+02,4.044496e+01,1.000000e-05,1.323347e-10
7.383333e+01,1.338842e+02,1.225915e+02,4.062165e+01,1.000000e-05,1.580658e-10
7.400000e+01,1.342048e+02,1.229183e+02,4.072730e+01,1.000000e-05,1.573373e-10
7.416667e+01,1.344927e+02,1.231976e+02,4.090277e+01,1.000000e-05,1.409427e-10
7.433333e+01,1.348437e+02,1.235227e+02,4.104261e+01,1.000000e-05,1.714962e-10
7.450000e+01,1.351726e+02,1.237892e+02,4.114718e+01,1.000000e-05,1.603848e-10
7.466667e+01,1.355112e+02,1.241127e+02,4.139014e+01,1.000000e-05,1.648289e-10
7.483333e+01,1.358491e+02,1.244930e+02,4.156282e+01,1.000000e-05,1.641014e-10
7.500000e+01,1.361861e+02,1.247344e+02,4.176909e+01,1.000000e-05,1.633889e-10
7.516667e+01,1.365537e+02,1.250326e+02,4.190603e+01,1.000000e-05,1.779635e-10
7.533333e+01,1.368157e+02,1.253073e+02,4.200845e+01,1.000000e-05,1.265429e-10
7.550000e+01,1.371921e+02,1.255014e+02,4.228035e+01,1.000000e-05,1.814893e-10
7.566667e+01,1.375362e+02,1.259003e+02,4.265139e+01,1.000000e-05,1.656764e-10
7.583333e+01,1.378483e+02,1.263432e+02,4.285242e+01,1.000000e-05,1.499952e-10
7.600000e+01,1.383461e+02,1.266942e+02,4.311900e+01,1.000000e-05,2.392390e-10
7.616667e+01,1.385634e+02,1.271231e+02,4.325167e+01,1.000000e-05,1.042036e-10
7.633333e+01,1.388319e+02,1.275168e+02,4.354871e+01,1.000000e-05,1.284812e-10
7.650000e+01,1.392337e+02,1.277525e+02,4.368008e+01,1.000000e-05,1.920336e-10
7.666667e+01,1.395317e+02,1.281890e+02,4.387640e+01,1.000000e-05,1.422265e-10
7.683333e+01,1.398189e+02,1.284012e+02,4.407184e+01,1.000000e-05,1.367681e-10
7.700000e+01,1.400952e+02,1.287799e+02,4.429876e+01,1.000000e-05,1.313431e-10
7.716667e+01,1.403200e+02,1.291464e+02,4.446014e+01,1.000000e-05,1.065581e-10
7.733333e+01,1.404934e+02,1.294456e+02,4.462094e+01,1.000000e-05,8.197140e-11
7.750000e+01,1.409718e+02,1.297550e+02,4.481314e+01,1.000000e-05,2.259354e-10
7.766667e+01,1.412154e+02,1.300527e+02,4.503633e+01,1.000000e-05,1.148964e-10
7.783333e+01,1.416105e+02,1.304047e+02,4.519507e+01,1.000000e-05,1.860742e-10
7.800000e+01,1.419439e+02,1.306242e+02,4.554237e+01,1.000000e-05,1.568866e-10
7.816667e+01,1.422664e+02,1.309309e+02,4.566800e+01,1.000000e-05,1.515879e-10
7.833333e+01,1.425682e+02,1.313023e+02,4.588703e+01,1.000000e-05,1.416165e-10
7.850000e+01,1.429294e+02,1.314985e+02,4.613608e+01,1.000000e-05,1.693877e-10
7.866667e+01,1.432997e+02,1.318901e+02,4.635290e+01,1.000000e-05,1.735558e-10
7.883333e+01,1.436491e+02,1.324320e+02,4.650716e+01,1.000000e-05,1.636666e-10
7.900000e+01,1.439082e+02,1.327885e+02,4.678353e+01,1.000000e-05,1.211511e-10
7.916667e+01,1.441469e+02,1.330471e+02,4.702783e+01,1.000000e-05,1.114185e-10
7.933333e+01,1.445735e+02,1.332515e+02,4.724056e+01,1.000000e-05,1.990854e-10
7.950000e+01,1.449594e+02,1.335950e+02,4.757293e+01,1.000000e-05,1.800554e-10
7.966667e+01,1.452753e+02,1.340019e+02,4.781319e+01,1.000000e-05,1.472809e-10
7.983333e+01,1.455511e+02,1.344394e+02,4.799261e+01,1.000000e-05,1.284598e-10
