Time,avgI1rd,avgI2rd,avgDrd,Beta,Beff
0.000000e+00,1.692569e+00,0.000000e+00,0.000000e+00,1.000000e-05,0.000000e+00
1.666667e-01,1.692569e+00,0.000000e+00,0.000000e+00,1.000000e-05,0.000000e+00
3.333333e-01,1.692569e+00,1.692569e+00,0.000000e+00,1.000000e-05,0.000000e+00
5.000000e-01,1.692569e+00,1.692569e+00,0.000000e+00,1.000000e-05,0.000000e+00
6.666667e-01,1.692569e+00,1.692569e+00,0.000000e+00,1.000000e-05,0.000000e+00
8.333333e-01,1.692569e+00,1.692569e+00,0.000000e+00,1.000000e-05,0.000000e+00
1.000000e+00,1.692569e+00,1.692569e+00,0.000000e+00,1.000000e-05,0.000000e+00
1.166667e+00,1.692569e+00,1.692569e+00,0.000000e+00,1.000000e-05,0.000000e+00
1.333333e+00,1.692569e+00,1.692569e+00,0.000000e+00,1.000000e-05,0.000000e+00
1.500000e+00,1.692569e+00,1.692569e+00,0.000000e+00,1.000000e-05,0.000000e+00
1.666667e+00,1.692569e+00,1.692569e+00,0.000000e+00,1.000000e-05,0.000000e+00
1.833333e+00,1.692569e+00,1.692569e+00,0.000000e+00,1.000000e-05,0.000000e+00
2.000000e+00,1.692569e+00,1.692569e+00,0.000000e+00,1.000000e-05,0.000000e+00
2.166667e+00,1.692569e+00,1.692569e+00,0.000000e+00,1.000000e-05,0.000000e+00
2.333333e+00,1.692569e+00,1.692569e+00,0.000000e+00,1.000000e-05,0.000000e+00
2.500000e+00,1.692569e+00,1.692569e+00,0.000000e+00,1.000000e-05,0.000000e+00
2.666667e+00,1.692569e+00,1.692569e+00,0.000000e+00,1.000000e-05,0.000000e+00
2.833333e+00,1.692569e+00,1.692569e+00,0.000000e+00,1.000000e-05,0.000000e+00
3.000000e+00,1.692569e+00,1.692569e+00,0.000000e+00,1.000000e-05,0.000000e+00
3.166667e+00,1.692569e+00,1.692569e+00,0.000000e+00,1.000000e-05,0.000000e+00
3.333333e+00,1.692569e+00,1.692569e+00,0.000000e+00,1.000000e-05,0.000000e+00
3.500000e+00,1.692569e+00,1.692569e+00,0.000000e+00,1.000000e-05,0.000000e+00
3.666667e+00,1.692569e+00,1.692569e+00,0.000000e+00,1.000000e-05,0.000000e+00
3.833333e+00,1.692569e+00,1.692569e+00,0.000000e+00,1.000000e-05,0.000000e+00
4.000000e+00,1.692569e+00,1.692569e+00,0.000000e+00,1.000000e-05,0.000000e+00
4.166667e+00,1.692569e+00,1.692569e+00,0.000000e+00,1.000000e-05,0.000000e+00
4.333333e+00,1.692569e+00,1.692569e+00,0.000000e+00,1.000000e-05,0.000000e+00
4.500000e+00,1.692569e+00,1.692569e+00,0.000000e+00,1.000000e-05,0.000000e+00
4.666667e+00,1.692569e+00,1.692569e+00,0.000000e+00,1.000000e-05,0.000000e+00
4.833333e+00,1.692569e+00,1.692569e+00,0.000000e+00,1.000000e-05,0.000000e+00
5.000000e+00,2.393654e+00,1.692569e+00,0.000000e+00,1.000000e-05,3.945617e-05
5.166667e+00,2.393654e+00,1.692569e+00,0.000000e+00,1.000000e-05,0.000000e+00
5.333333e+00,2.393654e+00,1.692569e+00,0.000000e+00,1.000000e-05,0.000000e+00
5.500000e+00,2.931615e+00,1.692569e+00,0.000000e+00,1.000000e-05,2.018904e-05
5.666667e+00,2.931615e+00,1.692569e+00,0.000000e+00,1.000000e-05,0.000000e+00
5.833333e+00,2.931615e+00,1.692569e+00,0.000000e+00,1.000000e-05,0.000000e+00
6.000000e+00,2.931615e+00,1.692569e+00,0.000000e+00,1.000000e-05,0.000000e+00
6.166667e+00,2.931615e+00,1.692569e+00,0.000000e+00,1.000000e-05,0.000000e+00
6.333333e+00,2.931615e+00,1.692569e+00,0.000000e+00,1.000000e-05,0.000000e+00
6.500000e+00,3.385138e+00,1.692569e+00,0.000000e+00,1.000000e-05,5.287775e-06
6.666667e+00,4.145930e+00,1.692569e+00,0.000000e+00,1.000000e-05,8.460292e-06
6.833333e+00,4.478116e+00,1.692569e+00,0.000000e+00,1.000000e-05,3.384032e-06
7.000000e+00,4.478116e+00,1.692569e+00,0.000000e+00,1.000000e-05,0.000000e+00
7.166667e+00,5.352372e+00,2.393654e+00,0.000000e+00,1.000000e-05,6.497977e-06
7.333333e+00,6.102643e+00,2.393654e+00,0.000000e+00,1.000000e-05,5.199306e-06
7.500000e+00,6.102643e+00,2.931615e+00,0.000000e+00,1.000000e-05,0.000000e+00
7.666667e+00,6.770275e+00,2.931615e+00,0.000000e+00,1.000000e-05,3.328123e-06
7.833333e+00,7.180961e+00,2.931615e+00,0.000000e+00,1.000000e-05,1.775507e-06
8.000000e+00,7.377736e+00,3.385138e+00,0.000000e+00,1.000000e-05,7.104936e-07
8.166667e+00,7.569398e+00,4.145930e+00,0.000000e+00,1.000000e-05,5.687314e-07
8.333333e+00,7.938851e+00,4.145930e+00,0.000000e+00,1.000000e-05,9.107063e-07
8.500000e+00,8.117275e+00,4.787307e+00,0.000000e+00,1.000000e-05,3.646581e-07
8.666667e+00,8.117275e+00,5.077706e+00,0.000000e+00,1.000000e-05,0.000000e+00
8.833333e+00,8.462844e+00,5.352372e+00,0.000000e+00,1.000000e-05,4.682060e-07
9.000000e+00,9.114762e+00,5.352372e+00,0.000000e+00,1.000000e-05,7.508781e-07
9.166667e+00,9.423824e+00,5.352372e+00,0.000000e+00,1.000000e-05,3.012005e-07
9.333333e+00,1.001337e+01,5.352372e+00,0.000000e+00,1.000000e-05,4.836846e-07
9.500000e+00,1.070474e+01,5.352372e+00,0.000000e+00,1.000000e-05,4.859202e-07
9.666667e+00,1.122723e+01,5.863230e+00,0.000000e+00,1.000000e-05,3.127668e-07
9.833333e+00,1.172646e+01,5.863230e+00,0.000000e+00,1.000000e-05,2.519890e-07
1.000000e+01,1.220529e+01,5.863230e+00,0.000000e+00,1.000000e-05,2.032877e-07
1.016667e+01,1.243779e+01,6.102643e+00,0.000000e+00,1.000000e-05,8.216600e-08
1.033333e+01,1.289022e+01,6.333012e+00,0.000000e+00,1.000000e-05,1.331807e-07
1.050000e+01,1.311058e+01,6.333012e+00,0.000000e+00,1.000000e-05,5.412079e-08
1.066667e+01,1.311058e+01,6.333012e+00,0.000000e+00,1.000000e-05,0.000000e+00
1.083333e+01,1.332730e+01,6.555291e+00,0.000000e+00,1.000000e-05,3.613647e-08
1.100000e+01,1.385427e+01,7.180961e+00,0.000000e+00,1.000000e-05,7.431769e-08
1.116667e+01,1.405953e+01,7.377736e+00,0.000000e+00,1.000000e-05,2.457910e-08
1.133333e+01,1.416105e+01,7.569398e+00,0.000000e+00,1.000000e-05,1.021986e-08
1.150000e+01,1.436192e+01,7.569398e+00,0.000000e+00,1.000000e-05,1.710689e-08
1.166667e+01,1.446131e+01,8.117275e+00,0.000000e+00,1.000000e-05,7.208056e-09
1.183333e+01,1.465808e+01,8.117275e+00,0.000000e+00,1.000000e-05,1.223842e-08
1.200000e+01,1.494836e+01,8.291860e+00,0.000000e+00,1.000000e-05,1.570491e-08
1.216667e+01,1.560471e+01,8.794845e+00,0.000000e+00,1.000000e-05,3.160202e-08
1.233333e+01,1.623455e+01,8.956232e+00,0.000000e+00,1.000000e-05,2.747138e-08
1.250000e+01,1.649712e+01,9.270581e+00,0.000000e+00,1.000000e-05,1.031456e-08
1.266667e+01,1.709411e+01,9.270581e+00,0.000000e+00,1.000000e-05,2.125408e-08
1.283333e+01,1.750807e+01,9.270581e+00,0.000000e+00,1.000000e-05,1.350896e-08
1.300000e+01,1.838600e+01,9.423824e+00,0.000000e+00,1.000000e-05,2.664746e-08
1.316667e+01,1.869503e+01,9.723067e+00,0.000000e+00,1.000000e-05,8.747833e-09
1.333333e+01,1.892349e+01,1.029549e+01,0.000000e+00,1.000000e-05,5.962802e-09
1.350000e+01,1.981101e+01,1.083773e+01,0.000000e+00,1.000000e-05,2.182277e-08
1.366667e+01,2.002674e+01,1.096910e+01,0.000000e+00,1.000000e-05,5.020121e-09
1.383333e+01,2.016928e+01,1.147956e+01,0.000000e+00,1.000000e-05,3.096812e-09
1.400000e+01,2.038123e+01,1.172646e+01,0.000000e+00,1.000000e-05,4.321149e-09
1.416667e+01,2.072965e+01,1.196827e+01,0.000000e+00,1.000000e-05,6.731943e-09
1.433333e+01,2.114018e+01,1.255243e+01,0.000000e+00,1.000000e-05,7.585772e-09
1.450000e+01,2.140949e+01,1.277861e+01,0.000000e+00,1.000000e-05,4.768309e-09
1.466667e+01,2.167546e+01,1.321938e+01,0.000000e+00,1.000000e-05,4.513158e-09
1.483333e+01,2.187281e+01,1.375049e+01,0.000000e+00,1.000000e-05,3.214770e-09
1.500000e+01,2.232652e+01,1.405953e+01,0.000000e+00,1.000000e-05,7.147386e-09
1.516667e+01,2.258168e+01,1.426184e+01,0.000000e+00,1.000000e-05,3.901949e-09
1.533333e+01,2.258168e+01,1.465808e+01,0.000000e+00,1.000000e-05,0.000000e+00
1.550000e+01,2.302142e+01,1.504388e+01,0.000000e+00,1.000000e-05,6.274844e-09
1.566667e+01,2.333045e+01,1.513880e+01,0.000000e+00,1.000000e-05,4.308033e-09
1.583333e+01,2.357475e+01,1.542004e+01,0.000000e+00,1.000000e-05,3.316501e-09
1.600000e+01,2.387662e+01,1.596766e+01,0.000000e+00,1.000000e-05,3.992646e-09
1.616667e+01,2.423390e+01,1.614608e+01,0.000000e+00,1.000000e-05,4.611268e-09
1.633333e+01,2.446918e+01,1.641006e+01,0.000000e+00,1.000000e-05,2.954473e-09
1.650000e+01,2.470223e+01,1.666987e+01,0.000000e+00,1.000000e-05,2.835623e-09
1.666667e+01,2.499048e+01,1.692569e+01,0.000000e+00,1.000000e-05,3.397984e-09
1.683333e+01,2.510485e+01,1.709411e+01,0.000000e+00,1.000000e-05,1.300586e-09
1.700000e+01,2.550112e+01,1.758969e+01,0.000000e+00,1.000000e-05,4.347391e-09
1.716667e+01,2.594659e+01,1.815078e+01,0.000000e+00,1.000000e-05,4.733069e-09
1.733333e+01,2.627573e+01,1.822952e+01,0.000000e+00,1.000000e-05,3.371612e-09
1.750000e+01,2.660081e+01,1.846375e+01,0.000000e+00,1.000000e-05,3.191357e-09
1.766667e+01,2.681533e+01,1.869503e+01,0.000000e+00,1.000000e-05,2.006779e-09
1.783333e+01,2.713394e+01,1.914923e+01,0.000000e+00,1.000000e-05,2.828922e-09
1.800000e+01,2.734429e+01,1.959290e+01,0.000000e+00,1.000000e-05,1.765815e-09
1.816667e+01,2.776019e+01,1.973857e+01,0.000000e+00,1.000000e-05,3.294764e-09
1.833333e+01,2.811906e+01,1.988318e+01,0.000000e+00,1.000000e-05,2.680091e-09
1.850000e+01,2.832209e+01,2.045139e+01,0.000000e+00,1.000000e-05,1.418907e-09
1.866667e+01,2.862393e+01,2.093592e+01,0.000000e+00,1.000000e-05,1.966150e-09
1.883333e+01,2.882341e+01,2.140949e+01,0.000000e+00,1.000000e-05,1.206787e-09
1.900000e+01,2.926725e+01,2.167546e+01,0.000000e+00,1.000000e-05,2.492668e-09
1.916667e+01,2.951094e+01,2.187281e+01,0.000000e+00,1.000000e-05,1.268765e-09
1.933333e+01,2.970446e+01,2.206840e+01,0.000000e+00,1.000000e-05,9.278577e-10
1.950000e+01,3.018282e+01,2.232652e+01,1.692569e+00,1.000000e-05,2.118952e-09
1.966667e+01,3.041919e+01,2.258168e+01,1.692569e+00,1.000000e-05,9.670380e-10
1.983333e+01,3.065372e+01,2.277118e+01,1.692569e+00,1.000000e-05,8.906584e-10
2.000000e+01,3.088648e+01,2.308356e+01,1.692569e+00,1.000000e-05,8.190971e-10
2.016667e+01,3.130108e+01,2.339177e+01,1.692569e+00,1.000000e-05,1.354583e-09
2.033333e+01,3.143807e+01,2.393654e+01,1.692569e+00,1.000000e-05,4.139510e-10
2.050000e+01,3.161979e+01,2.411539e+01,1.692569e+00,1.000000e-05,5.057215e-10
2.066667e+01,3.202490e+01,2.429293e+01,1.692569e+00,1.000000e-05,1.041440e-09
2.083333e+01,3.251318e+01,2.441057e+01,2.393654e+00,1.000000e-05,1.163883e-09
2.100000e+01,3.273272e+01,2.470223e+01,2.931615e+00,1.000000e-05,4.839688e-10
2.116667e+01,3.303762e+01,2.476015e+01,3.784699e+00,1.000000e-05,6.223607e-10
2.133333e+01,3.338267e+01,2.516184e+01,4.145930e+00,1.000000e-05,6.577605e-10
2.150000e+01,3.359653e+01,2.550112e+01,4.478116e+00,1.000000e-05,3.843560e-10
2.166667e+01,3.372419e+01,2.561321e+01,4.787307e+00,1.000000e-05,2.165740e-10
2.183333e+01,3.410432e+01,2.578044e+01,4.787307e+00,1.000000e-05,6.117984e-10
2.200000e+01,3.448025e+01,2.605676e+01,5.077706e+00,1.000000e-05,5.752039e-10
2.216667e+01,3.476983e+01,2.622116e+01,5.077706e+00,1.000000e-05,4.193681e-10
2.233333e+01,3.513864e+01,2.643877e+01,5.863230e+00,1.000000e-05,5.053565e-10
2.250000e+01,3.526072e+01,2.676186e+01,6.102643e+00,1.000000e-05,1.575893e-10
2.266667e+01,3.562445e+01,2.718668e+01,6.333012e+00,1.000000e-05,4.463272e-10
2.283333e+01,3.590481e+01,2.734429e+01,6.555291e+00,1.000000e-05,3.282994e-10
2.300000e+01,3.618299e+01,2.755302e+01,6.555291e+00,1.000000e-05,3.093979e-10
2.316667e+01,3.653754e+01,2.786320e+01,6.555291e+00,1.000000e-05,3.753604e-10
2.333333e+01,3.684983e+01,2.801700e+01,6.555291e+00,1.000000e-05,3.143302e-10
2.350000e+01,3.731337e+01,2.827147e+01,6.555291e+00,1.000000e-05,4.437431e-10
2.366667e+01,3.765728e+01,2.862393e+01,6.770275e+00,1.000000e-05,3.128737e-10
2.383333e+01,3.826104e+01,2.916920e+01,6.978640e+00,1.000000e-05,5.228286e-10
2.400000e+01,3.863360e+01,2.941371e+01,7.377736e+00,1.000000e-05,3.080455e-10
2.416667e+01,3.892908e+01,2.965620e+01,7.756324e+00,1.000000e-05,2.326493e-10
2.433333e+01,3.914923e+01,3.008776e+01,7.938851e+00,1.000000e-05,1.652492e-10
2.450000e+01,3.947715e+01,3.037206e+01,8.291860e+00,1.000000e-05,2.356274e-10
2.466667e+01,3.980237e+01,3.084007e+01,9.114762e+00,1.000000e-05,2.234284e-10
2.483333e+01,4.005349e+01,3.120943e+01,9.270581e+00,1.000000e-05,1.653288e-10
2.500000e+01,4.048036e+01,3.157446e+01,9.574615e+00,1.000000e-05,2.719847e-10
2.516667e+01,4.097275e+01,3.166506e+01,9.723067e+00,1.000000e-05,3.039486e-10
2.533333e+01,4.145930e+01,3.189044e+01,1.029549e+01,1.000000e-05,2.916735e-10
2.550000e+01,4.180336e+01,3.246910e+01,1.043369e+01,1.000000e-05,1.997337e-10
2.566667e+01,4.221254e+01,3.268893e+01,1.043369e+01,1.000000e-05,2.308747e-10
2.583333e+01,4.255052e+01,3.290730e+01,1.043369e+01,1.000000e-05,1.850206e-10
2.600000e+01,4.288583e+01,3.312422e+01,1.057009e+01,1.000000e-05,1.775422e-10
2.616667e+01,4.318539e+01,3.329675e+01,1.083773e+01,1.000000e-05,1.530855e-10
2.633333e+01,4.348288e+01,3.363914e+01,1.109892e+01,1.000000e-05,1.466631e-10
2.650000e+01,4.384374e+01,3.406229e+01,1.122723e+01,1.000000e-05,1.720677e-10
2.666667e+01,4.416923e+01,3.439706e+01,1.135410e+01,1.000000e-05,1.501158e-10
2.683333e+01,4.452453e+01,3.464602e+01,1.184798e+01,1.000000e-05,1.584280e-10
2.700000e+01,4.471714e+01,3.489320e+01,1.196827e+01,1.000000e-05,8.288514e-11
2.716667e+01,4.503633e+01,3.509785e+01,1.266602e+01,1.000000e-05,1.331643e-10
2.733333e+01,4.538484e+01,3.522007e+01,1.289022e+01,1.000000e-05,1.413012e-10
2.750000e+01,4.560523e+01,3.542284e+01,1.332730e+01,1.000000e-05,8.719999e-11
2.766667e+01,4.604285e+01,3.590481e+01,1.405953e+01,1.000000e-05,1.692887e-10
2.783333e+01,4.659946e+01,3.630156e+01,1.475547e+01,1.000000e-05,2.119707e-10
2.800000e+01,4.696688e+01,3.657672e+01,1.513880e+01,1.000000e-05,1.381222e-10
2.816667e+01,4.739193e+01,3.712093e+01,1.542004e+01,1.000000e-05,1.582628e-10
2.833333e+01,4.763311e+01,3.746661e+01,1.551265e+01,1.000000e-05,8.899722e-11
2.850000e+01,4.793288e+01,3.765728e+01,1.632254e+01,1.000000e-05,1.094842e-10
2.866667e+01,4.837905e+01,3.788482e+01,1.649712e+01,1.000000e-05,1.614707e-10
2.883333e+01,4.879180e+01,3.807339e+01,1.692569e+01,1.000000e-05,1.492301e-10
2.900000e+01,4.920108e+01,3.822358e+01,1.717770e+01,1.000000e-05,1.476489e-10
2.916667e+01,4.946241e+01,3.852221e+01,1.758969e+01,1.000000e-05,9.406853e-11
2.933333e+01,4.980871e+01,3.889227e+01,1.799225e+01,1.000000e-05,1.242961e-10
2.950000e+01,5.015261e+01,3.907598e+01,1.807169e+01,1.000000e-05,1.233309e-10
2.966667e+01,5.043741e+01,3.936814e+01,1.861826e+01,1.000000e-05,1.021323e-10
2.983333e+01,5.080526e+01,3.969426e+01,1.922389e+01,1.000000e-05,1.316830e-10
3.000000e+01,5.100224e+01,4.008923e+01,1.937233e+01,1.000000e-05,7.045697e-11
3.016667e+01,5.153309e+01,4.051573e+01,1.951966e+01,1.000000e-05,1.909030e-10
3.033333e+01,5.183794e+01,4.086774e+01,1.981101e+01,1.000000e-05,1.100500e-10
3.050000e+01,5.225078e+01,4.114718e+01,2.016928e+01,1.000000e-05,1.491718e-10
3.066667e+01,5.271475e+01,4.142473e+01,2.052131e+01,1.000000e-05,1.679640e-10
3.083333e+01,5.295874e+01,4.183762e+01,2.107231e+01,1.000000e-05,8.848420e-11
3.100000e+01,5.325543e+01,4.214462e+01,2.140949e+01,1.000000e-05,1.077971e-10
3.116667e+01,5.368405e+01,4.241565e+01,2.180722e+01,1.000000e-05,1.566970e-10
3.133333e+01,5.410928e+01,4.288583e+01,2.213321e+01,1.000000e-05,1.567042e-10
3.150000e+01,5.432065e+01,4.328478e+01,2.251816e+01,1.000000e-05,7.844657e-11
3.166667e+01,5.453119e+01,4.371286e+01,2.277118e+01,1.000000e-05,7.859658e-11
3.183333e+01,5.479324e+01,4.400679e+01,2.295912e+01,1.000000e-05,9.855969e-11
3.200000e+01,5.513203e+01,4.439566e+01,2.320733e+01,1.000000e-05,1.282881e-10
3.216667e+01,5.544293e+01,4.484509e+01,2.357475e+01,1.000000e-05,1.182958e-10
3.233333e+01,5.559773e+01,4.503633e+01,2.363544e+01,1.000000e-05,5.904795e-11
3.250000e+01,5.598285e+01,4.535326e+01,2.393654e+01,1.000000e-05,1.475632e-10
3.266667e+01,5.626359e+01,4.557381e+01,2.411539e+01,1.000000e-05,1.076917e-10
3.283333e+01,5.649226e+01,4.610503e+01,2.423390e+01,1.000000e-05,8.763350e-11
3.300000e+01,5.666947e+01,4.641467e+01,2.446918e+01,1.000000e-05,6.770082e-11
3.316667e+01,5.717276e+01,4.675290e+01,2.464417e+01,1.000000e-05,1.915792e-10
3.333333e+01,5.752244e+01,4.690584e+01,2.470223e+01,1.000000e-05,1.326266e-10
3.350000e+01,5.784525e+01,4.727087e+01,2.493309e+01,1.000000e-05,1.216083e-10
3.366667e+01,5.814165e+01,4.754281e+01,2.527544e+01,1.000000e-05,1.105551e-10
3.383333e+01,5.860787e+01,4.781319e+01,2.550112e+01,1.000000e-05,1.724894e-10
3.400000e+01,5.882742e+01,4.829015e+01,2.566908e+01,1.000000e-05,8.067222e-11
3.416667e+01,5.936068e+01,4.873305e+01,2.578044e+01,1.000000e-05,1.948535e-10
3.433333e+01,5.962552e+01,4.890909e+01,2.600173e+01,1.000000e-05,9.609664e-11
3.450000e+01,5.981740e+01,4.925928e+01,2.622116e+01,1.000000e-05,6.879070e-11
3.466667e+01,6.010407e+01,4.960699e+01,2.643877e+01,1.000000e-05,1.014354e-10
3.483333e+01,6.038937e+01,5.018117e+01,2.681533e+01,1.000000e-05,9.962225e-11
3.500000e+01,6.083837e+01,5.035214e+01,2.708110e+01,1.000000e-05,1.547391e-10
3.516667e+01,6.107336e+01,5.077706e+01,2.718668e+01,1.000000e-05,7.992745e-11
3.533333e+01,6.154065e+01,5.100224e+01,2.723932e+01,1.000000e-05,1.570618e-10
3.550000e+01,6.184249e+01,5.128232e+01,2.750099e+01,1.000000e-05,1.000860e-10
3.566667e+01,6.207368e+01,5.156088e+01,2.765680e+01,1.000000e-05,7.534243e-11
3.583333e+01,6.241885e+01,5.181030e+01,2.796583e+01,1.000000e-05,1.107125e-10
3.600000e+01,6.280776e+01,5.214101e+01,2.837262e+01,1.000000e-05,1.228344e-10
3.616667e+01,6.314892e+01,5.238767e+01,2.857385e+01,1.000000e-05,1.062543e-10
3.633333e+01,6.355590e+01,5.271475e+01,2.872384e+01,1.000000e-05,1.252986e-10
3.650000e+01,6.378088e+01,5.290462e+01,2.892263e+01,1.000000e-05,6.837715e-11
3.666667e+01,6.411686e+01,5.317468e+01,2.926725e+01,1.000000e-05,1.007035e-10
3.683333e+01,6.440663e+01,5.357722e+01,2.926725e+01,1.000000e-05,8.566697e-11
3.700000e+01,6.471724e+01,5.395021e+01,2.936497e+01,1.000000e-05,9.064660e-11
3.716667e+01,6.511442e+01,5.437336e+01,2.984878e+01,1.000000e-05,1.142434e-10
3.733333e+01,6.555291e+01,5.460994e+01,3.008776e+01,1.000000e-05,1.243130e-10
3.750000e+01,6.590159e+01,5.492379e+01,3.046624e+01,1.000000e-05,9.751900e-11
3.766667e+01,6.614025e+01,5.531360e+01,3.093282e+01,1.000000e-05,6.569915e-11
3.783333e+01,6.648586e+01,5.557196e+01,3.111750e+01,1.000000e-05,9.377759e-11
3.800000e+01,6.672243e+01,5.585477e+01,3.134681e+01,1.000000e-05,6.339718e-11
3.816667e+01,6.712908e+01,5.605955e+01,3.175540e+01,1.000000e-05,1.076727e-10
3.833333e+01,6.742715e+01,5.644152e+01,3.193532e+01,1.000000e-05,7.795728e-11
3.850000e+01,6.789290e+01,5.679571e+01,3.224777e+01,1.000000e-05,1.206403e-10
3.866667e+01,6.814560e+01,5.719781e+01,3.273272e+01,1.000000e-05,6.467899e-11
3.883333e+01,6.837643e+01,5.762196e+01,3.299424e+01,1.000000e-05,5.827338e-11
3.900000e+01,6.856470e+01,5.784525e+01,3.325370e+01,1.000000e-05,4.693337e-11
3.916667e+01,6.879412e+01,5.811700e+01,3.368169e+01,1.000000e-05,5.644349e-11
3.933333e+01,6.916789e+01,5.841202e+01,3.402021e+01,1.000000e-05,9.089926e-11
3.950000e+01,6.943659e+01,5.875433e+01,3.448025e+01,1.000000e-05,6.468775e-11
3.966667e+01,6.976587e+01,5.894904e+01,3.485212e+01,1.000000e-05,7.845561e-11
3.983333e+01,7.035876e+01,5.909465e+01,3.530132e+01,1.000000e-05,1.403813e-10
4.000000e+01,7.060264e+01,5.943303e+01,3.558422e+01,1.000000e-05,5.737149e-11
4.016667e+01,7.098707e+01,5.979345e+01,3.590481e+01,1.000000e-05,8.988356e-11
4.033333e+01,7.126900e+01,6.024689e+01,3.638039e+01,1.000000e-05,6.543730e-11
4.050000e+01,7.162986e+01,6.076770e+01,3.665496e+01,1.000000e-05,8.310038e-11
4.066667e+01,7.198891e+01,6.104990e+01,3.704368e+01,1.000000e-05,8.229703e-11
4.083333e+01,7.236597e+01,6.142416e+01,3.735174e+01,1.000000e-05,8.597995e-11
4.100000e+01,7.262284e+01,6.184249e+01,3.758113e+01,1.000000e-05,5.824499e-11
4.116667e+01,7.283948e+01,6.198130e+01,3.780912e+01,1.000000e-05,4.877769e-11
4.133333e+01,7.313386e+01,6.216591e+01,3.822358e+01,1.000000e-05,6.577820e-11
4.150000e+01,7.346606e+01,6.237294e+01,3.844777e+01,1.000000e-05,7.370726e-11
4.166667e+01,7.391314e+01,6.267077e+01,3.867066e+01,1.000000e-05,9.870229e-11
4.183333e+01,7.429972e+01,6.298994e+01,3.918580e+01,1.000000e-05,8.487662e-11
4.200000e+01,7.464593e+01,6.326223e+01,3.969426e+01,1.000000e-05,7.549890e-11
4.216667e+01,7.495233e+01,6.362348e+01,3.998190e+01,1.000000e-05,6.647065e-11
4.233333e+01,7.529553e+01,6.398268e+01,4.019628e+01,1.000000e-05,7.421022e-11
4.250000e+01,7.561824e+01,6.436214e+01,4.055106e+01,1.000000e-05,6.949919e-11
4.266667e+01,7.597730e+01,6.473937e+01,4.083267e+01,1.000000e-05,7.692965e-11
4.283333e+01,7.633466e+01,6.500434e+01,4.128619e+01,1.000000e-05,7.616798e-11
4.300000e+01,7.674638e+01,6.546544e+01,4.152834e+01,1.000000e-05,8.727781e-11
4.316667e+01,7.702583e+01,6.572748e+01,4.194020e+01,1.000000e-05,5.897577e-11
4.333333e+01,7.743386e+01,6.611859e+01,4.244941e+01,1.000000e-05,8.567806e-11
4.350000e+01,7.787656e+01,6.655046e+01,4.268496e+01,1.000000e-05,9.270317e-11
4.366667e+01,7.809696e+01,6.693676e+01,4.298592e+01,1.000000e-05,4.605485e-11
4.383333e+01,7.840814e+01,6.738465e+01,4.331786e+01,1.000000e-05,6.477577e-11
4.400000e+01,7.868169e+01,6.759688e+01,4.371286e+01,1.000000e-05,5.672823e-11
4.416667e+01,7.897244e+01,6.795616e+01,4.416923e+01,1.000000e-05,6.009401e-11
4.433333e+01,7.931631e+01,6.814560e+01,4.442791e+01,1.000000e-05,7.097096e-11
4.450000e+01,7.964071e+01,6.841831e+01,4.471714e+01,1.000000e-05,6.694454e-11
4.466667e+01,7.992796e+01,6.893972e+01,4.500451e+01,1.000000e-05,5.921248e-11
4.483333e+01,8.033909e+01,6.925068e+01,4.551090e+01,1.000000e-05,8.472167e-11
4.500000e+01,8.062386e+01,6.953966e+01,4.588703e+01,1.000000e-05,5.865753e-11
4.516667e+01,8.103145e+01,7.003227e+01,4.616712e+01,1.000000e-05,8.414555e-11
4.533333e+01,8.147218e+01,7.050113e+01,4.650716e+01,1.000000e-05,9.135777e-11
4.550000e+01,8.178803e+01,7.084568e+01,4.687529e+01,1.000000e-05,6.559270e-11
4.566667e+01,8.218986e+01,7.118856e+01,4.739193e+01,1.000000e-05,8.360391e-11
4.583333e+01,8.248560e+01,7.154983e+01,4.766317e+01,1.000000e-05,6.165315e-11
4.600000e+01,8.286676e+01,7.186943e+01,4.787307e+01,1.000000e-05,7.975134e-11
4.616667e+01,8.322896e+01,7.204858e+01,4.805226e+01,1.000000e-05,7.597410e-11
4.633333e+01,8.364099e+01,7.242533e+01,4.834943e+01,1.000000e-05,8.653908e-11
4.650000e+01,8.391455e+01,7.270169e+01,4.858586e+01,1.000000e-05,5.741979e-11
4.666667e+01,8.418722e+01,7.307508e+01,4.885048e+01,1.000000e-05,5.712379e-11
4.683333e+01,8.464536e+01,7.352453e+01,4.914282e+01,1.000000e-05,9.588319e-11
4.700000e+01,8.496628e+01,7.389376e+01,4.943344e+01,1.000000e-05,6.704054e-11
4.716667e+01,8.528598e+01,7.433827e+01,4.966471e+01,1.000000e-05,6.660947e-11
4.733333e+01,8.572155e+01,7.454992e+01,4.992361e+01,1.000000e-05,9.053877e-11
4.750000e+01,8.597183e+01,7.476097e+01,5.012405e+01,1.000000e-05,5.181763e-11
4.766667e+01,8.632101e+01,7.512413e+01,5.043741e+01,1.000000e-05,7.199501e-11
4.783333e+01,8.660264e+01,7.544757e+01,5.080526e+01,1.000000e-05,5.778889e-11
4.800000e+01,8.698223e+01,7.573181e+01,5.131024e+01,1.000000e-05,7.756886e-11
4.816667e+01,8.747486e+01,7.605267e+01,5.172729e+01,1.000000e-05,1.005642e-10
4.833333e+01,8.788328e+01,7.631590e+01,5.197592e+01,1.000000e-05,8.343272e-11
4.850000e+01,8.812742e+01,7.667168e+01,5.233296e+01,1.000000e-05,4.989078e-11
4.866667e+01,8.840330e+01,7.698863e+01,5.279621e+01,1.000000e-05,5.631513e-11
4.883333e+01,8.879132e+01,7.743386e+01,5.309381e+01,1.000000e-05,7.926278e-11
4.900000e+01,8.890418e+01,7.782136e+01,5.330920e+01,1.000000e-05,2.307092e-11
4.916667e+01,8.925793e+01,7.822525e+01,5.381730e+01,1.000000e-05,7.234604e-11
4.933333e+01,8.957831e+01,7.873629e+01,5.426788e+01,1.000000e-05,6.553655e-11
4.950000e+01,8.992941e+01,7.899057e+01,5.445233e+01,1.000000e-05,7.194161e-11
4.966667e+01,9.019978e+01,7.935242e+01,5.484550e+01,1.000000e-05,5.549881e-11
4.983333e+01,9.056429e+01,7.971262e+01,5.523586e+01,1.000000e-05,7.489380e-11
5.000000e+01,9.094309e+01,7.992796e+01,5.546876e+01,1.000000e-05,7.798841e-11
5.016667e+01,9.130463e+01,8.033909e+01,5.570069e+01,1.000000e-05,7.461658e-11
5.033333e+01,9.168037e+01,8.064162e+01,5.593165e+01,1.000000e-05,7.767167e-11
5.050000e+01,9.194559e+01,8.087220e+01,5.636533e+01,1.000000e-05,5.479024e-11
5.066667e+01,9.231873e+01,8.110213e+01,5.679571e+01,1.000000e-05,7.700747e-11
5.083333e+01,9.247375e+01,8.150733e+01,5.704735e+01,1.000000e-05,3.198606e-11
5.100000e+01,9.289104e+01,8.187555e+01,5.727289e+01,1.000000e-05,8.625205e-11
5.116667e+01,9.313743e+01,8.225954e+01,5.764681e+01,1.000000e-05,5.100380e-11
5.133333e+01,9.353644e+01,8.260707e+01,5.787001e+01,1.000000e-05,8.263197e-11
5.150000e+01,9.393375e+01,8.295314e+01,5.826470e+01,1.000000e-05,8.238862e-11
5.166667e+01,9.431421e+01,8.317731e+01,5.877870e+01,1.000000e-05,7.886318e-11
5.183333e+01,9.470826e+01,8.334934e+01,5.914311e+01,1.000000e-05,8.164460e-11
5.200000e+01,9.504041e+01,8.370946e+01,5.938481e+01,1.000000e-05,6.886499e-11
5.216667e+01,9.540144e+01,8.398280e+01,5.964954e+01,1.000000e-05,7.494638e-11
5.233333e+01,9.579102e+01,8.425525e+01,6.000866e+01,1.000000e-05,8.090946e-11
5.250000e+01,9.614923e+01,8.466228e+01,6.038937e+01,1.000000e-05,7.437805e-11
5.266667e+01,9.638730e+01,8.506737e+01,6.069694e+01,1.000000e-05,4.938127e-11
5.283333e+01,9.659512e+01,8.536992e+01,6.109681e+01,1.000000e-05,4.301946e-11
5.300000e+01,9.693559e+01,8.573826e+01,6.140083e+01,1.000000e-05,7.040773e-11
5.316667e+01,9.728958e+01,8.612165e+01,6.163368e+01,1.000000e-05,7.330077e-11
5.333333e+01,9.756892e+01,8.635419e+01,6.200441e+01,1.000000e-05,5.787877e-11
5.350000e+01,9.792062e+01,8.678439e+01,6.228101e+01,1.000000e-05,7.286864e-11
5.366667e+01,9.815440e+01,8.711387e+01,6.257928e+01,1.000000e-05,4.843323e-11
5.383333e+01,9.857669e+01,8.749123e+01,6.296720e+01,1.000000e-05,8.749286e-11
5.400000e+01,9.893929e+01,8.780175e+01,6.330750e+01,1.000000e-05,7.516016e-11
5.416667e+01,9.930057e+01,8.817617e+01,6.362348e+01,1.000000e-05,7.488500e-11
5.433333e+01,9.960303e+01,8.846809e+01,6.393789e+01,1.000000e-05,6.268252e-11
5.450000e+01,9.990458e+01,8.888806e+01,6.418385e+01,1.000000e-05,6.246329e-11
5.466667e+01,1.003766e+02,8.920977e+01,6.438439e+01,1.000000e-05,9.787069e-11
5.483333e+01,1.007043e+02,8.943428e+01,6.471724e+01,1.000000e-05,6.794873e-11
5.500000e+01,1.009600e+02,8.988162e+01,6.509242e+01,1.000000e-05,5.288408e-11
5.516667e+01,1.013141e+02,9.018390e+01,6.529017e+01,1.000000e-05,7.306931e-11
5.533333e+01,1.016246e+02,9.046934e+01,6.557475e+01,1.000000e-05,6.400487e-11
5.550000e+01,1.019342e+02,9.073810e+01,6.583636e+01,1.000000e-05,6.361609e-11
5.566667e+01,1.022849e+02,9.110046e+01,6.603188e+01,1.000000e-05,7.181714e-11
5.583333e+01,1.025926e+02,9.143005e+01,6.629168e+01,1.000000e-05,6.272742e-11
5.600000e+01,1.029549e+02,9.175846e+01,6.655046e+01,1.000000e-05,7.353670e-11
5.616667e+01,1.032883e+02,9.208570e+01,6.685111e+01,1.000000e-05,6.735791e-11
5.633333e+01,1.036759e+02,9.245826e+01,6.721438e+01,1.000000e-05,7.797605e-11
5.650000e+01,1.040482e+02,9.273671e+01,6.749085e+01,1.000000e-05,7.459193e-11
5.666667e+01,1.043232e+02,9.307589e+01,6.763925e+01,1.000000e-05,5.484334e-11
5.683333e+01,1.046933e+02,9.339851e+01,6.804042e+01,1.000000e-05,7.350240e-11
5.700000e+01,1.050757e+02,9.359767e+01,6.831355e+01,1.000000e-05,7.556504e-11
5.716667e+01,1.056195e+02,9.385748e+01,6.879412e+01,1.000000e-05,1.071760e-10
5.733333e+01,1.059580e+02,9.414700e+01,6.906427e+01,1.000000e-05,6.646095e-11
5.750000e+01,1.061606e+02,9.461747e+01,6.951905e+01,1.000000e-05,3.963601e-11
5.766667e+01,1.064571e+02,9.499519e+01,6.976587e+01,1.000000e-05,5.776831e-11
5.783333e+01,1.066990e+02,9.523614e+01,6.992993e+01,1.000000e-05,4.699526e-11
5.800000e+01,1.069270e+02,9.555147e+01,7.015488e+01,1.000000e-05,4.411696e-11
5.816667e+01,1.072613e+02,9.576111e+01,7.046048e+01,1.000000e-05,6.443378e-11
5.833333e+01,1.075814e+02,9.613433e+01,7.092651e+01,1.000000e-05,6.139130e-11
5.850000e+01,1.079270e+02,9.646157e+01,7.130919e+01,1.000000e-05,6.605113e-11
5.866667e+01,1.082450e+02,9.678771e+01,7.154983e+01,1.000000e-05,6.062455e-11
5.883333e+01,1.085622e+02,9.712749e+01,7.188935e+01,1.000000e-05,6.031242e-11
5.900000e+01,1.089967e+02,9.743670e+01,7.214791e+01,1.000000e-05,8.245916e-11
5.916667e+01,1.092723e+02,9.771562e+01,7.258338e+01,1.000000e-05,5.217022e-11
5.933333e+01,1.094949e+02,9.816899e+01,7.289845e+01,1.000000e-05,4.194455e-11
5.950000e+01,1.098215e+02,9.850401e+01,7.329038e+01,1.000000e-05,6.135586e-11
5.966667e+01,1.101081e+02,9.882341e+01,7.369966e+01,1.000000e-05,5.368716e-11
5.983333e+01,1.105106e+02,9.919955e+01,7.412601e+01,1.000000e-05,7.532010e-11
6.000000e+01,1.109892e+02,9.961741e+01,7.449226e+01,1.000000e-05,8.960547e-11
6.016667e+01,1.112598e+02,9.991892e+01,7.479928e+01,1.000000e-05,5.070331e-11
6.033333e+01,1.115427e+02,1.001766e+02,7.502873e+01,1.000000e-05,5.294012e-11
6.050000e+01,1.118633e+02,1.005477e+02,7.539059e+01,1.000000e-05,5.994306e-11
6.066667e+01,1.122085e+02,1.008748e+02,7.582632e+01,1.000000e-05,6.448670e-11
6.083333e+01,1.127180e+02,1.011584e+02,7.622199e+01,1.000000e-05,9.525773e-11
6.100000e+01,1.130352e+02,1.014553e+02,7.639094e+01,1.000000e-05,5.938260e-11
6.116667e+01,1.134905e+02,1.018780e+02,7.676504e+01,1.000000e-05,8.537452e-11
6.133333e+01,1.138308e+02,1.022289e+02,7.711875e+01,1.000000e-05,6.382060e-11
6.150000e+01,1.142076e+02,1.025786e+02,7.741536e+01,1.000000e-05,7.072968e-11
6.166667e+01,1.145082e+02,1.029410e+02,7.780295e+01,1.000000e-05,5.642647e-11
6.183333e+01,1.149702e+02,1.032189e+02,7.822525e+01,1.000000e-05,8.680982e-11
6.200000e+01,1.153557e+02,1.035515e+02,7.851768e+01,1.000000e-05,7.259474e-11
6.216667e+01,1.157524e+02,1.038553e+02,7.911741e+01,1.000000e-05,7.484753e-11
6.233333e+01,1.160737e+02,1.041858e+02,7.942459e+01,1.000000e-05,6.071425e-11
6.250000e+01,1.163695e+02,1.045427e+02,7.989211e+01,1.000000e-05,5.604057e-11
6.266667e+01,1.166891e+02,1.049120e+02,8.024989e+01,1.000000e-05,6.069100e-11
6.283333e+01,1.171179e+02,1.053616e+02,8.048160e+01,1.000000e-05,8.176952e-11
6.300000e+01,1.174843e+02,1.056873e+02,8.073038e+01,1.000000e-05,7.014451e-11
6.316667e+01,1.178616e+02,1.059040e+02,8.097840e+01,1.000000e-05,7.247084e-11
6.333333e+01,1.181408e+02,1.062955e+02,8.127855e+01,1.000000e-05,5.369816e-11
6.350000e+01,1.185040e+02,1.067124e+02,8.156004e+01,1.000000e-05,6.993199e-11
6.366667e+01,1.189504e+02,1.071143e+02,8.185806e+01,1.000000e-05,8.610179e-11
6.383333e+01,1.193831e+02,1.074348e+02,8.208522e+01,1.000000e-05,8.356773e-11
6.400000e+01,1.197664e+02,1.078473e+02,8.245086e+01,1.000000e-05,7.406689e-11
6.416667e+01,1.200651e+02,1.081656e+02,8.295314e+01,1.000000e-05,5.764014e-11
6.433333e+01,1.203629e+02,1.084169e+02,8.324617e+01,1.000000e-05,5.742555e-11
6.450000e+01,1.207906e+02,1.086413e+02,8.358959e+01,1.000000e-05,8.254584e-11
6.466667e+01,1.211931e+02,1.090098e+02,8.377788e+01,1.000000e-05,7.782838e-11
6.483333e+01,1.215000e+02,1.093640e+02,8.423825e+01,1.000000e-05,5.936567e-11
6.500000e+01,1.218767e+02,1.097040e+02,8.459458e+01,1.000000e-05,7.279541e-11
6.516667e+01,1.222756e+02,1.102641e+02,8.486507e+01,1.000000e-05,7.715702e-11
6.533333e+01,1.226966e+02,1.106531e+02,8.506737e+01,1.000000e-05,8.150740e-11
6.550000e+01,1.230114e+02,1.110666e+02,8.523558e+01,1.000000e-05,6.092581e-11
6.566667e+01,1.232325e+02,1.112985e+02,8.558776e+01,1.000000e-05,4.266786e-11
6.583333e+01,1.234415e+02,1.117993e+02,8.607174e+01,1.000000e-05,4.018178e-11
6.600000e+01,1.237081e+02,1.121063e+02,8.638736e+01,1.000000e-05,5.107494e-11
6.616667e+01,1.240204e+02,1.125654e+02,8.663572e+01,1.000000e-05,5.972640e-11
6.633333e+01,1.244355e+02,1.128957e+02,8.709742e+01,1.000000e-05,7.936035e-11
6.650000e+01,1.248262e+02,1.132884e+02,8.731096e+01,1.000000e-05,7.464907e-11
6.666667e+01,1.250670e+02,1.135157e+02,8.763846e+01,1.000000e-05,4.597157e-11
6.683333e+01,1.254215e+02,1.138811e+02,8.798102e+01,1.000000e-05,6.764582e-11
6.700000e+01,1.258434e+02,1.141825e+02,8.828981e+01,1.000000e-05,8.046857e-11
6.716667e+01,1.262071e+02,1.144332e+02,8.867833e+01,1.000000e-05,6.931295e-11
6.733333e+01,1.266037e+02,1.146832e+02,8.904906e+01,1.000000e-05,7.549397e-11
6.750000e+01,1.268636e+02,1.150075e+02,8.946631e+01,1.000000e-05,4.943433e-11
6.766667e+01,1.271907e+02,1.154054e+02,8.976999e+01,1.000000e-05,6.215035e-11
6.783333e+01,1.274494e+02,1.157771e+02,9.013624e+01,1.000000e-05,4.917478e-11
6.800000e+01,1.277525e+02,1.160120e+02,9.059592e+01,1.000000e-05,5.758561e-11
6.816667e+01,1.282226e+02,1.163695e+02,9.089583e+01,1.000000e-05,8.949316e-11
6.833333e+01,1.286130e+02,1.165908e+02,9.122616e+01,1.000000e-05,7.459980e-11
6.850000e+01,1.289022e+02,1.169466e+02,9.155530e+01,1.000000e-05,5.538921e-11
6.866667e+01,1.291575e+02,1.172646e+02,9.180528e+01,1.000000e-05,4.896304e-11
6.883333e+01,1.294234e+02,1.176183e+02,9.213235e+01,1.000000e-05,5.107335e-11
6.900000e+01,1.298433e+02,1.179224e+02,9.252021e+01,1.000000e-05,8.083101e-11
6.916667e+01,1.302068e+02,1.181893e+02,9.284476e+01,1.000000e-05,7.013420e-11
6.933333e+01,1.306023e+02,1.185282e+02,9.315281e+01,1.000000e-05,7.647919e-11
6.950000e+01,1.309090e+02,1.189022e+02,9.342918e+01,1.000000e-05,5.942074e-11
6.966667e+01,1.312150e+02,1.193231e+02,9.375059e+01,1.000000e-05,5.936313e-11
6.983333e+01,1.316074e+02,1.197066e+02,9.399473e+01,1.000000e-05,7.623154e-11
7.000000e+01,1.319444e+02,1.199815e+02,9.422304e+01,1.000000e-05,6.553638e-11
7.016667e+01,1.322588e+02,1.203867e+02,9.472338e+01,1.000000e-05,6.115131e-11
7.033333e+01,1.325834e+02,1.206838e+02,9.505548e+01,1.000000e-05,6.306702e-11
7.050000e+01,1.329394e+02,1.211577e+02,9.529628e+01,1.000000e-05,6.928600e-11
7.066667e+01,1.332837e+02,1.215825e+02,9.573119e+01,1.000000e-05,6.711712e-11
7.083333e+01,1.336058e+02,1.218532e+02,9.607471e+01,1.000000e-05,6.279245e-11
7.100000e+01,1.339270e+02,1.221467e+02,9.646157e+01,1.000000e-05,6.271293e-11
7.116667e+01,1.343328e+02,1.224863e+02,9.675810e+01,1.000000e-05,7.939124e-11
7.133333e+01,1.346311e+02,1.228250e+02,9.695036e+01,1.000000e-05,5.846265e-11
7.150000e+01,1.349499e+02,1.231976e+02,9.723067e+01,1.000000e-05,6.260352e-11
7.166667e+01,1.353526e+02,1.234995e+02,9.761295e+01,1.000000e-05,7.912640e-11
7.183333e+01,1.356486e+02,1.237892e+02,9.797912e+01,1.000000e-05,5.813894e-11
7.200000e+01,1.360914e+02,1.240896e+02,9.819817e+01,1.000000e-05,8.708948e-11
7.216667e+01,1.365117e+02,1.244930e+02,9.867835e+01,1.000000e-05,8.286687e-11
7.233333e+01,1.368157e+02,1.248377e+02,9.901166e+01,1.000000e-05,5.992493e-11
7.250000e+01,1.370458e+02,1.250899e+02,9.935825e+01,1.000000e-05,4.538599e-11
7.266667e+01,1.373486e+02,1.255243e+02,9.973238e+01,1.000000e-05,5.973248e-11
7.283333e+01,1.377547e+02,1.258320e+02,1.000622e+02,1.000000e-05,8.026093e-11
7.300000e+01,1.380767e+02,1.261049e+02,1.003052e+02,1.000000e-05,6.373883e-11
7.316667e+01,1.385220e+02,1.265924e+02,1.005762e+02,1.000000e-05,8.835340e-11
7.333333e+01,1.388216e+02,1.268524e+02,1.008748e+02,1.000000e-05,5.944715e-11
7.350000e+01,1.391102e+02,1.273032e+02,1.012009e+02,1.000000e-05,5.721380e-11
7.366667e+01,1.395420e+02,1.276852e+02,1.014977e+02,1.000000e-05,8.557007e-11
7.383333e+01,1.398086e+02,1.280213e+02,1.017232e+02,1.000000e-05,5.277656e-11
7.400000e+01,1.400441e+02,1.283900e+02,1.020326e+02,1.000000e-05,4.646793e-11
7.416667e+01,1.403710e+02,1.286909e+02,1.023689e+02,1.000000e-05,6.430117e-11
7.433333e+01,1.408396e+02,1.289800e+02,1.026903e+02,1.000000e-05,9.201228e-11
7.450000e+01,1.411038e+02,1.293348e+02,1.031079e+02,1.000000e-05,5.172011e-11
7.466667e+01,1.414992e+02,1.296667e+02,1.035376e+02,1.000000e-05,7.719951e-11
7.483333e+01,1.417722e+02,1.302068e+02,1.039105e+02,1.000000e-05,5.316125e-11
7.500000e+01,1.420851e+02,1.304267e+02,1.043095e+02,1.000000e-05,6.079012e-11
7.516667e+01,1.425782e+02,1.307557e+02,1.048027e+02,1.000000e-05,9.578424e-11
7.533333e+01,1.428392e+02,1.309856e+02,1.052255e+02,1.000000e-05,5.063490e-11
7.550000e+01,1.431397e+02,1.313132e+02,1.056195e+02,1.000000e-05,5.829757e-11
7.566667e+01,1.434995e+02,1.315857e+02,1.058769e+02,1.000000e-05,6.988173e-11
7.583333e+01,1.438584e+02,1.319010e+02,1.062146e+02,1.000000e-05,6.982540e-11
7.600000e+01,1.442263e+02,1.323022e+02,1.063763e+02,1.000000e-05,7.164833e-11
7.616667e+01,1.446528e+02,1.325185e+02,1.067795e+02,1.000000e-05,8.316008e-11
7.633333e+01,1.449890e+02,1.329825e+02,1.070608e+02,1.000000e-05,6.551041e-11
7.650000e+01,1.453640e+02,1.333482e+02,1.074081e+02,1.000000e-05,7.302641e-11
7.666667e+01,1.457183e+02,1.337665e+02,1.077676e+02,1.000000e-05,6.895461e-11
7.683333e+01,1.460619e+02,1.340767e+02,1.081391e+02,1.000000e-05,6.681040e-11
7.700000e+01,1.463656e+02,1.343541e+02,1.083508e+02,1.000000e-05,5.896732e-11
7.716667e+01,1.467175e+02,1.348224e+02,1.087467e+02,1.000000e-05,6.828689e-11
7.733333e+01,1.471367e+02,1.352785e+02,1.091280e+02,1.000000e-05,8.128217e-11
7.750000e+01,1.474770e+02,1.355852e+02,1.094426e+02,1.000000e-05,6.591031e-11
7.766667e+01,1.478650e+02,1.359334e+02,1.098085e+02,1.000000e-05,7.510128e-11
7.783333e+01,1.481167e+02,1.362597e+02,1.101861e+02,1.000000e-05,4.862279e-11
7.800000e+01,1.484162e+02,1.366690e+02,1.104847e+02,1.000000e-05,5.778185e-11
7.816667e+01,1.487728e+02,1.368680e+02,1.107825e+02,1.000000e-05,6.876381e-11
7.833333e+01,1.491287e+02,1.372025e+02,1.111697e+02,1.000000e-05,6.851988e-11
7.850000e+01,1.494453e+02,1.375570e+02,1.115170e+02,1.000000e-05,6.089064e-11
7.866667e+01,1.498282e+02,1.377859e+02,1.118761e+02,1.000000e-05,7.360021e-11
7.883333e+01,1.502101e+02,1.382115e+02,1.122978e+02,1.000000e-05,7.341311e-11
7.900000e+01,1.505340e+02,1.385117e+02,1.126290e+02,1.000000e-05,6.224897e-11
7.916667e+01,1.509331e+02,1.389866e+02,1.130859e+02,1.000000e-05,7.675909e-11
7.933333e+01,1.513028e+02,1.394188e+02,1.134526e+02,1.000000e-05,7.116369e-11
7.950000e+01,1.515865e+02,1.397369e+02,1.137300e+02,1.000000e-05,5.468496e-11
7.966667e+01,1.519169e+02,1.400850e+02,1.140821e+02,1.000000e-05,6.376997e-11
7.983333e+01,1.522465e+02,1.403404e+02,1.144207e+02,1.000000e-05,6.371451e-11
