Time,avgI1rd,avgI2rd,avgDrd,Beta,Beff
0.000000e+00,1.692569e+00,0.000000e+00,0.000000e+00,1.000000e-05,0.000000e+00
1.666667e-01,1.692569e+00,0.000000e+00,0.000000e+00,1.000000e-05,0.000000e+00
3.333333e-01,1.692569e+00,0.000000e+00,0.000000e+00,1.000000e-05,0.000000e+00
5.000000e-01,1.692569e+00,0.000000e+00,0.000000e+00,1.000000e-05,0.000000e+00
6.666667e-01,1.692569e+00,0.000000e+00,0.000000e+00,1.000000e-05,0.000000e+00
8.333333e-01,1.692569e+00,0.000000e+00,0.000000e+00,1.000000e-05,0.000000e+00
1.000000e+00,1.692569e+00,0.000000e+00,0.000000e+00,1.000000e-05,0.000000e+00
1.166667e+00,1.692569e+00,0.000000e+00,0.000000e+00,1.000000e-05,0.000000e+00
1.333333e+00,1.692569e+00,0.000000e+00,0.000000e+00,1.000000e-05,0.000000e+00
1.500000e+00,1.692569e+00,1.692569e+00,0.000000e+00,1.000000e-05,0.000000e+00
1.666667e+00,1.692569e+00,1.692569e+00,0.000000e+00,1.000000e-05,0.000000e+00
1.833333e+00,1.692569e+00,1.692569e+00,0.000000e+00,1.000000e-05,0.000000e+00
2.000000e+00,1.692569e+00,1.692569e+00,0.000000e+00,1.000000e-05,0.000000e+00
2.166667e+00,1.692569e+00,1.692569e+00,0.000000e+00,1.000000e-05,0.000000e+00
2.333333e+00,1.692569e+00,1.692569e+00,0.000000e+00,1.000000e-05,0.000000e+00
2.500000e+00,1.692569e+00,1.692569e+00,0.000000e+00,1.000000e-05,0.000000e+00
2.666667e+00,1.692569e+00,1.692569e+00,0.000000e+00,1.000000e-05,0.000000e+00
2.833333e+00,1.692569e+00,1.692569e+00,0.000000e+00,1.000000e-05,0.000000e+00
3.000000e+00,1.692569e+00,1.692569e+00,0.000000e+00,1.000000e-05,0.000000e+00
3.166667e+00,1.692569e+00,1.692569e+00,0.000000e+00,1.000000e-05,0.000000e+00
3.333333e+00,1.692569e+00,1.692569e+00,0.000000e+00,1.000000e-05,0.000000e+00
3.500000e+00,1.692569e+00,1.692569e+00,0.000000e+00,1.000000e-05,0.000000e+00
3.666667e+00,1.692569e+00,1.692569e+00,0.000000e+00,1.000000e-05,0.000000e+00
3.833333e+00,1.692569e+00,1.692569e+00,0.000000e+00,1.000000e-05,0.000000e+00
4.000000e+00,1.692569e+00,1.692569e+00,0.000000e+00,1.000000e-05,0.000000e+00
4.166667e+00,1.692569e+00,1.692569e+00,0.000000e+00,1.000000e-05,0.000000e+00
4.333333e+00,1.692569e+00,1.692569e+00,0.000000e+00,1.000000e-05,0.000000e+00
4.500000e+00,1.692569e+00,1.692569e+00,0.000000e+00,1.000000e-05,0.000000e+00
4.666667e+00,1.692569e+00,1.692569e+00,0.000000e+00,1.000000e-05,0.000000e+00
4.833333e+00,1.692569e+00,1.692569e+00,0.000000e+00,1.000000e-05,0.000000e+00
5.000000e+00,1.692569e+00,1.692569e+00,0.000000e+00,1.000000e-05,0.000000e+00
5.166667e+00,1.692569e+00,1.692569e+00,0.000000e+00,1.000000e-05,0.000000e+00
5.333333e+00,2.393654e+00,1.692569e+00,0.000000e+00,1.000000e-05,2.531102e-05
5.500000e+00,2.393654e+00,1.692569e+00,0.000000e+00,1.000000e-05,0.000000e+00
5.666667e+00,2.393654e+00,1.692569e+00,0.000000e+00,1.000000e-05,0.000000e+00
5.833333e+00,3.385138e+00,1.692569e+00,0.000000e+00,1.000000e-05,2.593914e-05
6.000000e+00,3.784699e+00,1.692569e+00,0.000000e+00,1.000000e-05,1.038309e-05
6.166667e+00,4.145930e+00,1.692569e+00,0.000000e+00,1.000000e-05,8.314679e-06
6.333333e+00,4.478116e+00,1.692569e+00,0.000000e+00,1.000000e-05,6.660462e-06
6.500000e+00,4.787307e+00,1.692569e+00,0.000000e+00,1.000000e-05,5.337438e-06
6.666667e+00,4.787307e+00,1.692569e+00,0.000000e+00,1.000000e-05,0.000000e+00
6.833333e+00,5.077706e+00,1.692569e+00,0.000000e+00,1.000000e-05,3.432754e-06
7.000000e+00,5.352372e+00,1.692569e+00,0.000000e+00,1.000000e-05,2.755779e-06
7.166667e+00,5.352372e+00,1.692569e+00,0.000000e+00,1.000000e-05,0.000000e+00
7.333333e+00,5.352372e+00,1.692569e+00,0.000000e+00,1.000000e-05,0.000000e+00
7.500000e+00,5.863230e+00,1.692569e+00,0.000000e+00,1.000000e-05,2.868979e-06
7.666667e+00,6.102643e+00,1.692569e+00,0.000000e+00,1.000000e-05,1.157239e-06
7.833333e+00,6.555291e+00,1.692569e+00,0.000000e+00,1.000000e-05,1.870841e-06
8.000000e+00,6.978640e+00,1.692569e+00,0.000000e+00,1.000000e-05,1.515764e-06
8.166667e+00,7.377736e+00,2.393654e+00,0.000000e+00,1.000000e-05,1.231484e-06
8.333333e+00,7.377736e+00,2.393654e+00,0.000000e+00,1.000000e-05,0.000000e+00
8.500000e+00,7.938851e+00,2.393654e+00,0.000000e+00,1.000000e-05,1.231883e-06
8.666667e+00,8.117275e+00,2.393654e+00,0.000000e+00,1.000000e-05,3.374288e-07
8.833333e+00,8.117275e+00,2.931615e+00,0.000000e+00,1.000000e-05,0.000000e+00
9.000000e+00,8.291860e+00,3.784699e+00,0.000000e+00,1.000000e-05,2.313818e-07
9.166667e+00,8.630441e+00,3.784699e+00,0.000000e+00,1.000000e-05,3.866155e-07
9.333333e+00,9.270581e+00,4.145930e+00,0.000000e+00,1.000000e-05,6.502096e-07
9.500000e+00,9.574615e+00,4.145930e+00,0.000000e+00,1.000000e-05,2.752648e-07
9.666667e+00,1.029549e+01,4.787307e+00,0.000000e+00,1.000000e-05,5.868618e-07
9.833333e+00,1.057009e+01,5.077706e+00,0.000000e+00,1.000000e-05,2.016617e-07
1.000000e+01,1.109892e+01,5.077706e+00,0.000000e+00,1.000000e-05,3.490866e-07
1.016667e+01,1.135410e+01,5.352372e+00,0.000000e+00,1.000000e-05,1.521946e-07
1.033333e+01,1.147956e+01,5.352372e+00,0.000000e+00,1.000000e-05,6.684110e-08
1.050000e+01,1.184798e+01,5.352372e+00,0.000000e+00,1.000000e-05,1.774102e-07
1.066667e+01,1.232209e+01,5.863230e+00,0.000000e+00,1.000000e-05,2.107391e-07
1.083333e+01,1.266602e+01,6.102643e+00,0.000000e+00,1.000000e-05,1.417393e-07
1.100000e+01,1.289022e+01,6.555291e+00,0.000000e+00,1.000000e-05,8.526731e-08
1.116667e+01,1.364593e+01,6.555291e+00,0.000000e+00,1.000000e-05,2.707635e-07
1.133333e+01,1.395728e+01,6.555291e+00,0.000000e+00,1.000000e-05,1.058584e-07
1.150000e+01,1.436192e+01,6.770275e+00,0.000000e+00,1.000000e-05,1.294457e-07
1.166667e+01,1.494836e+01,6.770275e+00,0.000000e+00,1.000000e-05,1.789683e-07
1.183333e+01,1.542004e+01,7.377736e+00,0.000000e+00,1.000000e-05,1.380922e-07
1.200000e+01,1.560471e+01,7.377736e+00,0.000000e+00,1.000000e-05,5.135786e-08
1.216667e+01,1.578723e+01,7.569398e+00,0.000000e+00,1.000000e-05,4.793837e-08
1.233333e+01,1.614608e+01,7.756324e+00,0.000000e+00,1.000000e-05,8.982651e-08
1.250000e+01,1.675558e+01,8.117275e+00,0.000000e+00,1.000000e-05,1.477877e-07
1.266667e+01,1.684085e+01,8.291860e+00,0.000000e+00,1.000000e-05,1.990585e-08
1.283333e+01,1.726088e+01,8.794845e+00,0.000000e+00,1.000000e-05,9.411897e-08
1.300000e+01,1.742606e+01,8.794845e+00,0.000000e+00,1.000000e-05,3.568868e-08
1.316667e+01,1.758969e+01,9.114762e+00,0.000000e+00,1.000000e-05,3.390859e-08
1.333333e+01,1.775181e+01,9.723067e+00,0.000000e+00,1.000000e-05,3.228439e-08
1.350000e+01,1.815078e+01,9.723067e+00,0.000000e+00,1.000000e-05,7.699498e-08
1.366667e+01,1.830793e+01,9.723067e+00,0.000000e+00,1.000000e-05,2.941635e-08
1.383333e+01,1.869503e+01,1.001337e+01,0.000000e+00,1.000000e-05,7.034755e-08
1.400000e+01,1.877150e+01,1.029549e+01,0.000000e+00,1.000000e-05,1.347246e-08
1.416667e+01,1.884765e+01,1.057009e+01,0.000000e+00,1.000000e-05,1.290839e-08
1.433333e+01,1.951966e+01,1.122723e+01,0.000000e+00,1.000000e-05,1.114238e-07
1.450000e+01,1.966587e+01,1.147956e+01,0.000000e+00,1.000000e-05,2.375410e-08
1.466667e+01,1.995509e+01,1.147956e+01,0.000000e+00,1.000000e-05,4.553309e-08
1.483333e+01,2.009814e+01,1.160367e+01,0.000000e+00,1.000000e-05,2.181910e-08
1.500000e+01,2.009814e+01,1.160367e+01,0.000000e+00,1.000000e-05,0.000000e+00
1.516667e+01,2.038123e+01,1.184798e+01,0.000000e+00,1.000000e-05,4.006243e-08
1.533333e+01,2.052131e+01,1.208736e+01,0.000000e+00,1.000000e-05,1.918113e-08
1.550000e+01,2.079863e+01,1.255243e+01,0.000000e+00,1.000000e-05,3.671279e-08
1.566667e+01,2.100423e+01,1.300087e+01,0.000000e+00,1.000000e-05,2.632856e-08
1.583333e+01,2.140949e+01,1.321938e+01,0.000000e+00,1.000000e-05,5.030265e-08
1.600000e+01,2.154288e+01,1.343435e+01,0.000000e+00,1.000000e-05,1.597971e-08
1.616667e+01,2.193820e+01,1.385427e+01,0.000000e+00,1.000000e-05,4.563744e-08
1.633333e+01,2.226227e+01,1.395728e+01,0.000000e+00,1.000000e-05,3.615686e-08
1.650000e+01,2.239058e+01,1.456003e+01,0.000000e+00,1.000000e-05,1.372904e-08
1.666667e+01,2.264503e+01,1.494836e+01,0.000000e+00,1.000000e-05,2.600460e-08
1.683333e+01,2.277118e+01,1.504388e+01,0.000000e+00,1.000000e-05,1.229454e-08
1.700000e+01,2.320733e+01,1.542004e+01,0.000000e+00,1.000000e-05,4.012702e-08
1.716667e+01,2.345292e+01,1.551265e+01,0.000000e+00,1.000000e-05,2.137154e-08
1.733333e+01,2.369596e+01,1.578723e+01,0.000000e+00,1.000000e-05,1.990616e-08
1.750000e+01,2.399630e+01,1.605712e+01,0.000000e+00,1.000000e-05,2.317326e-08
1.766667e+01,2.411539e+01,1.614608e+01,0.000000e+00,1.000000e-05,8.622132e-09
1.783333e+01,2.452765e+01,1.614608e+01,0.000000e+00,1.000000e-05,2.806120e-08
1.800000e+01,2.458598e+01,1.641006e+01,0.000000e+00,1.000000e-05,3.725617e-09
1.816667e+01,2.481793e+01,1.684085e+01,0.000000e+00,1.000000e-05,1.384702e-08
1.833333e+01,2.510485e+01,1.701011e+01,0.000000e+00,1.000000e-05,1.604933e-08
1.850000e+01,2.527544e+01,1.750807e+01,0.000000e+00,1.000000e-05,8.908297e-09
1.866667e+01,2.538853e+01,1.783232e+01,0.000000e+00,1.000000e-05,5.492692e-09
1.883333e+01,2.583594e+01,1.783232e+01,0.000000e+00,1.000000e-05,2.028731e-08
1.900000e+01,2.611168e+01,1.799225e+01,0.000000e+00,1.000000e-05,1.170923e-08
1.916667e+01,2.643877e+01,1.815078e+01,0.000000e+00,1.000000e-05,1.298315e-08
1.933333e+01,2.665460e+01,1.830793e+01,0.000000e+00,1.000000e-05,8.001769e-09
1.950000e+01,2.686870e+01,1.854116e+01,0.000000e+00,1.000000e-05,7.364442e-09
1.966667e+01,2.723932e+01,1.869503e+01,0.000000e+00,1.000000e-05,1.188294e-08
1.983333e+01,2.755302e+01,1.884765e+01,0.000000e+00,1.000000e-05,9.404744e-09
2.000000e+01,2.781174e+01,1.907428e+01,0.000000e+00,1.000000e-05,7.248090e-09
2.016667e+01,2.837262e+01,1.922389e+01,0.000000e+00,1.000000e-05,1.477368e-08
2.033333e+01,2.857385e+01,1.937233e+01,0.000000e+00,1.000000e-05,4.983932e-09
2.050000e+01,2.882341e+01,1.966587e+01,0.000000e+00,1.000000e-05,5.788755e-09
2.066667e+01,2.912005e+01,2.002674e+01,0.000000e+00,1.000000e-05,6.462739e-09
2.083333e+01,2.946237e+01,2.038123e+01,0.000000e+00,1.000000e-05,7.026446e-09
2.100000e+01,2.994460e+01,2.079863e+01,0.000000e+00,1.000000e-05,9.370484e-09
2.116667e+01,3.037206e+01,2.079863e+01,0.000000e+00,1.000000e-05,7.874046e-09
2.133333e+01,3.065372e+01,2.086739e+01,0.000000e+00,1.000000e-05,4.904456e-09
2.150000e+01,3.097909e+01,2.120783e+01,0.000000e+00,1.000000e-05,5.356992e-09
2.166667e+01,3.107143e+01,2.147629e+01,0.000000e+00,1.000000e-05,1.435554e-09
2.183333e+01,3.161979e+01,2.180722e+01,0.000000e+00,1.000000e-05,8.071576e-09
2.200000e+01,3.215881e+01,2.219783e+01,0.000000e+00,1.000000e-05,7.582202e-09
2.216667e+01,3.246910e+01,2.251816e+01,0.000000e+00,1.000000e-05,4.163586e-09
2.233333e+01,3.286374e+01,2.302142e+01,0.000000e+00,1.000000e-05,5.048676e-09
2.250000e+01,3.312422e+01,2.314553e+01,0.000000e+00,1.000000e-05,3.178159e-09
2.266667e+01,3.351115e+01,2.326897e+01,0.000000e+00,1.000000e-05,4.511163e-09
2.283333e+01,3.368169e+01,2.345292e+01,0.000000e+00,1.000000e-05,1.900211e-09
2.300000e+01,3.402021e+01,2.387662e+01,0.000000e+00,1.000000e-05,3.609234e-09
2.316667e+01,3.435539e+01,2.446918e+01,0.000000e+00,1.000000e-05,3.433770e-09
2.333333e+01,3.448025e+01,2.476015e+01,0.000000e+00,1.000000e-05,1.224464e-09
2.350000e+01,3.476983e+01,2.504773e+01,0.000000e+00,1.000000e-05,2.714989e-09
2.366667e+01,3.513864e+01,2.533205e+01,0.000000e+00,1.000000e-05,3.324514e-09
2.383333e+01,3.542284e+01,2.572482e+01,0.000000e+00,1.000000e-05,2.463786e-09
2.400000e+01,3.582493e+01,2.616648e+01,0.000000e+00,1.000000e-05,3.354863e-09
2.416667e+01,3.622255e+01,2.654690e+01,0.000000e+00,1.000000e-05,3.202565e-09
2.433333e+01,3.661586e+01,2.692195e+01,0.000000e+00,1.000000e-05,3.061764e-09
2.450000e+01,3.700499e+01,2.729185e+01,0.000000e+00,1.000000e-05,2.931829e-09
2.466667e+01,3.731337e+01,2.760496e+01,0.000000e+00,1.000000e-05,2.245937e-09
2.483333e+01,3.742836e+01,2.786320e+01,0.000000e+00,1.000000e-05,8.073865e-10
2.500000e+01,3.788482e+01,2.822076e+01,0.000000e+00,1.000000e-05,3.102867e-09
2.516667e+01,3.829846e+01,2.852368e+01,0.000000e+00,1.000000e-05,2.736994e-09
2.533333e+01,3.855938e+01,2.892263e+01,0.000000e+00,1.000000e-05,1.674368e-09
2.550000e+01,3.878162e+01,2.912005e+01,0.000000e+00,1.000000e-05,1.381881e-09
2.566667e+01,3.907598e+01,2.941371e+01,0.000000e+00,1.000000e-05,1.777062e-09
2.583333e+01,3.944085e+01,2.980075e+01,0.000000e+00,1.000000e-05,2.144517e-09
2.600000e+01,3.980237e+01,3.013533e+01,0.000000e+00,1.000000e-05,2.073383e-09
2.616667e+01,3.998190e+01,3.046624e+01,0.000000e+00,1.000000e-05,1.002500e-09
2.633333e+01,4.033857e+01,3.079359e+01,0.000000e+00,1.000000e-05,1.940007e-09
2.650000e+01,4.072730e+01,3.093282e+01,0.000000e+00,1.000000e-05,2.067681e-09
2.666667e+01,4.104261e+01,3.130108e+01,0.000000e+00,1.000000e-05,1.641114e-09
2.683333e+01,4.121674e+01,3.161979e+01,0.000000e+00,1.000000e-05,8.853693e-10
2.700000e+01,4.149383e+01,3.180048e+01,0.000000e+00,1.000000e-05,1.377269e-09
2.716667e+01,4.163169e+01,3.220332e+01,0.000000e+00,1.000000e-05,6.700664e-10
2.733333e+01,4.217860e+01,3.251318e+01,0.000000e+00,1.000000e-05,2.611594e-09
2.750000e+01,4.271850e+01,3.273272e+01,0.000000e+00,1.000000e-05,2.546907e-09
2.766667e+01,4.298592e+01,3.308095e+01,0.000000e+00,1.000000e-05,1.242375e-09
2.783333e+01,4.331786e+01,3.342555e+01,0.000000e+00,1.000000e-05,1.516345e-09
2.800000e+01,4.351581e+01,3.380903e+01,0.000000e+00,1.000000e-05,8.880687e-10
2.816667e+01,4.384374e+01,3.414629e+01,0.000000e+00,1.000000e-05,1.446001e-09
2.833333e+01,4.407184e+01,3.456323e+01,0.000000e+00,1.000000e-05,9.885550e-10
2.850000e+01,4.446014e+01,3.501613e+01,0.000000e+00,1.000000e-05,1.655099e-09
2.866667e+01,4.471714e+01,3.546325e+01,0.000000e+00,1.000000e-05,1.077444e-09
2.883333e+01,4.519507e+01,3.586489e+01,1.692569e+00,1.000000e-05,1.974497e-09
2.900000e+01,4.535326e+01,3.602429e+01,1.692569e+00,1.000000e-05,6.431540e-10
2.916667e+01,4.560523e+01,3.626208e+01,1.692569e+00,1.000000e-05,1.007199e-09
2.933333e+01,4.576200e+01,3.665496e+01,1.692569e+00,1.000000e-05,6.163918e-10
2.950000e+01,4.619814e+01,3.684983e+01,1.692569e+00,1.000000e-05,1.691025e-09
2.966667e+01,4.656872e+01,3.731337e+01,1.692569e+00,1.000000e-05,1.420693e-09
2.983333e+01,4.681414e+01,3.765728e+01,1.692569e+00,1.000000e-05,9.284931e-10
3.000000e+01,4.693637e+01,3.788482e+01,2.393654e+00,1.000000e-05,4.550237e-10
3.016667e+01,4.730116e+01,3.814856e+01,2.393654e+00,1.000000e-05,1.337495e-09
3.033333e+01,4.763311e+01,3.844777e+01,2.393654e+00,1.000000e-05,1.202468e-09
3.050000e+01,4.814161e+01,3.863360e+01,2.931615e+00,1.000000e-05,1.822355e-09
3.066667e+01,4.829015e+01,3.907598e+01,2.931615e+00,1.000000e-05,5.252672e-10
3.083333e+01,4.861534e+01,3.925884e+01,2.931615e+00,1.000000e-05,1.133714e-09
3.100000e+01,4.882115e+01,3.958585e+01,2.931615e+00,1.000000e-05,7.078495e-10
3.116667e+01,4.917196e+01,3.991018e+01,2.931615e+00,1.000000e-05,1.191082e-09
3.133333e+01,4.949136e+01,4.012495e+01,2.931615e+00,1.000000e-05,1.071280e-09
3.150000e+01,4.983746e+01,4.058637e+01,2.931615e+00,1.000000e-05,1.146919e-09
3.166667e+01,5.015261e+01,4.086774e+01,2.931615e+00,1.000000e-05,1.032009e-09
3.183333e+01,5.055088e+01,4.128619e+01,2.931615e+00,1.000000e-05,1.289331e-09
3.200000e+01,5.088978e+01,4.159727e+01,2.931615e+00,1.000000e-05,1.084983e-09
3.216667e+01,5.136605e+01,4.187184e+01,2.931615e+00,1.000000e-05,1.506824e-09
3.233333e+01,5.169959e+01,4.211062e+01,2.931615e+00,1.000000e-05,1.042881e-09
3.250000e+01,5.203101e+01,4.231422e+01,2.931615e+00,1.000000e-05,1.022703e-09
3.266667e+01,5.233296e+01,4.268496e+01,2.931615e+00,1.000000e-05,9.195957e-10
3.283333e+01,5.260595e+01,4.281898e+01,2.931615e+00,1.000000e-05,8.202765e-10
3.300000e+01,5.309381e+01,4.301922e+01,2.931615e+00,1.000000e-05,1.449049e-09
3.316667e+01,5.325543e+01,4.328478e+01,2.931615e+00,1.000000e-05,4.738212e-10
3.333333e+01,5.352372e+01,4.371286e+01,2.931615e+00,1.000000e-05,7.750076e-10
3.350000e+01,5.389709e+01,4.407184e+01,2.931615e+00,1.000000e-05,1.065200e-09
3.366667e+01,5.413575e+01,4.436339e+01,3.385138e+00,1.000000e-05,6.719604e-10
3.383333e+01,5.437336e+01,4.458883e+01,3.385138e+00,1.000000e-05,6.592395e-10
3.400000e+01,5.479324e+01,4.522675e+01,3.385138e+00,1.000000e-05,1.150801e-09
3.416667e+01,5.497593e+01,4.538484e+01,3.385138e+00,1.000000e-05,4.943660e-10
3.433333e+01,5.518397e+01,4.563663e+01,3.385138e+00,1.000000e-05,5.548353e-10
3.450000e+01,5.559773e+01,4.613608e+01,3.385138e+00,1.000000e-05,1.090364e-09
3.466667e+01,5.611063e+01,4.647635e+01,3.385138e+00,1.000000e-05,1.339596e-09
3.483333e+01,5.659359e+01,4.678353e+01,3.385138e+00,1.000000e-05,1.249833e-09
3.500000e+01,5.689650e+01,4.711912e+01,3.784699e+00,1.000000e-05,7.752089e-10
3.516667e+01,5.707245e+01,4.745234e+01,3.784699e+00,1.000000e-05,4.437235e-10
3.533333e+01,5.737284e+01,4.781319e+01,3.784699e+00,1.000000e-05,7.470741e-10
3.550000e+01,5.769649e+01,4.811184e+01,3.784699e+00,1.000000e-05,7.948659e-10
3.566667e+01,5.806769e+01,4.840865e+01,3.784699e+00,1.000000e-05,9.009651e-10
3.583333e+01,5.824011e+01,4.876243e+01,3.784699e+00,1.000000e-05,4.127921e-10
3.600000e+01,5.836295e+01,4.896763e+01,3.784699e+00,1.000000e-05,2.895392e-10
3.616667e+01,5.870555e+01,4.931740e+01,4.145930e+00,1.000000e-05,7.963801e-10
3.633333e+01,5.911888e+01,4.972236e+01,4.145930e+00,1.000000e-05,9.499147e-10
3.650000e+01,5.960150e+01,5.015261e+01,4.145930e+00,1.000000e-05,1.098535e-09
3.666667e+01,5.979345e+01,5.035214e+01,4.145930e+00,1.000000e-05,4.318621e-10
3.683333e+01,6.005638e+01,5.072061e+01,4.145930e+00,1.000000e-05,5.834688e-10
3.700000e+01,6.029442e+01,5.103032e+01,4.145930e+00,1.000000e-05,5.212393e-10
3.716667e+01,6.067334e+01,5.158865e+01,4.145930e+00,1.000000e-05,8.197523e-10
3.733333e+01,6.104990e+01,5.178265e+01,4.145930e+00,1.000000e-05,8.060455e-10
3.750000e+01,6.135416e+01,5.200347e+01,4.145930e+00,1.000000e-05,6.441072e-10
3.766667e+01,6.161043e+01,5.225078e+01,4.145930e+00,1.000000e-05,5.360383e-10
3.783333e+01,6.191193e+01,5.263317e+01,4.145930e+00,1.000000e-05,6.230826e-10
3.800000e+01,6.223500e+01,5.303982e+01,4.478116e+00,1.000000e-05,6.599166e-10
3.816667e+01,6.255639e+01,5.333606e+01,4.787307e+00,1.000000e-05,6.488260e-10
3.833333e+01,6.289892e+01,5.368405e+01,4.787307e+00,1.000000e-05,6.838869e-10
3.850000e+01,6.321693e+01,5.395021e+01,4.787307e+00,1.000000e-05,6.283224e-10
3.866667e+01,6.369098e+01,5.429427e+01,4.787307e+00,1.000000e-05,9.280495e-10
3.883333e+01,6.393789e+01,5.471476e+01,5.077706e+00,1.000000e-05,4.785981e-10
3.900000e+01,6.411686e+01,5.505403e+01,5.077706e+00,1.000000e-05,3.426497e-10
3.916667e+01,6.447332e+01,5.533949e+01,5.352372e+00,1.000000e-05,6.751759e-10
3.933333e+01,6.484991e+01,5.557196e+01,5.613615e+00,1.000000e-05,7.069027e-10
3.950000e+01,6.524628e+01,5.577778e+01,5.613615e+00,1.000000e-05,7.377056e-10
3.966667e+01,6.561843e+01,5.603400e+01,5.613615e+00,1.000000e-05,6.868499e-10
3.983333e+01,6.601018e+01,5.628905e+01,5.613615e+00,1.000000e-05,7.170826e-10
4.000000e+01,6.631328e+01,5.656827e+01,5.613615e+00,1.000000e-05,5.498368e-10
4.016667e+01,6.676535e+01,5.684613e+01,5.613615e+00,1.000000e-05,8.133487e-10
4.033333e+01,6.700093e+01,5.719781e+01,5.613615e+00,1.000000e-05,4.200836e-10
4.050000e+01,6.734212e+01,5.752244e+01,5.613615e+00,1.000000e-05,6.027234e-10
4.066667e+01,6.763925e+01,5.799364e+01,5.613615e+00,1.000000e-05,5.200381e-10
4.083333e+01,6.797724e+01,5.828928e+01,5.863230e+00,1.000000e-05,5.862426e-10
4.100000e+01,6.829258e+01,5.870555e+01,6.102643e+00,1.000000e-05,5.420247e-10
4.116667e+01,6.875247e+01,5.902189e+01,6.102643e+00,1.000000e-05,7.844977e-10
4.133333e+01,6.904353e+01,5.928825e+01,6.102643e+00,1.000000e-05,4.925534e-10
4.150000e+01,6.920930e+01,5.957746e+01,6.102643e+00,1.000000e-05,2.776497e-10
4.166667e+01,6.945721e+01,5.991311e+01,6.333012e+00,1.000000e-05,4.109920e-10
4.183333e+01,6.974533e+01,6.017552e+01,6.333012e+00,1.000000e-05,4.732132e-10
4.200000e+01,7.013446e+01,6.055518e+01,6.555291e+00,1.000000e-05,6.340650e-10
4.216667e+01,7.041981e+01,6.086191e+01,6.770275e+00,1.000000e-05,4.612505e-10
4.233333e+01,7.064320e+01,6.114368e+01,6.770275e+00,1.000000e-05,3.578122e-10
4.250000e+01,7.082546e+01,6.158718e+01,6.770275e+00,1.000000e-05,2.891318e-10
4.266667e+01,7.114831e+01,6.177296e+01,6.978640e+00,1.000000e-05,5.078130e-10
4.283333e+01,7.158986e+01,6.198130e+01,6.978640e+00,1.000000e-05,6.900616e-10
4.300000e+01,7.190928e+01,6.237294e+01,6.978640e+00,1.000000e-05,4.960449e-10
4.316667e+01,7.214791e+01,6.271647e+01,7.180961e+00,1.000000e-05,3.677107e-10
4.333333e+01,7.246488e+01,6.294444e+01,7.180961e+00,1.000000e-05,4.846344e-10
4.350000e+01,7.274108e+01,6.305812e+01,7.377736e+00,1.000000e-05,4.192539e-10
4.366667e+01,7.293773e+01,6.344311e+01,7.377736e+00,1.000000e-05,2.960688e-10
4.383333e+01,7.315344e+01,6.375842e+01,7.756324e+00,1.000000e-05,3.220699e-10
4.400000e+01,7.342706e+01,6.404981e+01,7.938851e+00,1.000000e-05,4.053612e-10
4.416667e+01,7.373852e+01,6.431761e+01,7.938851e+00,1.000000e-05,4.583310e-10
4.433333e+01,7.404867e+01,6.453993e+01,7.938851e+00,1.000000e-05,4.534078e-10
4.450000e+01,7.437679e+01,6.478361e+01,8.117275e+00,1.000000e-05,4.765920e-10
4.466667e+01,7.462674e+01,6.498230e+01,8.117275e+00,1.000000e-05,3.604848e-10
4.483333e+01,7.497143e+01,6.524628e+01,8.117275e+00,1.000000e-05,4.939020e-10
4.500000e+01,7.533357e+01,6.561843e+01,8.117275e+00,1.000000e-05,5.159666e-10
4.516667e+01,7.563718e+01,6.590159e+01,8.117275e+00,1.000000e-05,4.299994e-10
4.533333e+01,7.597730e+01,6.620519e+01,8.117275e+00,1.000000e-05,4.787669e-10
4.550000e+01,7.633466e+01,6.637805e+01,8.117275e+00,1.000000e-05,5.001923e-10
4.566667e+01,7.667168e+01,6.670095e+01,8.117275e+00,1.000000e-05,4.689711e-10
4.583333e+01,7.683964e+01,6.717174e+01,8.117275e+00,1.000000e-05,2.320193e-10
4.600000e+01,7.721157e+01,6.744839e+01,8.117275e+00,1.000000e-05,5.104710e-10
4.616667e+01,7.750782e+01,6.761807e+01,8.462844e+00,1.000000e-05,4.042795e-10
4.633333e+01,7.782136e+01,6.789290e+01,8.462844e+00,1.000000e-05,4.251989e-10
4.650000e+01,7.804192e+01,6.820863e+01,8.462844e+00,1.000000e-05,2.971012e-10
4.666667e+01,7.848118e+01,6.848109e+01,8.462844e+00,1.000000e-05,5.884729e-10
4.683333e+01,7.879085e+01,6.875247e+01,8.462844e+00,1.000000e-05,4.126792e-10
4.700000e+01,7.899057e+01,6.904353e+01,8.630441e+00,1.000000e-05,2.642751e-10
4.716667e+01,7.938851e+01,6.933337e+01,8.794845e+00,1.000000e-05,5.233002e-10
4.733333e+01,7.969465e+01,6.962200e+01,8.794845e+00,1.000000e-05,4.004024e-10
4.750000e+01,8.008909e+01,6.984795e+01,8.956232e+00,1.000000e-05,5.132559e-10
4.766667e+01,8.041038e+01,7.021611e+01,8.956232e+00,1.000000e-05,4.158799e-10
4.783333e+01,8.073038e+01,7.064320e+01,9.114762e+00,1.000000e-05,4.118857e-10
4.800000e+01,8.115510e+01,7.094670e+01,9.114762e+00,1.000000e-05,5.439740e-10
4.816667e+01,8.163026e+01,7.120868e+01,9.270581e+00,1.000000e-05,6.063265e-10
4.833333e+01,8.191054e+01,7.134935e+01,9.574615e+00,1.000000e-05,3.558396e-10
4.850000e+01,8.225954e+01,7.168983e+01,9.723067e+00,1.000000e-05,4.406853e-10
4.866667e+01,8.258972e+01,7.188935e+01,9.723067e+00,1.000000e-05,4.149163e-10
4.883333e+01,8.297040e+01,7.224711e+01,9.869287e+00,1.000000e-05,4.761048e-10
4.900000e+01,8.324617e+01,7.254390e+01,1.015541e+01,1.000000e-05,3.430691e-10
4.916667e+01,8.352102e+01,7.285914e+01,1.029549e+01,1.000000e-05,3.399185e-10
4.933333e+01,8.372657e+01,7.311427e+01,1.029549e+01,1.000000e-05,2.526112e-10
4.950000e+01,8.408507e+01,7.344656e+01,1.029549e+01,1.000000e-05,4.380611e-10
4.966667e+01,8.445901e+01,7.377736e+01,1.043369e+01,1.000000e-05,4.547163e-10
4.983333e+01,8.481442e+01,7.406802e+01,1.070474e+01,1.000000e-05,4.299102e-10
5.000000e+01,8.511787e+01,7.441530e+01,1.083773e+01,1.000000e-05,3.649534e-10
5.016667e+01,8.548729e+01,7.476097e+01,1.122723e+01,1.000000e-05,4.418971e-10
5.033333e+01,8.583844e+01,7.508598e+01,1.122723e+01,1.000000e-05,4.179362e-10
5.050000e+01,8.617153e+01,7.527651e+01,1.122723e+01,1.000000e-05,3.944773e-10
5.066667e+01,8.650335e+01,7.559930e+01,1.122723e+01,1.000000e-05,3.909796e-10
5.083333e+01,8.686688e+01,7.582632e+01,1.122723e+01,1.000000e-05,4.262078e-10
5.100000e+01,8.726173e+01,7.620320e+01,1.122723e+01,1.000000e-05,4.607622e-10
5.116667e+01,8.760576e+01,7.650336e+01,1.135410e+01,1.000000e-05,3.994808e-10
5.133333e+01,8.786698e+01,7.704442e+01,1.135410e+01,1.000000e-05,3.015170e-10
5.150000e+01,8.812742e+01,7.728574e+01,1.147956e+01,1.000000e-05,2.987081e-10
5.166667e+01,8.841951e+01,7.756324e+01,1.160367e+01,1.000000e-05,3.329499e-10
5.183333e+01,8.867833e+01,7.789495e+01,1.172646e+01,1.000000e-05,2.932294e-10
5.200000e+01,8.895250e+01,7.818862e+01,1.172646e+01,1.000000e-05,3.087573e-10
5.216667e+01,8.914552e+01,7.853592e+01,1.220529e+01,1.000000e-05,2.159938e-10
5.233333e+01,8.953033e+01,7.884537e+01,1.266602e+01,1.000000e-05,4.283596e-10
5.250000e+01,8.981785e+01,7.906307e+01,1.266602e+01,1.000000e-05,3.185815e-10
5.266667e+01,9.026328e+01,7.947867e+01,1.266602e+01,1.000000e-05,4.917858e-10
5.283333e+01,9.065914e+01,7.985625e+01,1.300087e+01,1.000000e-05,4.357145e-10
5.300000e+01,9.106901e+01,8.023204e+01,1.321938e+01,1.000000e-05,4.496697e-10
5.316667e+01,9.138304e+01,8.058832e+01,1.332730e+01,1.000000e-05,3.432444e-10
5.333333e+01,9.164912e+01,8.088991e+01,1.364593e+01,1.000000e-05,2.895063e-10
5.350000e+01,9.188326e+01,8.113745e+01,1.364593e+01,1.000000e-05,2.534461e-10
5.366667e+01,9.221005e+01,8.136662e+01,1.364593e+01,1.000000e-05,3.522383e-10
5.383333e+01,9.250473e+01,8.159516e+01,1.364593e+01,1.000000e-05,3.163584e-10
5.400000e+01,9.276759e+01,8.185806e+01,1.364593e+01,1.000000e-05,2.809232e-10
5.416667e+01,9.306050e+01,8.210267e+01,1.375049e+01,1.000000e-05,3.116522e-10
5.433333e+01,9.326038e+01,8.234656e+01,1.405953e+01,1.000000e-05,2.116200e-10
5.450000e+01,9.358237e+01,8.260707e+01,1.416105e+01,1.000000e-05,3.394428e-10
5.466667e+01,9.400997e+01,8.288404e+01,1.426184e+01,1.000000e-05,4.496583e-10
5.483333e+01,9.443563e+01,8.326337e+01,1.426184e+01,1.000000e-05,4.467879e-10
5.500000e+01,9.485938e+01,8.348671e+01,1.426184e+01,1.000000e-05,4.439680e-10
5.516667e+01,9.508561e+01,8.391455e+01,1.436192e+01,1.000000e-05,2.361828e-10
5.533333e+01,9.535639e+01,8.418722e+01,1.465808e+01,1.000000e-05,2.815033e-10
5.550000e+01,9.567132e+01,8.454377e+01,1.465808e+01,1.000000e-05,3.262587e-10
5.566667e+01,9.600014e+01,8.479753e+01,1.475547e+01,1.000000e-05,3.396051e-10
5.583333e+01,9.628321e+01,8.513469e+01,1.494836e+01,1.000000e-05,2.913667e-10
5.600000e+01,9.665442e+01,8.548729e+01,1.504388e+01,1.000000e-05,3.809800e-10
5.616667e+01,9.709799e+01,8.593850e+01,1.513880e+01,1.000000e-05,4.544038e-10
5.633333e+01,9.728958e+01,8.615491e+01,1.532686e+01,1.000000e-05,1.955654e-10
5.650000e+01,9.751018e+01,8.647022e+01,1.532686e+01,1.000000e-05,2.240901e-10
5.666667e+01,9.786209e+01,8.680089e+01,1.542004e+01,1.000000e-05,3.562102e-10
5.683333e+01,9.803758e+01,8.717961e+01,1.569624e+01,1.000000e-05,1.768565e-10
5.700000e+01,9.840217e+01,8.760576e+01,1.587770e+01,1.000000e-05,3.660664e-10
5.716667e+01,9.872189e+01,8.786698e+01,1.596766e+01,1.000000e-05,3.200730e-10
5.733333e+01,9.904058e+01,8.822489e+01,1.605712e+01,1.000000e-05,3.180598e-10
5.750000e+01,9.935825e+01,8.853283e+01,1.623455e+01,1.000000e-05,3.160778e-10
5.766667e+01,9.973238e+01,8.892029e+01,1.623455e+01,1.000000e-05,3.713132e-10
5.783333e+01,1.000049e+02,8.917766e+01,1.632254e+01,1.000000e-05,2.696953e-10
5.800000e+01,1.003766e+02,8.943428e+01,1.632254e+01,1.000000e-05,3.668760e-10
5.816667e+01,1.006616e+02,8.969017e+01,1.641006e+01,1.000000e-05,2.804816e-10
5.833333e+01,1.009458e+02,9.004084e+01,1.641006e+01,1.000000e-05,2.787619e-10
5.850000e+01,1.011443e+02,9.048517e+01,1.658372e+01,1.000000e-05,1.938907e-10
5.866667e+01,1.013706e+02,9.076967e+01,1.666987e+01,1.000000e-05,2.201508e-10
5.883333e+01,1.017232e+02,9.105328e+01,1.666987e+01,1.000000e-05,3.418873e-10
5.900000e+01,1.019202e+02,9.138304e+01,1.675558e+01,1.000000e-05,1.902095e-10
5.916667e+01,1.021728e+02,9.160222e+01,1.675558e+01,1.000000e-05,2.430055e-10
5.933333e+01,1.024948e+02,9.185207e+01,1.675558e+01,1.000000e-05,3.085803e-10
5.950000e+01,1.028714e+02,9.214789e+01,1.684085e+01,1.000000e-05,3.600734e-10
5.966667e+01,1.031773e+02,9.241177e+01,1.692569e+01,1.000000e-05,2.915823e-10
5.983333e+01,1.034961e+02,9.256665e+01,1.709411e+01,1.000000e-05,3.029986e-10
6.000000e+01,1.039794e+02,9.295270e+01,1.734367e+01,1.000000e-05,4.584877e-10
6.016667e+01,1.042545e+02,9.330645e+01,1.742606e+01,1.000000e-05,2.603809e-10
6.033333e+01,1.046522e+02,9.361298e+01,1.750807e+01,1.000000e-05,3.753730e-10
6.050000e+01,1.050620e+02,9.393375e+01,1.783232e+01,1.000000e-05,3.860882e-10
6.066667e+01,1.052800e+02,9.432939e+01,1.799225e+01,1.000000e-05,2.046171e-10
6.083333e+01,1.056331e+02,9.478385e+01,1.799225e+01,1.000000e-05,3.306054e-10
6.100000e+01,1.058904e+02,9.516091e+01,1.815078e+01,1.000000e-05,2.401471e-10
6.116667e+01,1.063089e+02,9.553647e+01,1.815078e+01,1.000000e-05,3.895268e-10
6.133333e+01,1.066990e+02,9.586576e+01,1.815078e+01,1.000000e-05,3.622792e-10
6.150000e+01,1.071010e+02,9.617902e+01,1.822952e+01,1.000000e-05,3.725174e-10
6.166667e+01,1.074215e+02,9.644672e+01,1.838600e+01,1.000000e-05,2.960918e-10
6.183333e+01,1.077277e+02,9.680250e+01,1.854116e+01,1.000000e-05,2.819074e-10
6.200000e+01,1.080596e+02,9.715698e+01,1.854116e+01,1.000000e-05,3.044915e-10
6.216667e+01,1.082450e+02,9.745140e+01,1.869503e+01,1.000000e-05,1.693728e-10
6.233333e+01,1.085622e+02,9.767163e+01,1.877150e+01,1.000000e-05,2.885409e-10
6.250000e+01,1.088784e+02,9.805219e+01,1.884765e+01,1.000000e-05,2.867676e-10
6.266667e+01,1.091674e+02,9.834392e+01,1.914923e+01,1.000000e-05,2.612487e-10
6.283333e+01,1.094295e+02,9.875091e+01,1.922389e+01,1.000000e-05,2.359858e-10
6.300000e+01,1.097432e+02,9.905505e+01,1.929825e+01,1.000000e-05,2.814801e-10
6.316667e+01,1.101211e+02,9.931500e+01,1.944613e+01,1.000000e-05,3.381417e-10
6.333333e+01,1.104588e+02,9.957427e+01,1.981101e+01,1.000000e-05,3.013567e-10
6.350000e+01,1.108471e+02,9.990458e+01,2.016928e+01,1.000000e-05,3.457561e-10
6.366667e+01,1.110795e+02,1.001766e+02,2.024018e+01,1.000000e-05,2.062357e-10
6.383333e+01,1.113628e+02,1.004907e+02,2.038123e+01,1.000000e-05,2.506411e-10
6.400000e+01,1.117095e+02,1.007043e+02,2.045139e+01,1.000000e-05,3.058953e-10
6.416667e+01,1.118761e+02,1.009884e+02,2.052131e+01,1.000000e-05,1.463897e-10
6.433333e+01,1.121957e+02,1.013282e+02,2.059099e+01,1.000000e-05,2.799678e-10
6.450000e+01,1.126035e+02,1.017514e+02,2.086739e+01,1.000000e-05,3.564869e-10
6.466667e+01,1.130606e+02,1.019904e+02,2.093592e+01,1.000000e-05,3.990288e-10
6.483333e+01,1.133642e+02,1.022989e+02,2.114018e+01,1.000000e-05,2.645638e-10
6.500000e+01,1.136797e+02,1.026903e+02,2.134248e+01,1.000000e-05,2.741003e-10
6.516667e+01,1.139439e+02,1.029828e+02,2.154288e+01,1.000000e-05,2.289775e-10
6.533333e+01,1.142703e+02,1.033992e+02,2.167546e+01,1.000000e-05,2.819995e-10
6.550000e+01,1.146083e+02,1.036344e+02,2.200339e+01,1.000000e-05,2.913403e-10
6.566667e+01,1.149328e+02,1.040069e+02,2.219783e+01,1.000000e-05,2.790906e-10
6.583333e+01,1.153061e+02,1.042133e+02,2.239058e+01,1.000000e-05,3.204635e-10
6.600000e+01,1.155170e+02,1.045564e+02,2.239058e+01,1.000000e-05,1.806222e-10
6.616667e+01,1.158390e+02,1.048437e+02,2.245446e+01,1.000000e-05,2.748863e-10
6.633333e+01,1.162340e+02,1.051983e+02,2.258168e+01,1.000000e-05,3.367183e-10
6.650000e+01,1.164925e+02,1.054974e+02,2.277118e+01,1.000000e-05,2.198116e-10
6.666667e+01,1.168486e+02,1.058634e+02,2.289665e+01,1.000000e-05,3.020636e-10
6.683333e+01,1.171424e+02,1.061876e+02,2.302142e+01,1.000000e-05,2.487180e-10
6.700000e+01,1.174599e+02,1.063628e+02,2.314553e+01,1.000000e-05,2.680785e-10
6.716667e+01,1.178981e+02,1.066050e+02,2.339177e+01,1.000000e-05,3.694730e-10
6.733333e+01,1.182135e+02,1.067795e+02,2.345292e+01,1.000000e-05,2.654822e-10
6.750000e+01,1.185040e+02,1.071678e+02,2.357475e+01,1.000000e-05,2.437984e-10
6.766667e+01,1.189022e+02,1.075148e+02,2.369596e+01,1.000000e-05,3.336369e-10
6.783333e+01,1.191068e+02,1.077809e+02,2.369596e+01,1.000000e-05,1.709303e-10
6.800000e+01,1.193831e+02,1.080861e+02,2.381655e+01,1.000000e-05,2.300582e-10
6.816667e+01,1.197305e+02,1.082980e+02,2.405592e+01,1.000000e-05,2.886313e-10
6.833333e+01,1.200531e+02,1.086808e+02,2.423390e+01,1.000000e-05,2.673698e-10
6.850000e+01,1.202915e+02,1.089836e+02,2.435182e+01,1.000000e-05,1.970090e-10
6.866667e+01,1.206245e+02,1.092985e+02,2.435182e+01,1.000000e-05,2.744615e-10
6.883333e+01,1.208854e+02,1.097432e+02,2.441057e+01,1.000000e-05,2.145359e-10
6.900000e+01,1.212876e+02,1.100039e+02,2.452765e+01,1.000000e-05,3.300054e-10
6.916667e+01,1.216414e+02,1.104458e+02,2.458598e+01,1.000000e-05,2.896994e-10
6.933333e+01,1.218885e+02,1.107307e+02,2.476015e+01,1.000000e-05,2.016818e-10
6.950000e+01,1.221819e+02,1.109892e+02,2.481793e+01,1.000000e-05,2.388032e-10
6.966667e+01,1.225565e+02,1.112598e+02,2.487558e+01,1.000000e-05,3.041491e-10
6.983333e+01,1.228600e+02,1.116711e+02,2.499048e+01,1.000000e-05,2.458195e-10
7.000000e+01,1.232557e+02,1.119401e+02,2.504773e+01,1.000000e-05,3.198762e-10
7.016667e+01,1.234415e+02,1.120808e+02,2.533205e+01,1.000000e-05,1.496848e-10
7.033333e+01,1.237776e+02,1.125145e+02,2.538853e+01,1.000000e-05,2.699148e-10
7.050000e+01,1.242050e+02,1.129084e+02,2.544489e+01,1.000000e-05,3.428184e-10
7.066667e+01,1.244930e+02,1.132757e+02,2.544489e+01,1.000000e-05,2.304306e-10
7.083333e+01,1.248033e+02,1.136923e+02,2.555723e+01,1.000000e-05,2.476020e-10
7.100000e+01,1.251242e+02,1.139942e+02,2.578044e+01,1.000000e-05,2.554793e-10
7.116667e+01,1.254900e+02,1.142703e+02,2.583594e+01,1.000000e-05,2.905658e-10
7.133333e+01,1.257751e+02,1.146333e+02,2.589132e+01,1.000000e-05,2.258609e-10
7.150000e+01,1.260708e+02,1.149078e+02,2.600173e+01,1.000000e-05,2.337311e-10
7.166667e+01,1.263885e+02,1.152439e+02,2.605676e+01,1.000000e-05,2.504721e-10
7.183333e+01,1.267394e+02,1.155046e+02,2.616648e+01,1.000000e-05,2.759951e-10
7.200000e+01,1.270554e+02,1.158637e+02,2.633019e+01,1.000000e-05,2.480563e-10
7.216667e+01,1.273482e+02,1.161724e+02,2.649289e+01,1.000000e-05,2.291975e-10
7.233333e+01,1.276740e+02,1.164310e+02,2.660081e+01,1.000000e-05,2.544134e-10
7.250000e+01,1.279989e+02,1.167382e+02,2.676186e+01,1.000000e-05,2.532196e-10
7.266667e+01,1.284458e+02,1.169833e+02,2.686870e+01,1.000000e-05,3.478380e-10
7.283333e+01,1.287354e+02,1.173501e+02,2.692195e+01,1.000000e-05,2.250408e-10
7.300000e+01,1.289800e+02,1.176183e+02,2.718668e+01,1.000000e-05,1.895141e-10
7.316667e+01,1.295230e+02,1.179345e+02,2.734429e+01,1.000000e-05,4.205907e-10
7.333333e+01,1.297661e+02,1.182135e+02,2.755302e+01,1.000000e-05,1.879575e-10
7.350000e+01,1.301298e+02,1.185282e+02,2.765680e+01,1.000000e-05,2.807833e-10
7.366667e+01,1.304596e+02,1.188058e+02,2.791456e+01,1.000000e-05,2.541868e-10
7.383333e+01,1.308543e+02,1.190467e+02,2.811906e+01,1.000000e-05,3.038250e-10
7.400000e+01,1.312150e+02,1.194431e+02,2.822076e+01,1.000000e-05,2.774073e-10
7.416667e+01,1.315748e+02,1.198143e+02,2.837262e+01,1.000000e-05,2.763285e-10
7.433333e+01,1.318141e+02,1.201247e+02,2.847341e+01,1.000000e-05,1.834097e-10
7.450000e+01,1.321830e+02,1.204819e+02,2.857385e+01,1.000000e-05,2.823791e-10
7.466667e+01,1.325834e+02,1.208380e+02,2.867393e+01,1.000000e-05,3.061596e-10
7.483333e+01,1.328963e+02,1.211222e+02,2.882341e+01,1.000000e-05,2.389824e-10
7.500000e+01,1.331762e+02,1.215354e+02,2.902151e+01,1.000000e-05,2.133528e-10
7.516667e+01,1.334985e+02,1.219472e+02,2.921827e+01,1.000000e-05,2.451850e-10
7.533333e+01,1.337986e+02,1.223693e+02,2.931615e+01,1.000000e-05,2.279150e-10
7.550000e+01,1.341728e+02,1.227783e+02,2.951094e+01,1.000000e-05,2.838258e-10
7.566667e+01,1.345033e+02,1.231046e+02,2.951094e+01,1.000000e-05,2.503890e-10
7.583333e+01,1.347268e+02,1.234067e+02,2.970446e+01,1.000000e-05,1.688819e-10
7.600000e+01,1.350454e+02,1.237197e+02,2.975264e+01,1.000000e-05,2.402991e-10
7.616667e+01,1.353738e+02,1.241474e+02,2.989672e+01,1.000000e-05,2.473520e-10
7.633333e+01,1.357330e+02,1.244355e+02,3.004012e+01,1.000000e-05,2.702454e-10
7.650000e+01,1.360177e+02,1.247803e+02,3.018282e+01,1.000000e-05,2.137032e-10
7.666667e+01,1.363122e+02,1.250670e+02,3.023024e+01,1.000000e-05,2.207034e-10
7.683333e+01,1.366481e+02,1.252844e+02,3.032486e+01,1.000000e-05,2.512344e-10
7.700000e+01,1.369726e+02,1.255471e+02,3.056012e+01,1.000000e-05,2.423960e-10
7.716667e+01,1.372964e+02,1.259116e+02,3.060696e+01,1.000000e-05,2.414273e-10
7.733333e+01,1.377027e+02,1.261844e+02,3.084007e+01,1.000000e-05,3.026559e-10
7.750000e+01,1.379729e+02,1.263999e+02,3.111750e+01,1.000000e-05,2.009210e-10
7.766667e+01,1.382736e+02,1.266489e+02,3.134681e+01,1.000000e-05,2.232232e-10
7.783333e+01,1.386047e+02,1.269878e+02,3.148360e+01,1.000000e-05,2.454210e-10
7.800000e+01,1.389144e+02,1.273482e+02,3.166506e+01,1.000000e-05,2.292328e-10
7.816667e+01,1.392543e+02,1.277525e+02,3.189044e+01,1.000000e-05,2.512547e-10
7.833333e+01,1.396651e+02,1.280772e+02,3.206960e+01,1.000000e-05,3.035466e-10
7.850000e+01,1.399929e+02,1.283119e+02,3.220332e+01,1.000000e-05,2.419228e-10
7.866667e+01,1.403404e+02,1.285907e+02,3.238075e+01,1.000000e-05,2.560923e-10
7.883333e+01,1.405953e+02,1.290688e+02,3.251318e+01,1.000000e-05,1.875364e-10
7.900000e+01,1.409210e+02,1.294234e+02,3.251318e+01,1.000000e-05,2.391577e-10
7.916667e+01,1.412357e+02,1.296446e+02,3.282013e+01,1.000000e-05,2.307942e-10
7.933333e+01,1.415801e+02,1.300417e+02,3.290730e+01,1.000000e-05,2.521771e-10
7.950000e+01,1.418732e+02,1.302838e+02,3.312422e+01,1.000000e-05,2.142645e-10
7.966667e+01,1.422664e+02,1.306461e+02,3.325370e+01,1.000000e-05,2.871581e-10
7.983333e+01,1.425079e+02,1.310730e+02,3.342555e+01,1.000000e-05,1.760008e-10
