Time,avgI1rd,avgI2rd,avgDrd,Beta,Beff
0.000000e+00,1.692569e+00,0.000000e+00,0.000000e+00,1.000000e-05,0.000000e+00
1.666667e-01,1.692569e+00,0.000000e+00,0.000000e+00,1.000000e-05,0.000000e+00
3.333333e-01,1.692569e+00,0.000000e+00,0.000000e+00,1.000000e-05,0.000000e+00
5.000000e-01,1.692569e+00,0.000000e+00,0.000000e+00,1.000000e-05,0.000000e+00
6.666667e-01,1.692569e+00,0.000000e+00,0.000000e+00,1.000000e-05,0.000000e+00
8.333333e-01,1.692569e+00,0.000000e+00,0.000000e+00,1.000000e-05,0.000000e+00
1.000000e+00,1.692569e+00,0.000000e+00,0.000000e+00,1.000000e-05,0.000000e+00
1.166667e+00,1.692569e+00,0.000000e+00,0.000000e+00,1.000000e-05,0.000000e+00
1.333333e+00,1.692569e+00,0.000000e+00,0.000000e+00,1.000000e-05,0.000000e+00
1.500000e+00,1.692569e+00,0.000000e+00,0.000000e+00,1.000000e-05,0.000000e+00
1.666667e+00,1.692569e+00,0.000000e+00,0.000000e+00,1.000000e-05,0.000000e+00
1.833333e+00,1.692569e+00,0.000000e+00,0.000000e+00,1.000000e-05,0.000000e+00
2.000000e+00,1.692569e+00,0.000000e+00,0.000000e+00,1.000000e-05,0.000000e+00
2.166667e+00,1.692569e+00,0.000000e+00,0.000000e+00,1.000000e-05,0.000000e+00
2.333333e+00,1.692569e+00,0.000000e+00,0.000000e+00,1.000000e-05,0.000000e+00
2.500000e+00,1.692569e+00,0.000000e+00,0.000000e+00,1.000000e-05,0.000000e+00
2.666667e+00,1.692569e+00,0.000000e+00,0.000000e+00,1.000000e-05,0.000000e+00
2.833333e+00,1.692569e+00,0.000000e+00,0.000000e+00,1.000000e-05,0.000000e+00
3.000000e+00,1.692569e+00,0.000000e+00,0.000000e+00,1.000000e-05,0.000000e+00
3.166667e+00,1.692569e+00,1.692569e+00,0.000000e+00,1.000000e-05,0.000000e+00
3.333333e+00,1.692569e+00,1.692569e+00,0.000000e+00,1.000000e-05,0.000000e+00
3.500000e+00,1.692569e+00,1.692569e+00,0.000000e+00,1.000000e-05,0.000000e+00
3.666667e+00,2.393654e+00,1.692569e+00,0.000000e+00,1.000000e-05,5.045961e-04
3.833333e+00,2.393654e+00,1.692569e+00,0.000000e+00,1.000000e-05,0.000000e+00
4.000000e+00,2.393654e+00,1.692569e+00,0.000000e+00,1.000000e-05,0.000000e+00
4.166667e+00,2.393654e+00,1.692569e+00,0.000000e+00,1.000000e-05,0.000000e+00
4.333333e+00,2.393654e+00,1.692569e+00,0.000000e+00,1.000000e-05,0.000000e+00
4.500000e+00,2.393654e+00,1.692569e+00,0.000000e+00,1.000000e-05,0.000000e+00
4.666667e+00,2.393654e+00,1.692569e+00,0.000000e+00,1.000000e-05,0.000000e+00
4.833333e+00,2.393654e+00,1.692569e+00,0.000000e+00,1.000000e-05,0.000000e+00
5.000000e+00,2.393654e+00,1.692569e+00,0.000000e+00,1.000000e-05,0.000000e+00
5.166667e+00,2.931615e+00,1.692569e+00,0.000000e+00,1.000000e-05,3.263022e-05
5.333333e+00,2.931615e+00,1.692569e+00,0.000000e+00,1.000000e-05,0.000000e+00
5.500000e+00,2.931615e+00,1.692569e+00,0.000000e+00,1.000000e-05,0.000000e+00
5.666667e+00,3.385138e+00,1.692569e+00,0.000000e+00,1.000000e-05,1.639763e-05
5.833333e+00,3.385138e+00,2.393654e+00,0.000000e+00,1.000000e-05,0.000000e+00
6.000000e+00,3.385138e+00,2.393654e+00,0.000000e+00,1.000000e-05,0.000000e+00
6.166667e+00,3.784699e+00,2.393654e+00,0.000000e+00,1.000000e-05,8.336047e-06
6.333333e+00,3.784699e+00,2.393654e+00,0.000000e+00,1.000000e-05,0.000000e+00
6.500000e+00,3.784699e+00,2.393654e+00,0.000000e+00,1.000000e-05,0.000000e+00
6.666667e+00,4.145930e+00,2.393654e+00,0.000000e+00,1.000000e-05,4.263795e-06
6.833333e+00,4.787307e+00,2.393654e+00,0.000000e+00,1.000000e-05,6.833921e-06
7.000000e+00,4.787307e+00,2.393654e+00,0.000000e+00,1.000000e-05,0.000000e+00
7.166667e+00,5.613615e+00,2.393654e+00,0.000000e+00,1.000000e-05,6.603388e-06
7.333333e+00,6.102643e+00,2.393654e+00,0.000000e+00,1.000000e-05,3.539586e-06
7.500000e+00,6.333012e+00,2.393654e+00,0.000000e+00,1.000000e-05,1.424953e-06
7.666667e+00,6.770275e+00,2.393654e+00,0.000000e+00,1.000000e-05,2.298535e-06
7.833333e+00,6.978640e+00,2.393654e+00,0.000000e+00,1.000000e-05,9.287261e-07
8.000000e+00,6.978640e+00,2.393654e+00,0.000000e+00,1.000000e-05,0.000000e+00
8.166667e+00,7.377736e+00,3.385138e+00,0.000000e+00,1.000000e-05,1.222083e-06
8.333333e+00,7.938851e+00,3.385138e+00,0.000000e+00,1.000000e-05,1.493939e-06
8.500000e+00,8.291860e+00,4.145930e+00,0.000000e+00,1.000000e-05,8.144507e-07
8.666667e+00,8.630441e+00,4.145930e+00,0.000000e+00,1.000000e-05,6.689675e-07
8.833333e+00,8.956232e+00,4.145930e+00,0.000000e+00,1.000000e-05,5.521963e-07
9.000000e+00,9.270581e+00,4.145930e+00,0.000000e+00,1.000000e-05,4.583253e-07
9.166667e+00,9.723067e+00,4.145930e+00,0.000000e+00,1.000000e-05,5.740832e-07
9.333333e+00,1.029549e+01,4.145930e+00,0.000000e+00,1.000000e-05,6.433536e-07
9.500000e+00,1.043369e+01,4.478116e+00,0.000000e+00,1.000000e-05,1.360980e-07
9.666667e+00,1.070474e+01,4.478116e+00,0.000000e+00,1.000000e-05,2.319800e-07
9.833333e+00,1.109892e+01,5.077706e+00,0.000000e+00,1.000000e-05,2.987361e-07
1.000000e+01,1.160367e+01,5.077706e+00,0.000000e+00,1.000000e-05,3.444897e-07
1.016667e+01,1.184798e+01,5.077706e+00,0.000000e+00,1.000000e-05,1.500476e-07
1.033333e+01,1.208736e+01,5.352372e+00,0.000000e+00,1.000000e-05,1.316496e-07
1.050000e+01,1.220529e+01,6.102643e+00,0.000000e+00,1.000000e-05,5.815394e-08
1.066667e+01,1.255243e+01,6.555291e+00,0.000000e+00,1.000000e-05,1.551656e-07
1.083333e+01,1.300087e+01,6.555291e+00,0.000000e+00,1.000000e-05,1.851653e-07
1.100000e+01,1.332730e+01,6.770275e+00,0.000000e+00,1.000000e-05,1.250328e-07
1.116667e+01,1.364593e+01,6.978640e+00,0.000000e+00,1.000000e-05,1.132066e-07
1.133333e+01,1.364593e+01,7.569398e+00,0.000000e+00,1.000000e-05,0.000000e+00
1.150000e+01,1.416105e+01,7.756324e+00,0.000000e+00,1.000000e-05,1.570607e-07
1.166667e+01,1.446131e+01,8.462844e+00,0.000000e+00,1.000000e-05,8.656572e-08
1.183333e+01,1.456003e+01,8.794845e+00,0.000000e+00,1.000000e-05,2.661432e-08
1.200000e+01,1.475547e+01,8.794845e+00,0.000000e+00,1.000000e-05,4.928229e-08
1.216667e+01,1.504388e+01,8.956232e+00,0.000000e+00,1.000000e-05,6.867944e-08
1.233333e+01,1.523312e+01,9.270581e+00,0.000000e+00,1.000000e-05,4.267026e-08
1.250000e+01,1.542004e+01,9.723067e+00,0.000000e+00,1.000000e-05,3.987720e-08
1.266667e+01,1.569624e+01,9.723067e+00,0.000000e+00,1.000000e-05,5.603488e-08
1.283333e+01,1.596766e+01,1.015541e+01,0.000000e+00,1.000000e-05,5.261162e-08
1.300000e+01,1.641006e+01,1.070474e+01,0.000000e+00,1.000000e-05,8.250684e-08
1.316667e+01,1.675558e+01,1.083773e+01,0.000000e+00,1.000000e-05,6.221954e-08
1.333333e+01,1.717770e+01,1.096910e+01,0.000000e+00,1.000000e-05,7.343750e-08
1.350000e+01,1.767094e+01,1.160367e+01,0.000000e+00,1.000000e-05,8.333900e-08
1.366667e+01,1.799225e+01,1.172646e+01,0.000000e+00,1.000000e-05,5.260867e-08
1.383333e+01,1.830793e+01,1.184798e+01,0.000000e+00,1.000000e-05,4.985471e-08
1.400000e+01,1.869503e+01,1.184798e+01,0.000000e+00,1.000000e-05,5.911893e-08
1.416667e+01,1.892349e+01,1.232209e+01,0.000000e+00,1.000000e-05,3.367719e-08
1.433333e+01,1.937233e+01,1.255243e+01,0.000000e+00,1.000000e-05,6.400028e-08
1.450000e+01,1.973857e+01,1.266602e+01,0.000000e+00,1.000000e-05,5.070111e-08
1.466667e+01,2.002674e+01,1.289022e+01,0.000000e+00,1.000000e-05,3.857202e-08
1.483333e+01,2.009814e+01,1.321938e+01,0.000000e+00,1.000000e-05,9.171012e-09
1.500000e+01,2.024018e+01,1.343435e+01,0.000000e+00,1.000000e-05,1.744337e-08
1.516667e+01,2.059099e+01,1.354055e+01,0.000000e+00,1.000000e-05,4.146315e-08
1.533333e+01,2.066043e+01,1.364593e+01,0.000000e+00,1.000000e-05,7.880428e-09
1.550000e+01,2.072965e+01,1.385427e+01,0.000000e+00,1.000000e-05,7.484220e-09
1.566667e+01,2.107231e+01,1.416105e+01,0.000000e+00,1.000000e-05,3.551625e-08
1.583333e+01,2.107231e+01,1.436192e+01,0.000000e+00,1.000000e-05,0.000000e+00
1.600000e+01,2.127526e+01,1.485223e+01,0.000000e+00,1.000000e-05,1.910673e-08
1.616667e+01,2.154288e+01,1.513880e+01,0.000000e+00,1.000000e-05,2.404717e-08
1.633333e+01,2.167546e+01,1.523312e+01,0.000000e+00,1.000000e-05,1.132755e-08
1.650000e+01,2.206840e+01,1.532686e+01,0.000000e+00,1.000000e-05,3.197229e-08
1.666667e+01,2.258168e+01,1.560471e+01,0.000000e+00,1.000000e-05,4.004889e-08
1.683333e+01,2.270819e+01,1.569624e+01,0.000000e+00,1.000000e-05,9.389595e-09
1.700000e+01,2.302142e+01,1.596766e+01,0.000000e+00,1.000000e-05,2.198309e-08
1.716667e+01,2.333045e+01,1.605712e+01,0.000000e+00,1.000000e-05,2.055811e-08
1.733333e+01,2.345292e+01,1.649712e+01,0.000000e+00,1.000000e-05,7.655841e-09
1.750000e+01,2.381655e+01,1.684085e+01,0.000000e+00,1.000000e-05,2.136963e-08
1.766667e+01,2.423390e+01,1.726088e+01,0.000000e+00,1.000000e-05,2.318274e-08
1.783333e+01,2.458598e+01,1.742606e+01,0.000000e+00,1.000000e-05,1.846761e-08
1.800000e+01,2.481793e+01,1.767094e+01,0.000000e+00,1.000000e-05,1.142233e-08
1.816667e+01,2.527544e+01,1.791246e+01,0.000000e+00,1.000000e-05,2.119775e-08
1.833333e+01,2.555723e+01,1.807169e+01,0.000000e+00,1.000000e-05,1.229408e-08
1.850000e+01,2.583594e+01,1.838600e+01,0.000000e+00,1.000000e-05,1.141202e-08
1.866667e+01,2.616648e+01,1.838600e+01,0.000000e+00,1.000000e-05,1.267380e-08
1.883333e+01,2.654690e+01,1.846375e+01,0.000000e+00,1.000000e-05,1.369806e-08
1.900000e+01,2.676186e+01,1.846375e+01,0.000000e+00,1.000000e-05,7.258515e-09
1.916667e+01,2.697511e+01,1.892349e+01,0.000000e+00,1.000000e-05,6.738690e-09
1.933333e+01,2.729185e+01,1.929825e+01,0.000000e+00,1.000000e-05,9.396439e-09
1.950000e+01,2.755302e+01,1.981101e+01,0.000000e+00,1.000000e-05,7.280406e-09
1.966667e+01,2.776019e+01,2.024018e+01,0.000000e+00,1.000000e-05,5.417306e-09
1.983333e+01,2.822076e+01,2.059099e+01,0.000000e+00,1.000000e-05,1.135723e-08
2.000000e+01,2.867393e+01,2.079863e+01,0.000000e+00,1.000000e-05,1.059936e-08
2.016667e+01,2.892263e+01,2.127526e+01,0.000000e+00,1.000000e-05,5.496753e-09
2.033333e+01,2.931615e+01,2.147629e+01,0.000000e+00,1.000000e-05,8.225510e-09
2.050000e+01,2.965620e+01,2.160927e+01,0.000000e+00,1.000000e-05,6.743232e-09
2.066667e+01,3.004012e+01,2.174144e+01,0.000000e+00,1.000000e-05,7.233693e-09
2.083333e+01,3.046624e+01,2.193820e+01,0.000000e+00,1.000000e-05,7.652299e-09
2.100000e+01,3.107143e+01,2.245446e+01,0.000000e+00,1.000000e-05,1.041313e-08
2.116667e+01,3.157446e+01,2.277118e+01,0.000000e+00,1.000000e-05,8.314014e-09
2.133333e+01,3.193532e+01,2.283400e+01,0.000000e+00,1.000000e-05,5.712829e-09
2.150000e+01,3.224777e+01,2.308356e+01,0.000000e+00,1.000000e-05,4.730058e-09
2.166667e+01,3.282013e+01,2.339177e+01,0.000000e+00,1.000000e-05,8.326634e-09
2.183333e+01,3.295080e+01,2.357475e+01,0.000000e+00,1.000000e-05,1.823386e-09
2.200000e+01,3.355387e+01,2.369596e+01,0.000000e+00,1.000000e-05,8.089039e-09
2.216667e+01,3.380903e+01,2.399630e+01,0.000000e+00,1.000000e-05,3.298378e-09
2.233333e+01,3.427191e+01,2.435182e+01,0.000000e+00,1.000000e-05,5.761872e-09
2.250000e+01,3.452176e+01,2.470223e+01,0.000000e+00,1.000000e-05,2.997817e-09
2.266667e+01,3.472861e+01,2.504773e+01,0.000000e+00,1.000000e-05,2.383535e-09
2.283333e+01,3.489320e+01,2.538853e+01,0.000000e+00,1.000000e-05,1.821245e-09
2.300000e+01,3.526072e+01,2.605676e+01,0.000000e+00,1.000000e-05,3.919015e-09
2.316667e+01,3.558422e+01,2.643877e+01,0.000000e+00,1.000000e-05,3.334036e-09
2.333333e+01,3.586489e+01,2.670828e+01,0.000000e+00,1.000000e-05,2.789857e-09
2.350000e+01,3.622255e+01,2.708110e+01,0.000000e+00,1.000000e-05,3.434763e-09
2.366667e+01,3.638039e+01,2.734429e+01,0.000000e+00,1.000000e-05,1.463357e-09
2.383333e+01,3.669402e+01,2.765680e+01,0.000000e+00,1.000000e-05,2.808541e-09
2.400000e+01,3.700499e+01,2.786320e+01,0.000000e+00,1.000000e-05,2.696577e-09
2.416667e+01,3.727496e+01,2.837262e+01,0.000000e+00,1.000000e-05,2.267996e-09
2.433333e+01,3.750482e+01,2.862393e+01,0.000000e+00,1.000000e-05,1.869907e-09
2.450000e+01,3.769530e+01,2.892263e+01,0.000000e+00,1.000000e-05,1.500191e-09
2.466667e+01,3.799807e+01,2.931615e+01,0.000000e+00,1.000000e-05,2.311398e-09
2.483333e+01,3.848501e+01,2.980075e+01,0.000000e+00,1.000000e-05,3.619339e-09
2.500000e+01,3.855938e+01,3.004012e+01,0.000000e+00,1.000000e-05,5.361255e-10
2.516667e+01,3.878162e+01,3.032486e+01,0.000000e+00,1.000000e-05,1.549099e-09
2.533333e+01,3.903931e+01,3.060696e+01,0.000000e+00,1.000000e-05,1.738446e-09
2.550000e+01,3.918580e+01,3.107143e+01,0.000000e+00,1.000000e-05,9.566682e-10
2.566667e+01,3.954965e+01,3.134681e+01,0.000000e+00,1.000000e-05,2.307176e-09
2.583333e+01,3.998190e+01,3.171027e+01,0.000000e+00,1.000000e-05,2.671035e-09
2.600000e+01,4.019628e+01,3.189044e+01,0.000000e+00,1.000000e-05,1.290000e-09
2.616667e+01,4.033857e+01,3.220332e+01,0.000000e+00,1.000000e-05,8.305363e-10
2.633333e+01,4.072730e+01,3.233648e+01,0.000000e+00,1.000000e-05,2.209269e-09
2.650000e+01,4.114718e+01,3.268893e+01,0.000000e+00,1.000000e-05,2.330955e-09
2.666667e+01,4.132087e+01,3.290730e+01,0.000000e+00,1.000000e-05,9.400667e-10
2.683333e+01,4.152834e+01,3.321060e+01,0.000000e+00,1.000000e-05,1.092957e-09
2.700000e+01,4.194020e+01,3.342555e+01,0.000000e+00,1.000000e-05,2.120753e-09
2.716667e+01,4.238187e+01,3.363914e+01,0.000000e+00,1.000000e-05,2.231103e-09
2.733333e+01,4.261779e+01,3.385138e+01,0.000000e+00,1.000000e-05,1.167527e-09
2.750000e+01,4.288583e+01,3.397808e+01,0.000000e+00,1.000000e-05,1.297947e-09
2.766667e+01,4.325167e+01,3.427191e+01,0.000000e+00,1.000000e-05,1.737224e-09
2.783333e+01,4.354871e+01,3.443868e+01,0.000000e+00,1.000000e-05,1.383778e-09
2.800000e+01,4.390903e+01,3.472861e+01,0.000000e+00,1.000000e-05,1.647918e-09
2.816667e+01,4.426642e+01,3.497520e+01,0.000000e+00,1.000000e-05,1.606658e-09
2.833333e+01,4.452453e+01,3.526072e+01,0.000000e+00,1.000000e-05,1.138998e-09
2.850000e+01,4.484509e+01,3.558422e+01,0.000000e+00,1.000000e-05,1.388811e-09
2.866667e+01,4.522675e+01,3.590481e+01,0.000000e+00,1.000000e-05,1.626657e-09
2.883333e+01,4.566800e+01,3.602429e+01,0.000000e+00,1.000000e-05,1.853139e-09
2.900000e+01,4.601173e+01,3.618299e+01,0.000000e+00,1.000000e-05,1.422276e-09
2.916667e+01,4.626011e+01,3.645905e+01,0.000000e+00,1.000000e-05,1.010710e-09
2.933333e+01,4.656872e+01,3.657672e+01,0.000000e+00,1.000000e-05,1.234964e-09
2.950000e+01,4.690584e+01,3.708232e+01,0.000000e+00,1.000000e-05,1.328099e-09
2.966667e+01,4.724056e+01,3.750482e+01,2.393654e+00,1.000000e-05,1.298723e-09
2.983333e+01,4.745234e+01,3.773328e+01,2.393654e+00,1.000000e-05,8.080150e-10
3.000000e+01,4.775324e+01,3.807339e+01,2.393654e+00,1.000000e-05,1.130207e-09
3.016667e+01,4.811184e+01,3.814856e+01,2.393654e+00,1.000000e-05,1.327235e-09
3.033333e+01,4.849734e+01,3.848501e+01,2.393654e+00,1.000000e-05,1.405662e-09
3.050000e+01,4.873305e+01,3.885542e+01,2.393654e+00,1.000000e-05,8.456379e-10
3.066667e+01,4.911367e+01,3.911262e+01,2.393654e+00,1.000000e-05,1.343574e-09
3.083333e+01,4.957811e+01,3.944085e+01,2.393654e+00,1.000000e-05,1.616461e-09
3.100000e+01,4.983746e+01,3.983834e+01,2.393654e+00,1.000000e-05,8.885910e-10
3.116667e+01,5.015261e+01,4.008923e+01,2.931615e+00,1.000000e-05,1.061713e-09
3.133333e+01,5.043741e+01,4.040953e+01,2.931615e+00,1.000000e-05,9.436444e-10
3.150000e+01,5.072061e+01,4.058637e+01,2.931615e+00,1.000000e-05,9.232981e-10
3.166667e+01,5.091791e+01,4.100770e+01,2.931615e+00,1.000000e-05,6.323447e-10
3.183333e+01,5.142179e+01,4.145930e+01,2.931615e+00,1.000000e-05,1.591250e-09
3.200000e+01,5.183794e+01,4.156282e+01,2.931615e+00,1.000000e-05,1.297679e-09
3.216667e+01,5.211353e+01,4.197434e+01,3.385138e+00,1.000000e-05,8.463910e-10
3.233333e+01,5.241500e+01,4.231422e+01,3.385138e+00,1.000000e-05,9.111359e-10
3.250000e+01,5.266038e+01,4.241565e+01,3.385138e+00,1.000000e-05,7.299540e-10
3.266667e+01,5.295874e+01,4.268496e+01,3.385138e+00,1.000000e-05,8.738035e-10
3.283333e+01,5.333606e+01,4.301922e+01,3.385138e+00,1.000000e-05,1.089563e-09
3.300000e+01,5.365737e+01,4.331786e+01,3.385138e+00,1.000000e-05,9.150130e-10
3.316667e+01,5.402981e+01,4.354871e+01,3.385138e+00,1.000000e-05,1.045603e-09
3.333333e+01,5.439970e+01,4.384374e+01,3.385138e+00,1.000000e-05,1.024462e-09
3.350000e+01,5.476709e+01,4.416923e+01,3.385138e+00,1.000000e-05,1.003851e-09
3.366667e+01,5.510605e+01,4.436339e+01,3.385138e+00,1.000000e-05,9.130295e-10
3.383333e+01,5.554618e+01,4.465303e+01,3.385138e+00,1.000000e-05,1.169939e-09
3.400000e+01,5.593165e+01,4.503633e+01,3.385138e+00,1.000000e-05,1.011788e-09
3.416667e+01,5.621265e+01,4.538484e+01,3.385138e+00,1.000000e-05,7.273668e-10
3.433333e+01,5.646689e+01,4.566800e+01,3.385138e+00,1.000000e-05,6.484377e-10
3.450000e+01,5.682092e+01,4.598059e+01,3.385138e+00,1.000000e-05,8.903702e-10
3.466667e+01,5.717276e+01,4.635290e+01,3.385138e+00,1.000000e-05,8.730477e-10
3.483333e+01,5.747262e+01,4.678353e+01,3.784699e+00,1.000000e-05,7.337203e-10
3.500000e+01,5.774612e+01,4.714951e+01,3.784699e+00,1.000000e-05,6.597841e-10
3.516667e+01,5.787001e+01,4.739193e+01,4.145930e+00,1.000000e-05,2.941783e-10
3.533333e+01,5.819090e+01,4.787307e+01,4.145930e+00,1.000000e-05,7.505626e-10
3.550000e+01,5.853450e+01,4.814161e+01,4.145930e+00,1.000000e-05,7.937440e-10
3.566667e+01,5.880306e+01,4.864479e+01,4.145930e+00,1.000000e-05,6.126238e-10
3.583333e+01,5.911888e+01,4.893837e+01,4.145930e+00,1.000000e-05,7.113786e-10
3.600000e+01,5.960150e+01,4.923019e+01,4.145930e+00,1.000000e-05,1.075850e-09
3.616667e+01,5.986527e+01,4.966471e+01,4.145930e+00,1.000000e-05,5.817547e-10
3.633333e+01,6.024689e+01,4.989491e+01,4.145930e+00,1.000000e-05,8.323394e-10
3.650000e+01,6.046049e+01,5.015261e+01,4.145930e+00,1.000000e-05,4.605545e-10
3.666667e+01,6.088544e+01,5.043741e+01,4.145930e+00,1.000000e-05,9.066585e-10
3.683333e+01,6.119052e+01,5.060752e+01,4.145930e+00,1.000000e-05,6.445988e-10
3.700000e+01,6.142416e+01,5.080526e+01,4.478116e+00,1.000000e-05,4.882399e-10
3.716667e+01,6.179615e+01,5.097415e+01,4.478116e+00,1.000000e-05,7.696637e-10
3.733333e+01,6.209675e+01,5.114247e+01,4.478116e+00,1.000000e-05,6.164405e-10
3.750000e+01,6.241885e+01,5.144964e+01,4.478116e+00,1.000000e-05,6.546164e-10
3.766667e+01,6.269362e+01,5.175498e+01,4.478116e+00,1.000000e-05,5.533380e-10
3.783333e+01,6.301268e+01,5.222336e+01,4.478116e+00,1.000000e-05,6.367816e-10
3.800000e+01,6.321693e+01,5.276907e+01,4.478116e+00,1.000000e-05,4.037166e-10
3.816667e+01,6.353336e+01,5.295874e+01,4.478116e+00,1.000000e-05,6.195967e-10
3.833333e+01,6.391548e+01,5.330920e+01,4.478116e+00,1.000000e-05,7.423835e-10
3.850000e+01,6.425077e+01,5.357722e+01,4.478116e+00,1.000000e-05,6.463358e-10
3.866667e+01,6.462865e+01,5.402981e+01,4.478116e+00,1.000000e-05,7.229972e-10
3.883333e+01,6.500434e+01,5.426788e+01,4.478116e+00,1.000000e-05,7.137214e-10
3.900000e+01,6.533403e+01,5.471476e+01,4.478116e+00,1.000000e-05,6.216957e-10
3.916667e+01,6.564025e+01,5.497593e+01,4.478116e+00,1.000000e-05,5.729280e-10
3.933333e+01,6.590159e+01,5.528770e+01,4.478116e+00,1.000000e-05,4.849170e-10
3.950000e+01,6.616190e+01,5.554618e+01,4.478116e+00,1.000000e-05,4.789277e-10
3.966667e+01,6.648586e+01,5.605955e+01,4.787307e+00,1.000000e-05,5.914331e-10
3.983333e+01,6.691536e+01,5.626359e+01,4.787307e+00,1.000000e-05,7.792592e-10
4.000000e+01,6.719306e+01,5.654294e+01,4.787307e+00,1.000000e-05,5.004710e-10
4.016667e+01,6.744839e+01,5.702224e+01,4.787307e+00,1.000000e-05,4.564645e-10
4.033333e+01,6.785069e+01,5.729789e+01,4.787307e+00,1.000000e-05,7.143452e-10
4.050000e+01,6.816662e+01,5.754734e+01,4.787307e+00,1.000000e-05,5.571246e-10
4.066667e+01,6.835547e+01,5.784525e+01,5.077706e+00,1.000000e-05,3.302169e-10
4.083333e+01,6.860647e+01,5.814165e+01,5.077706e+00,1.000000e-05,4.350504e-10
4.100000e+01,6.902278e+01,5.855897e+01,5.077706e+00,1.000000e-05,7.169401e-10
4.116667e+01,6.927136e+01,5.882742e+01,5.077706e+00,1.000000e-05,4.252147e-10
4.133333e+01,6.953966e+01,5.926408e+01,5.077706e+00,1.000000e-05,4.553191e-10
4.150000e+01,6.972479e+01,5.955341e+01,5.077706e+00,1.000000e-05,3.113839e-10
4.166667e+01,7.005272e+01,5.993701e+01,5.077706e+00,1.000000e-05,5.470222e-10
4.183333e+01,7.031803e+01,6.034192e+01,5.077706e+00,1.000000e-05,4.391881e-10
4.200000e+01,7.062293e+01,6.069694e+01,5.077706e+00,1.000000e-05,5.007292e-10
4.216667e+01,7.118856e+01,6.088544e+01,5.352372e+00,1.000000e-05,9.240759e-10
4.233333e+01,7.144966e+01,6.126070e+01,5.863230e+00,1.000000e-05,4.238330e-10
4.250000e+01,7.166984e+01,6.149408e+01,5.863230e+00,1.000000e-05,3.543704e-10
4.266667e+01,7.204858e+01,6.186565e+01,5.863230e+00,1.000000e-05,6.050531e-10
4.283333e+01,7.240555e+01,6.234997e+01,5.863230e+00,1.000000e-05,5.666344e-10
4.300000e+01,7.266227e+01,6.267077e+01,5.863230e+00,1.000000e-05,4.042863e-10
4.316667e+01,7.299663e+01,6.308084e+01,6.333012e+00,1.000000e-05,5.222892e-10
4.333333e+01,7.334899e+01,6.351081e+01,6.555291e+00,1.000000e-05,5.464245e-10
4.350000e+01,7.379677e+01,6.391548e+01,6.555291e+00,1.000000e-05,6.897224e-10
4.366667e+01,7.408735e+01,6.436214e+01,6.770275e+00,1.000000e-05,4.443606e-10
4.383333e+01,7.435753e+01,6.467296e+01,6.978640e+00,1.000000e-05,4.097088e-10
4.400000e+01,7.478013e+01,6.498230e+01,6.978640e+00,1.000000e-05,6.363768e-10
4.416667e+01,7.521940e+01,6.529017e+01,6.978640e+00,1.000000e-05,6.578126e-10
4.433333e+01,7.558035e+01,6.544356e+01,6.978640e+00,1.000000e-05,5.371760e-10
4.450000e+01,7.576963e+01,6.564025e+01,7.180961e+00,1.000000e-05,2.793285e-10
4.466667e+01,7.607150e+01,6.601018e+01,7.180961e+00,1.000000e-05,4.417269e-10
4.483333e+01,7.635343e+01,6.618355e+01,7.180961e+00,1.000000e-05,4.094166e-10
4.500000e+01,7.674638e+01,6.635647e+01,7.180961e+00,1.000000e-05,5.668923e-10
4.516667e+01,7.704442e+01,6.667948e+01,7.377736e+00,1.000000e-05,4.271107e-10
4.533333e+01,7.730427e+01,6.697955e+01,7.377736e+00,1.000000e-05,3.695022e-10
4.550000e+01,7.763708e+01,6.738465e+01,7.377736e+00,1.000000e-05,4.698799e-10
4.566667e+01,7.798684e+01,6.768159e+01,7.569398e+00,1.000000e-05,4.906647e-10
4.583333e+01,7.837160e+01,6.785069e+01,7.569398e+00,1.000000e-05,5.364892e-10
4.600000e+01,7.853592e+01,6.818763e+01,7.569398e+00,1.000000e-05,2.274048e-10
4.616667e+01,7.875448e+01,6.854381e+01,7.569398e+00,1.000000e-05,2.999745e-10
4.633333e+01,7.897244e+01,6.885656e+01,7.569398e+00,1.000000e-05,2.967351e-10
4.650000e+01,7.929825e+01,6.906427e+01,7.756324e+00,1.000000e-05,4.404225e-10
4.666667e+01,7.974855e+01,6.935402e+01,7.938851e+00,1.000000e-05,6.053414e-10
4.683333e+01,8.014273e+01,6.972479e+01,7.938851e+00,1.000000e-05,5.271587e-10
4.700000e+01,8.055276e+01,7.009360e+01,7.938851e+00,1.000000e-05,5.455271e-10
4.716667e+01,8.103145e+01,7.029766e+01,7.938851e+00,1.000000e-05,6.340736e-10
4.733333e+01,8.120803e+01,7.066348e+01,7.938851e+00,1.000000e-05,2.323468e-10
4.750000e+01,8.141942e+01,7.096689e+01,8.117275e+00,1.000000e-05,2.759074e-10
4.766667e+01,8.185806e+01,7.122880e+01,8.117275e+00,1.000000e-05,5.692091e-10
4.783333e+01,8.205031e+01,7.162986e+01,8.117275e+00,1.000000e-05,2.479159e-10
4.800000e+01,8.225954e+01,7.194910e+01,8.291860e+00,1.000000e-05,2.677329e-10
4.816667e+01,8.246823e+01,7.210820e+01,8.291860e+00,1.000000e-05,2.650456e-10
4.833333e+01,8.264174e+01,7.230657e+01,8.291860e+00,1.000000e-05,2.186735e-10
4.850000e+01,8.300492e+01,7.260311e+01,8.462844e+00,1.000000e-05,4.549036e-10
4.866667e+01,8.328057e+01,7.280013e+01,8.462844e+00,1.000000e-05,3.432956e-10
4.883333e+01,8.369235e+01,7.309467e+01,8.462844e+00,1.000000e-05,5.102669e-10
4.900000e+01,8.398280e+01,7.348556e+01,8.462844e+00,1.000000e-05,3.580800e-10
4.916667e+01,8.432322e+01,7.377736e+01,8.630441e+00,1.000000e-05,4.174327e-10
4.933333e+01,8.462844e+01,7.418396e+01,8.630441e+00,1.000000e-05,3.721325e-10
4.950000e+01,8.510104e+01,7.458834e+01,8.794845e+00,1.000000e-05,5.737940e-10
4.966667e+01,8.555429e+01,7.491409e+01,8.956232e+00,1.000000e-05,5.484991e-10
4.983333e+01,8.583844e+01,7.535258e+01,8.956232e+00,1.000000e-05,3.422442e-10
5.000000e+01,8.607174e+01,7.580743e+01,9.114762e+00,1.000000e-05,2.792746e-10
5.016667e+01,8.648679e+01,7.610915e+01,9.114762e+00,1.000000e-05,4.943801e-10
5.033333e+01,8.691633e+01,7.625957e+01,9.423824e+00,1.000000e-05,5.096271e-10
5.050000e+01,8.722889e+01,7.661562e+01,9.423824e+00,1.000000e-05,3.690782e-10
5.066667e+01,8.758941e+01,7.708160e+01,9.423824e+00,1.000000e-05,4.236773e-10
5.083333e+01,8.789958e+01,7.737835e+01,9.574615e+00,1.000000e-05,3.627322e-10
5.100000e+01,8.824113e+01,7.776612e+01,9.869287e+00,1.000000e-05,3.974348e-10
5.116667e+01,8.853283e+01,7.815197e+01,1.015541e+01,1.000000e-05,3.376971e-10
5.133333e+01,8.888806e+01,7.837160e+01,1.029549e+01,1.000000e-05,4.092633e-10
5.150000e+01,8.919372e+01,7.862706e+01,1.029549e+01,1.000000e-05,3.504976e-10
5.166667e+01,8.953033e+01,7.913551e+01,1.043369e+01,1.000000e-05,3.842408e-10
5.183333e+01,8.978595e+01,7.946065e+01,1.057009e+01,1.000000e-05,2.903141e-10
5.200000e+01,8.997718e+01,7.976651e+01,1.083773e+01,1.000000e-05,2.158624e-10
5.216667e+01,9.023154e+01,7.998171e+01,1.083773e+01,1.000000e-05,2.853931e-10
5.233333e+01,9.054847e+01,8.023204e+01,1.083773e+01,1.000000e-05,3.538975e-10
5.250000e+01,9.095884e+01,8.044600e+01,1.109892e+01,1.000000e-05,4.565025e-10
5.266667e+01,9.133600e+01,8.078360e+01,1.109892e+01,1.000000e-05,4.181218e-10
5.283333e+01,9.175846e+01,8.115510e+01,1.109892e+01,1.000000e-05,4.669181e-10
5.300000e+01,9.213235e+01,8.141942e+01,1.109892e+01,1.000000e-05,4.119267e-10
5.316667e+01,9.253569e+01,8.175300e+01,1.109892e+01,1.000000e-05,4.429526e-10
5.333333e+01,9.286019e+01,8.196298e+01,1.122723e+01,1.000000e-05,3.549705e-10
5.350000e+01,9.299891e+01,8.236395e+01,1.135410e+01,1.000000e-05,1.508656e-10
5.366667e+01,9.336784e+01,8.269372e+01,1.135410e+01,1.000000e-05,3.992099e-10
5.383333e+01,9.372002e+01,8.295314e+01,1.135410e+01,1.000000e-05,3.796252e-10
5.400000e+01,9.407089e+01,8.328057e+01,1.135410e+01,1.000000e-05,3.767075e-10
5.416667e+01,9.442046e+01,8.352102e+01,1.147956e+01,1.000000e-05,3.737740e-10
5.433333e+01,9.467801e+01,8.384624e+01,1.172646e+01,1.000000e-05,2.740635e-10
5.450000e+01,9.507055e+01,8.415318e+01,1.172646e+01,1.000000e-05,4.159815e-10
5.466667e+01,9.534136e+01,8.454377e+01,1.196827e+01,1.000000e-05,2.857507e-10
5.483333e+01,9.579102e+01,8.472993e+01,1.196827e+01,1.000000e-05,4.727864e-10
5.500000e+01,9.616412e+01,8.511787e+01,1.243779e+01,1.000000e-05,3.910341e-10
5.516667e+01,9.653579e+01,8.553754e+01,1.243779e+01,1.000000e-05,3.880973e-10
5.533333e+01,9.686167e+01,8.580506e+01,1.277861e+01,1.000000e-05,3.389845e-10
5.550000e+01,9.728958e+01,8.625461e+01,1.289022e+01,1.000000e-05,4.436519e-10
5.566667e+01,9.753955e+01,8.640394e+01,1.289022e+01,1.000000e-05,2.581375e-10
5.583333e+01,9.780353e+01,8.670182e+01,1.289022e+01,1.000000e-05,2.712944e-10
5.600000e+01,9.818358e+01,8.713031e+01,1.311058e+01,1.000000e-05,3.890768e-10
5.616667e+01,9.859122e+01,8.752397e+01,1.343435e+01,1.000000e-05,4.160249e-10
5.633333e+01,9.889585e+01,8.783437e+01,1.343435e+01,1.000000e-05,3.097248e-10
5.650000e+01,9.911287e+01,8.806239e+01,1.354055e+01,1.000000e-05,2.195755e-10
5.666667e+01,9.953110e+01,8.832225e+01,1.364593e+01,1.000000e-05,4.216123e-10
5.683333e+01,9.991892e+01,8.866217e+01,1.375049e+01,1.000000e-05,3.898680e-10
5.700000e+01,1.003052e+02,8.900080e+01,1.385427e+01,1.000000e-05,3.872098e-10
5.716667e+01,1.005904e+02,8.943428e+01,1.405953e+01,1.000000e-05,2.847877e-10
5.733333e+01,1.008038e+02,8.973807e+01,1.446131e+01,1.000000e-05,2.120454e-10
5.750000e+01,1.010593e+02,9.016802e+01,1.475547e+01,1.000000e-05,2.526567e-10
5.766667e+01,1.014412e+02,9.043767e+01,1.485223e+01,1.000000e-05,3.765714e-10
5.783333e+01,1.017514e+02,9.070653e+01,1.494836e+01,1.000000e-05,3.048789e-10
5.800000e+01,1.020747e+02,9.103754e+01,1.494836e+01,1.000000e-05,3.167264e-10
5.816667e+01,1.023969e+02,9.128894e+01,1.494836e+01,1.000000e-05,3.147264e-10
5.833333e+01,1.026624e+02,9.166475e+01,1.504388e+01,1.000000e-05,2.582862e-10
5.850000e+01,1.028714e+02,9.207014e+01,1.504388e+01,1.000000e-05,2.025479e-10
5.866667e+01,1.033022e+02,9.239627e+01,1.513880e+01,1.000000e-05,4.160497e-10
5.883333e+01,1.036206e+02,9.269036e+01,1.532686e+01,1.000000e-05,3.066910e-10
5.900000e+01,1.038415e+02,9.302971e+01,1.542004e+01,1.000000e-05,2.119287e-10
5.916667e+01,1.041308e+02,9.326038e+01,1.578723e+01,1.000000e-05,2.763851e-10
5.933333e+01,1.044193e+02,9.356706e+01,1.587770e+01,1.000000e-05,2.746437e-10
5.950000e+01,1.047753e+02,9.379641e+01,1.623455e+01,1.000000e-05,3.380352e-10
5.966667e+01,1.051166e+02,9.410134e+01,1.658372e+01,1.000000e-05,3.231171e-10
5.983333e+01,1.053208e+02,9.439011e+01,1.666987e+01,1.000000e-05,1.926984e-10
6.000000e+01,1.056195e+02,9.472338e+01,1.684085e+01,1.000000e-05,2.810391e-10
6.016667e+01,1.059851e+02,9.493485e+01,1.701011e+01,1.000000e-05,3.430106e-10
6.033333e+01,1.063628e+02,9.525118e+01,1.701011e+01,1.000000e-05,3.537816e-10
6.050000e+01,1.066184e+02,9.550648e+01,1.709411e+01,1.000000e-05,2.386850e-10
6.066667e+01,1.068734e+02,9.594043e+01,1.734367e+01,1.000000e-05,2.373080e-10
6.083333e+01,1.071544e+02,9.632783e+01,1.734367e+01,1.000000e-05,2.607841e-10
6.100000e+01,1.075014e+02,9.674330e+01,1.734367e+01,1.000000e-05,3.210751e-10
6.116667e+01,1.078075e+02,9.703897e+01,1.750807e+01,1.000000e-05,2.823672e-10
6.133333e+01,1.080861e+02,9.720120e+01,1.775181e+01,1.000000e-05,2.562559e-10
6.150000e+01,1.083641e+02,9.755424e+01,1.783232e+01,1.000000e-05,2.547395e-10
6.166667e+01,1.085754e+02,9.790600e+01,1.799225e+01,1.000000e-05,1.929363e-10
6.183333e+01,1.088784e+02,9.827107e+01,1.815078e+01,1.000000e-05,2.757901e-10
6.200000e+01,1.090886e+02,9.847492e+01,1.822952e+01,1.000000e-05,1.907262e-10
6.216667e+01,1.094426e+02,9.877991e+01,1.830793e+01,1.000000e-05,3.201048e-10
6.233333e+01,1.097302e+02,9.898272e+01,1.846375e+01,1.000000e-05,2.593743e-10
6.250000e+01,1.100690e+02,9.947352e+01,1.869503e+01,1.000000e-05,3.048519e-10
6.266667e+01,1.103939e+02,9.978981e+01,1.884765e+01,1.000000e-05,2.915509e-10
6.283333e+01,1.107566e+02,1.000192e+02,1.922389e+01,1.000000e-05,3.248721e-10
6.300000e+01,1.110279e+02,1.003481e+02,1.944613e+01,1.000000e-05,2.423580e-10
6.316667e+01,1.113242e+02,1.007469e+02,1.966587e+01,1.000000e-05,2.640993e-10
6.333333e+01,1.116326e+02,1.009458e+02,1.988318e+01,1.000000e-05,2.742077e-10
6.350000e+01,1.119785e+02,1.013423e+02,1.988318e+01,1.000000e-05,3.070088e-10
6.366667e+01,1.122213e+02,1.017232e+02,1.995509e+01,1.000000e-05,2.149363e-10
6.383333e+01,1.125399e+02,1.019483e+02,2.002674e+01,1.000000e-05,2.813576e-10
6.400000e+01,1.129338e+02,1.024529e+02,2.031083e+01,1.000000e-05,3.471696e-10
6.416667e+01,1.131872e+02,1.028296e+02,2.038123e+01,1.000000e-05,2.227464e-10
6.433333e+01,1.136040e+02,1.032606e+02,2.059099e+01,1.000000e-05,3.657460e-10
6.450000e+01,1.138811e+02,1.036621e+02,2.059099e+01,1.000000e-05,2.425228e-10
6.466667e+01,1.142202e+02,1.040207e+02,2.066043e+01,1.000000e-05,2.961139e-10
6.483333e+01,1.146208e+02,1.042820e+02,2.079863e+01,1.000000e-05,3.491646e-10
6.500000e+01,1.149078e+02,1.045153e+02,2.100423e+01,1.000000e-05,2.495715e-10
6.516667e+01,1.152439e+02,1.046796e+02,2.100423e+01,1.000000e-05,2.913979e-10
6.533333e+01,1.157029e+02,1.050757e+02,2.107231e+01,1.000000e-05,3.973325e-10
6.550000e+01,1.160367e+02,1.053751e+02,2.120783e+01,1.000000e-05,2.883645e-10
6.566667e+01,1.162956e+02,1.056873e+02,2.127526e+01,1.000000e-05,2.229688e-10
6.583333e+01,1.166400e+02,1.060526e+02,2.127526e+01,1.000000e-05,2.956623e-10
6.600000e+01,1.170568e+02,1.063494e+02,2.140949e+01,1.000000e-05,3.571340e-10
6.616667e+01,1.173989e+02,1.066587e+02,2.140949e+01,1.000000e-05,2.924711e-10
6.633333e+01,1.176305e+02,1.069671e+02,2.160927e+01,1.000000e-05,1.972798e-10
6.650000e+01,1.180074e+02,1.073281e+02,2.174144e+01,1.000000e-05,3.201092e-10
6.666667e+01,1.182620e+02,1.077410e+02,2.187281e+01,1.000000e-05,2.155881e-10
6.683333e+01,1.186006e+02,1.080729e+02,2.206840e+01,1.000000e-05,2.858356e-10
6.700000e+01,1.190346e+02,1.084037e+02,2.219783e+01,1.000000e-05,3.655553e-10
6.716667e+01,1.193591e+02,1.086413e+02,2.226227e+01,1.000000e-05,2.726350e-10
6.733333e+01,1.196109e+02,1.089573e+02,2.245446e+01,1.000000e-05,2.108220e-10
6.750000e+01,1.198382e+02,1.092330e+02,2.277118e+01,1.000000e-05,1.896282e-10
6.766667e+01,1.201605e+02,1.096126e+02,2.283400e+01,1.000000e-05,2.680063e-10
6.783333e+01,1.204343e+02,1.098867e+02,2.302142e+01,1.000000e-05,2.270516e-10
6.800000e+01,1.207432e+02,1.102771e+02,2.320733e+01,1.000000e-05,2.552699e-10
6.816667e+01,1.210275e+02,1.104976e+02,2.326897e+01,1.000000e-05,2.343566e-10
6.833333e+01,1.212758e+02,1.108083e+02,2.345292e+01,1.000000e-05,2.039415e-10
6.850000e+01,1.215943e+02,1.110021e+02,2.369596e+01,1.000000e-05,2.608475e-10
6.866667e+01,1.219824e+02,1.112856e+02,2.387662e+01,1.000000e-05,3.172461e-10
6.883333e+01,1.224395e+02,1.116454e+02,2.399630e+01,1.000000e-05,3.732411e-10
6.900000e+01,1.227667e+02,1.118633e+02,2.429293e+01,1.000000e-05,2.666264e-10
6.916667e+01,1.229532e+02,1.121702e+02,2.452765e+01,1.000000e-05,1.515044e-10
6.933333e+01,1.233487e+02,1.125145e+02,2.452765e+01,1.000000e-05,3.204410e-10
6.950000e+01,1.237081e+02,1.127942e+02,2.481793e+01,1.000000e-05,2.907672e-10
6.966667e+01,1.240435e+02,1.130859e+02,2.493309e+01,1.000000e-05,2.706641e-10
6.983333e+01,1.243088e+02,1.133516e+02,2.510485e+01,1.000000e-05,2.135768e-10
7.000000e+01,1.245620e+02,1.135914e+02,2.516184e+01,1.000000e-05,2.032494e-10
7.016667e+01,1.248148e+02,1.139314e+02,2.538853e+01,1.000000e-05,2.022330e-10
7.033333e+01,1.252615e+02,1.142202e+02,2.572482e+01,1.000000e-05,3.570010e-10
7.050000e+01,1.255813e+02,1.144957e+02,2.572482e+01,1.000000e-05,2.551103e-10
7.066667e+01,1.259116e+02,1.148081e+02,2.589132e+01,1.000000e-05,2.630556e-10
7.083333e+01,1.261957e+02,1.151071e+02,2.594659e+01,1.000000e-05,2.257206e-10
7.100000e+01,1.264565e+02,1.153806e+02,2.600173e+01,1.000000e-05,2.067012e-10
7.116667e+01,1.268975e+02,1.157400e+02,2.611168e+01,1.000000e-05,3.490919e-10
7.133333e+01,1.271681e+02,1.160367e+02,2.627573e+01,1.000000e-05,2.138056e-10
7.150000e+01,1.275393e+02,1.162956e+02,2.649289e+01,1.000000e-05,2.926866e-10
7.166667e+01,1.277749e+02,1.165294e+02,2.654690e+01,1.000000e-05,1.853271e-10
7.183333e+01,1.280437e+02,1.169221e+02,2.665460e+01,1.000000e-05,2.107915e-10
7.200000e+01,1.283789e+02,1.172524e+02,2.676186e+01,1.000000e-05,2.622877e-10
7.216667e+01,1.287465e+02,1.174965e+02,2.686870e+01,1.000000e-05,2.872512e-10
7.233333e+01,1.290022e+02,1.177035e+02,2.697511e+01,1.000000e-05,1.992503e-10
7.250000e+01,1.293348e+02,1.180316e+02,2.702816e+01,1.000000e-05,2.587641e-10
7.266667e+01,1.297219e+02,1.183346e+02,2.708110e+01,1.000000e-05,3.006770e-10
7.283333e+01,1.300307e+02,1.185644e+02,2.744885e+01,1.000000e-05,2.394994e-10
7.300000e+01,1.302948e+02,1.188781e+02,2.755302e+01,1.000000e-05,2.043592e-10
7.316667e+01,1.306790e+02,1.191790e+02,2.760496e+01,1.000000e-05,2.968741e-10
7.333333e+01,1.310184e+02,1.195989e+02,2.776019e+01,1.000000e-05,2.618903e-10
7.350000e+01,1.313023e+02,1.198143e+02,2.801700e+01,1.000000e-05,2.187187e-10
7.366667e+01,1.316292e+02,1.201247e+02,2.806808e+01,1.000000e-05,2.513412e-10
7.383333e+01,1.320529e+02,1.204700e+02,2.816996e+01,1.000000e-05,3.256196e-10
7.400000e+01,1.324104e+02,1.207550e+02,2.852368e+01,1.000000e-05,2.744887e-10
7.416667e+01,1.328640e+02,1.211104e+02,2.862393e+01,1.000000e-05,3.481505e-10
7.433333e+01,1.331009e+02,1.214529e+02,2.887306e+01,1.000000e-05,1.816052e-10
7.450000e+01,1.334019e+02,1.217709e+02,2.907082e+01,1.000000e-05,2.302367e-10
7.466667e+01,1.336808e+02,1.219942e+02,2.926725e+01,1.000000e-05,2.129643e-10
7.483333e+01,1.339591e+02,1.223576e+02,2.931615e+01,1.000000e-05,2.121353e-10
7.500000e+01,1.342795e+02,1.227083e+02,2.951094e+01,1.000000e-05,2.438768e-10
7.516667e+01,1.345885e+02,1.230697e+02,2.960786e+01,1.000000e-05,2.348582e-10
7.533333e+01,1.348437e+02,1.234183e+02,2.970446e+01,1.000000e-05,1.935867e-10
7.550000e+01,1.351196e+02,1.237313e+02,2.975264e+01,1.000000e-05,2.089043e-10
7.566667e+01,1.354267e+02,1.240319e+02,2.980075e+01,1.000000e-05,2.321344e-10
7.583333e+01,1.358702e+02,1.244240e+02,2.994460e+01,1.000000e-05,3.351083e-10
7.600000e+01,1.361335e+02,1.247574e+02,3.004012e+01,1.000000e-05,1.986476e-10
7.616667e+01,1.364488e+02,1.250784e+02,3.018282e+01,1.000000e-05,2.374453e-10
7.633333e+01,1.367843e+02,1.253187e+02,3.032486e+01,1.000000e-05,2.522936e-10
7.650000e+01,1.370458e+02,1.256725e+02,3.046624e+01,1.000000e-05,1.962779e-10
7.666667e+01,1.373799e+02,1.259571e+02,3.056012e+01,1.000000e-05,2.502509e-10
7.683333e+01,1.376923e+02,1.262525e+02,3.065372e+01,1.000000e-05,2.336593e-10
7.700000e+01,1.380040e+02,1.266716e+02,3.070042e+01,1.000000e-05,2.327183e-10
7.716667e+01,1.383876e+02,1.269652e+02,3.079359e+01,1.000000e-05,2.859656e-10
7.733333e+01,1.387080e+02,1.272357e+02,3.102530e+01,1.000000e-05,2.386230e-10
7.750000e+01,1.390896e+02,1.275842e+02,3.125529e+01,1.000000e-05,2.837437e-10
7.766667e+01,1.394804e+02,1.278534e+02,3.134681e+01,1.000000e-05,2.903883e-10
7.783333e+01,1.398906e+02,1.281667e+02,3.139247e+01,1.000000e-05,3.046359e-10
7.800000e+01,1.401872e+02,1.285350e+02,3.152906e+01,1.000000e-05,2.200147e-10
7.816667e+01,1.404118e+02,1.288800e+02,3.161979e+01,1.000000e-05,1.662071e-10
7.833333e+01,1.407582e+02,1.291908e+02,3.180048e+01,1.000000e-05,2.559196e-10
7.850000e+01,1.410429e+02,1.295009e+02,3.193532e+01,1.000000e-05,2.099137e-10
7.866667e+01,1.414283e+02,1.298433e+02,3.206960e+01,1.000000e-05,2.838895e-10
7.883333e+01,1.418934e+02,1.301848e+02,3.238075e+01,1.000000e-05,3.426042e-10
7.900000e+01,1.421758e+02,1.305035e+02,3.246910e+01,1.000000e-05,2.077460e-10
7.916667e+01,1.424274e+02,1.307886e+02,3.268893e+01,1.000000e-05,1.847778e-10
7.933333e+01,1.427589e+02,1.310402e+02,3.290730e+01,1.000000e-05,2.430623e-10
7.950000e+01,1.429895e+02,1.312696e+02,3.299424e+01,1.000000e-05,1.687485e-10
7.966667e+01,1.432997e+02,1.316510e+02,3.303762e+01,1.000000e-05,2.266599e-10
7.983333e+01,1.436790e+02,1.319552e+02,3.308095e+01,1.000000e-05,2.769840e-10
