Time,avgI1rd,avgI2rd,avgDrd,Beta,Beff
0.000000e+00,1.692569e+00,0.000000e+00,0.000000e+00,1.000000e-05,0.000000e+00
1.666667e-01,1.692569e+00,0.000000e+00,0.000000e+00,1.000000e-05,0.000000e+00
3.333333e-01,1.692569e+00,0.000000e+00,0.000000e+00,1.000000e-05,0.000000e+00
5.000000e-01,1.692569e+00,0.000000e+00,0.000000e+00,1.000000e-05,0.000000e+00
6.666667e-01,1.692569e+00,0.000000e+00,0.000000e+00,1.000000e-05,0.000000e+00
8.333333e-01,1.692569e+00,0.000000e+00,0.000000e+00,1.000000e-05,0.000000e+00
1.000000e+00,1.692569e+00,0.000000e+00,0.000000e+00,1.000000e-05,0.000000e+00
1.166667e+00,1.692569e+00,0.000000e+00,0.000000e+00,1.000000e-05,0.000000e+00
1.333333e+00,1.692569e+00,0.000000e+00,0.000000e+00,1.000000e-05,0.000000e+00
1.500000e+00,1.692569e+00,0.000000e+00,0.000000e+00,1.000000e-05,0.000000e+00
1.666667e+00,1.692569e+00,0.000000e+00,0.000000e+00,1.000000e-05,0.000000e+00
1.833333e+00,1.692569e+00,0.000000e+00,0.000000e+00,1.000000e-05,0.000000e+00
2.000000e+00,1.692569e+00,0.000000e+00,0.000000e+00,1.000000e-05,0.000000e+00
2.166667e+00,1.692569e+00,0.000000e+00,0.000000e+00,1.000000e-05,0.000000e+00
2.333333e+00,1.692569e+00,0.000000e+00,0.000000e+00,1.000000e-05,0.000000e+00
2.500000e+00,1.692569e+00,0.000000e+00,0.000000e+00,1.000000e-05,0.000000e+00
2.666667e+00,1.692569e+00,0.000000e+00,0.000000e+00,1.000000e-05,0.000000e+00
2.833333e+00,1.692569e+00,0.000000e+00,0.000000e+00,1.000000e-05,0.000000e+00
3.000000e+00,1.692569e+00,0.000000e+00,0.000000e+00,1.000000e-05,0.000000e+00
3.166667e+00,1.692569e+00,0.000000e+00,0.000000e+00,1.000000e-05,0.000000e+00
3.333333e+00,1.692569e+00,0.000000e+00,0.000000e+00,1.000000e-05,0.000000e+00
3.500000e+00,1.692569e+00,0.000000e+00,0.000000e+00,1.000000e-05,0.000000e+00
3.666667e+00,1.692569e+00,0.000000e+00,0.000000e+00,1.000000e-05,0.000000e+00
3.833333e+00,1.692569e+00,0.000000e+00,0.000000e+00,1.000000e-05,0.000000e+00
4.000000e+00,1.692569e+00,0.000000e+00,0.000000e+00,1.000000e-05,0.000000e+00
4.166667e+00,1.692569e+00,0.000000e+00,0.000000e+00,1.000000e-05,0.000000e+00
4.333333e+00,1.692569e+00,0.000000e+00,0.000000e+00,1.000000e-05,0.000000e+00
4.500000e+00,1.692569e+00,0.000000e+00,0.000000e+00,1.000000e-05,0.000000e+00
4.666667e+00,1.692569e+00,0.000000e+00,0.000000e+00,1.000000e-05,0.000000e+00
4.833333e+00,1.692569e+00,0.000000e+00,0.000000e+00,1.000000e-05,0.000000e+00
5.000000e+00,1.692569e+00,0.000000e+00,0.000000e+00,1.000000e-05,0.000000e+00
5.166667e+00,1.692569e+00,0.000000e+00,0.000000e+00,1.000000e-05,0.000000e+00
5.333333e+00,1.692569e+00,0.000000e+00,0.000000e+00,1.000000e-05,0.000000e+00
5.500000e+00,1.692569e+00,0.000000e+00,0.000000e+00,1.000000e-05,0.000000e+00
5.666667e+00,1.692569e+00,0.000000e+00,0.000000e+00,1.000000e-05,0.000000e+00
5.833333e+00,1.692569e+00,0.000000e+00,0.000000e+00,1.000000e-05,0.000000e+00
6.000000e+00,1.692569e+00,0.000000e+00,0.000000e+00,1.000000e-05,0.000000e+00
6.166667e+00,1.692569e+00,0.000000e+00,0.000000e+00,1.000000e-05,0.000000e+00
6.333333e+00,1.692569e+00,0.000000e+00,0.000000e+00,1.000000e-05,0.000000e+00
6.500000e+00,1.692569e+00,0.000000e+00,0.000000e+00,1.000000e-05,0.000000e+00
6.666667e+00,1.692569e+00,0.000000e+00,0.000000e+00,1.000000e-05,0.000000e+00
6.833333e+00,1.692569e+00,0.000000e+00,0.000000e+00,1.000000e-05,0.000000e+00
7.000000e+00,1.692569e+00,0.000000e+00,0.000000e+00,1.000000e-05,0.000000e+00
7.166667e+00,1.692569e+00,0.000000e+00,0.000000e+00,1.000000e-05,0.000000e+00
7.333333e+00,1.692569e+00,0.000000e+00,0.000000e+00,1.000000e-05,0.000000e+00
7.500000e+00,1.692569e+00,0.000000e+00,0.000000e+00,1.000000e-05,0.000000e+00
7.666667e+00,1.692569e+00,0.000000e+00,0.000000e+00,1.000000e-05,0.000000e+00
7.833333e+00,1.692569e+00,0.000000e+00,0.000000e+00,1.000000e-05,0.000000e+00
8.000000e+00,1.692569e+00,0.000000e+00,0.000000e+00,1.000000e-05,0.000000e+00
8.166667e+00,1.692569e+00,0.000000e+00,0.000000e+00,1.000000e-05,0.000000e+00
8.333333e+00,1.692569e+00,0.000000e+00,0.000000e+00,1.000000e-05,0.000000e+00
8.500000e+00,1.692569e+00,0.000000e+00,0.000000e+00,1.000000e-05,0.000000e+00
8.666667e+00,1.692569e+00,0.000000e+00,0.000000e+00,1.000000e-05,0.000000e+00
8.833333e+00,1.692569e+00,0.000000e+00,0.000000e+00,1.000000e-05,0.000000e+00
9.000000e+00,1.692569e+00,0.000000e+00,0.000000e+00,1.000000e-05,0.000000e+00
9.166667e+00,1.692569e+00,0.000000e+00,0.000000e+00,1.000000e-05,0.000000e+00
9.333333e+00,1.692569e+00,0.000000e+00,0.000000e+00,1.000000e-05,0.000000e+00
9.500000e+00,1.692569e+00,0.000000e+00,0.000000e+00,1.000000e-05,0.000000e+00
9.666667e+00,1.692569e+00,0.000000e+00,0.000000e+00,1.000000e-05,0.000000e+00
9.833333e+00,1.692569e+00,0.000000e+00,0.000000e+00,1.000000e-05,0.000000e+00
1.000000e+01,1.692569e+00,1.692569e+00,0.000000e+00,1.000000e-05,0.000000e+00
1.016667e+01,1.692569e+00,1.692569e+00,0.000000e+00,1.000000e-05,0.000000e+00
1.033333e+01,5.077706e+00,1.692569e+00,0.000000e+00,1.000000e-05,1.234771e-06
1.050000e+01,6.333012e+00,2.393654e+00,0.000000e+00,1.000000e-05,3.687373e-07
1.066667e+01,7.569398e+00,2.393654e+00,0.000000e+00,1.000000e-05,2.813778e-07
1.083333e+01,8.291860e+00,2.393654e+00,0.000000e+00,1.000000e-05,1.340373e-07
1.100000e+01,9.270581e+00,2.931615e+00,0.000000e+00,1.000000e-05,1.531917e-07
1.116667e+01,9.869287e+00,3.385138e+00,0.000000e+00,1.000000e-05,8.107430e-08
1.133333e+01,1.083773e+01,4.145930e+00,0.000000e+00,1.000000e-05,1.159638e-07
1.150000e+01,1.172646e+01,4.478116e+00,0.000000e+00,1.000000e-05,9.688949e-08
1.166667e+01,1.208736e+01,4.478116e+00,0.000000e+00,1.000000e-05,3.530232e-08
1.183333e+01,1.243779e+01,4.787307e+00,0.000000e+00,1.000000e-05,3.045133e-08
1.200000e+01,1.289022e+01,4.787307e+00,0.000000e+00,1.000000e-05,3.545908e-08
1.216667e+01,1.343435e+01,4.787307e+00,0.000000e+00,1.000000e-05,3.912905e-08
1.233333e+01,1.416105e+01,5.352372e+00,0.000000e+00,1.000000e-05,4.882464e-08
1.250000e+01,1.446131e+01,5.863230e+00,0.000000e+00,1.000000e-05,1.880574e-08
1.266667e+01,1.504388e+01,6.102643e+00,0.000000e+00,1.000000e-05,3.406515e-08
1.283333e+01,1.560471e+01,7.180961e+00,0.000000e+00,1.000000e-05,3.106754e-08
1.300000e+01,1.596766e+01,7.569398e+00,0.000000e+00,1.000000e-05,1.900734e-08
1.316667e+01,1.623455e+01,7.938851e+00,0.000000e+00,1.000000e-05,1.315775e-08
1.333333e+01,1.717770e+01,8.291860e+00,0.000000e+00,1.000000e-05,4.477972e-08
1.350000e+01,1.775181e+01,9.270581e+00,0.000000e+00,1.000000e-05,2.657516e-08
1.366667e+01,1.791246e+01,9.723067e+00,0.000000e+00,1.000000e-05,7.111802e-09
1.383333e+01,1.815078e+01,1.001337e+01,0.000000e+00,1.000000e-05,1.003395e-08
1.400000e+01,1.846375e+01,1.096910e+01,0.000000e+00,1.000000e-05,1.263309e-08
1.416667e+01,1.884765e+01,1.147956e+01,0.000000e+00,1.000000e-05,1.496577e-08
1.433333e+01,1.937233e+01,1.160367e+01,0.000000e+00,1.000000e-05,1.992467e-08
1.450000e+01,1.981101e+01,1.208736e+01,0.000000e+00,1.000000e-05,1.629114e-08
1.466667e+01,2.052131e+01,1.232209e+01,0.000000e+00,1.000000e-05,2.598008e-08
1.483333e+01,2.093592e+01,1.243779e+01,0.000000e+00,1.000000e-05,1.495403e-08
1.500000e+01,2.120783e+01,1.277861e+01,0.000000e+00,1.000000e-05,9.587736e-09
1.516667e+01,2.134248e+01,1.311058e+01,0.000000e+00,1.000000e-05,4.621148e-09
1.533333e+01,2.167546e+01,1.343435e+01,0.000000e+00,1.000000e-05,1.116306e-08
1.550000e+01,2.193820e+01,1.375049e+01,0.000000e+00,1.000000e-05,8.647250e-09
1.566667e+01,2.226227e+01,1.426184e+01,0.000000e+00,1.000000e-05,1.048776e-08
1.583333e+01,2.277118e+01,1.465808e+01,0.000000e+00,1.000000e-05,1.631437e-08
1.600000e+01,2.289665e+01,1.504388e+01,0.000000e+00,1.000000e-05,3.971526e-09
1.616667e+01,2.308356e+01,1.542004e+01,0.000000e+00,1.000000e-05,5.810966e-09
1.633333e+01,2.320733e+01,1.578723e+01,0.000000e+00,1.000000e-05,3.784751e-09
1.650000e+01,2.339177e+01,1.596766e+01,0.000000e+00,1.000000e-05,5.554840e-09
1.666667e+01,2.363544e+01,1.614608e+01,0.000000e+00,1.000000e-05,7.257534e-09
1.683333e+01,2.393654e+01,1.641006e+01,0.000000e+00,1.000000e-05,8.901803e-09
1.700000e+01,2.446918e+01,1.666987e+01,0.000000e+00,1.000000e-05,1.574480e-08
1.716667e+01,2.470223e+01,1.692569e+01,0.000000e+00,1.000000e-05,6.882855e-09
1.733333e+01,2.516184e+01,1.701011e+01,0.000000e+00,1.000000e-05,1.355604e-08
1.750000e+01,2.555723e+01,1.750807e+01,0.000000e+00,1.000000e-05,1.169202e-08
1.766667e+01,2.572482e+01,1.791246e+01,0.000000e+00,1.000000e-05,4.942978e-09
1.783333e+01,2.605676e+01,1.799225e+01,0.000000e+00,1.000000e-05,9.760412e-09
1.800000e+01,2.611168e+01,1.799225e+01,0.000000e+00,1.000000e-05,1.606585e-09
1.816667e+01,2.616648e+01,1.822952e+01,0.000000e+00,1.000000e-05,1.587505e-09
1.833333e+01,2.643877e+01,1.838600e+01,0.000000e+00,1.000000e-05,7.847212e-09
1.850000e+01,2.654690e+01,1.861826e+01,0.000000e+00,1.000000e-05,3.103250e-09
1.866667e+01,2.665460e+01,1.899904e+01,0.000000e+00,1.000000e-05,3.067557e-09
1.883333e+01,2.697511e+01,1.922389e+01,0.000000e+00,1.000000e-05,9.095492e-09
1.900000e+01,2.718668e+01,1.966587e+01,0.000000e+00,1.000000e-05,5.988334e-09
1.916667e+01,2.723932e+01,1.988318e+01,0.000000e+00,1.000000e-05,1.476872e-09
1.933333e+01,2.734429e+01,2.031083e+01,0.000000e+00,1.000000e-05,2.910212e-09
1.950000e+01,2.734429e+01,2.072965e+01,1.692569e+00,1.000000e-05,0.000000e+00
1.966667e+01,2.760496e+01,2.086739e+01,1.692569e+00,1.000000e-05,7.022436e-09
1.983333e+01,2.770854e+01,2.114018e+01,1.692569e+00,1.000000e-05,2.970395e-09
2.000000e+01,2.791456e+01,2.134248e+01,1.692569e+00,1.000000e-05,6.222002e-09
2.016667e+01,2.822076e+01,2.147629e+01,1.692569e+00,1.000000e-05,9.650871e-09
2.033333e+01,2.837262e+01,2.187281e+01,1.692569e+00,1.000000e-05,4.916739e-09
2.050000e+01,2.867393e+01,2.187281e+01,1.692569e+00,1.000000e-05,9.858970e-09
2.066667e+01,2.902151e+01,2.206840e+01,1.692569e+00,1.000000e-05,1.133962e-08
2.083333e+01,2.921827e+01,2.239058e+01,1.692569e+00,1.000000e-05,6.276659e-09
2.100000e+01,2.941371e+01,2.239058e+01,1.692569e+00,1.000000e-05,5.969068e-09
2.116667e+01,2.970446e+01,2.264503e+01,1.692569e+00,1.000000e-05,8.367056e-09
2.133333e+01,2.989672e+01,2.277118e+01,1.692569e+00,1.000000e-05,5.132345e-09
2.150000e+01,2.999239e+01,2.314553e+01,1.692569e+00,1.000000e-05,2.319672e-09
2.166667e+01,3.013533e+01,2.351392e+01,1.692569e+00,1.000000e-05,3.103931e-09
2.183333e+01,3.056012e+01,2.387662e+01,1.692569e+00,1.000000e-05,8.232354e-09
2.200000e+01,3.093282e+01,2.405592e+01,1.692569e+00,1.000000e-05,6.408223e-09
2.216667e+01,3.134681e+01,2.411539e+01,1.692569e+00,1.000000e-05,6.274233e-09
2.233333e+01,3.180048e+01,2.429293e+01,1.692569e+00,1.000000e-05,6.063924e-09
2.250000e+01,3.206960e+01,2.470223e+01,1.692569e+00,1.000000e-05,3.152212e-09
2.266667e+01,3.264508e+01,2.481793e+01,1.692569e+00,1.000000e-05,5.932972e-09
2.283333e+01,3.303762e+01,2.504773e+01,1.692569e+00,1.000000e-05,3.575145e-09
2.300000e+01,3.321060e+01,2.550112e+01,1.692569e+00,1.000000e-05,1.387576e-09
2.316667e+01,3.351115e+01,2.583594e+01,1.692569e+00,1.000000e-05,2.127540e-09
2.333333e+01,3.372419e+01,2.605676e+01,1.692569e+00,1.000000e-05,1.336454e-09
2.350000e+01,3.427191e+01,2.622116e+01,1.692569e+00,1.000000e-05,3.048647e-09
2.366667e+01,3.464602e+01,2.649289e+01,1.692569e+00,1.000000e-05,1.862100e-09
2.383333e+01,3.493423e+01,2.660081e+01,1.692569e+00,1.000000e-05,1.283911e-09
2.400000e+01,3.530132e+01,2.697511e+01,1.692569e+00,1.000000e-05,1.470971e-09
2.416667e+01,3.562445e+01,2.718668e+01,1.692569e+00,1.000000e-05,1.170761e-09
2.433333e+01,3.594468e+01,2.760496e+01,1.692569e+00,1.000000e-05,1.052992e-09
2.450000e+01,3.645905e+01,2.786320e+01,1.692569e+00,1.000000e-05,1.545655e-09
2.466667e+01,3.684983e+01,2.796583e+01,2.393654e+00,1.000000e-05,1.078237e-09
2.483333e+01,3.731337e+01,2.832209e+01,2.393654e+00,1.000000e-05,1.178211e-09
2.500000e+01,3.773328e+01,2.852368e+01,2.931615e+00,1.000000e-05,9.897436e-10
2.516667e+01,3.818609e+01,2.877367e+01,2.931615e+00,1.000000e-05,9.923873e-10
2.533333e+01,3.867066e+01,2.887306e+01,2.931615e+00,1.000000e-05,9.919133e-10
2.550000e+01,3.914923e+01,2.902151e+01,2.931615e+00,1.000000e-05,9.178253e-10
2.566667e+01,3.944085e+01,2.926725e+01,3.385138e+00,1.000000e-05,5.240078e-10
2.583333e+01,3.973033e+01,2.975264e+01,3.385138e+00,1.000000e-05,4.874814e-10
2.600000e+01,4.005349e+01,3.013533e+01,3.385138e+00,1.000000e-05,5.117236e-10
2.616667e+01,4.030304e+01,3.023024e+01,3.385138e+00,1.000000e-05,3.722425e-10
2.633333e+01,4.044496e+01,3.041919e+01,3.385138e+00,1.000000e-05,1.993565e-10
2.650000e+01,4.107750e+01,3.065372e+01,3.385138e+00,1.000000e-05,8.428053e-10
2.666667e+01,4.142473e+01,3.093282e+01,3.385138e+00,1.000000e-05,4.407702e-10
2.683333e+01,4.163169e+01,3.143807e+01,4.478116e+00,1.000000e-05,2.494679e-10
2.700000e+01,4.190603e+01,3.152906e+01,4.787307e+00,1.000000e-05,3.144562e-10
2.716667e+01,4.248314e+01,3.193532e+01,4.787307e+00,1.000000e-05,6.355173e-10
2.733333e+01,4.285242e+01,3.224777e+01,4.787307e+00,1.000000e-05,3.913273e-10
2.750000e+01,4.328478e+01,3.268893e+01,4.787307e+00,1.000000e-05,4.407025e-10
2.766667e+01,4.364728e+01,3.308095e+01,5.077706e+00,1.000000e-05,3.558176e-10
2.783333e+01,4.394164e+01,3.359653e+01,5.613615e+00,1.000000e-05,2.780461e-10
2.800000e+01,4.433109e+01,3.380903e+01,6.102643e+00,1.000000e-05,3.542511e-10
2.816667e+01,4.462094e+01,3.418821e+01,6.333012e+00,1.000000e-05,2.544656e-10
2.833333e+01,4.490892e+01,3.464602e+01,6.333012e+00,1.000000e-05,2.445185e-10
2.850000e+01,4.532167e+01,3.489320e+01,6.770275e+00,1.000000e-05,3.400285e-10
2.866667e+01,4.576200e+01,3.517938e+01,7.180961e+00,1.000000e-05,3.524716e-10
2.883333e+01,4.610503e+01,3.554394e+01,7.180961e+00,1.000000e-05,2.672487e-10
2.900000e+01,4.644552e+01,3.582493e+01,7.756324e+00,1.000000e-05,2.584010e-10
2.916667e+01,4.678353e+01,3.602429e+01,7.938851e+00,1.000000e-05,2.500153e-10
2.933333e+01,4.724056e+01,3.634099e+01,8.630441e+00,1.000000e-05,3.307644e-10
2.950000e+01,4.754281e+01,3.673303e+01,9.114762e+00,1.000000e-05,2.141664e-10
2.966667e+01,4.787307e+01,3.708232e+01,9.270581e+00,1.000000e-05,2.294251e-10
2.983333e+01,4.814161e+01,3.742836e+01,9.270581e+00,1.000000e-05,1.832304e-10
3.000000e+01,4.849734e+01,3.769530e+01,9.423824e+00,1.000000e-05,2.385031e-10
3.016667e+01,4.870365e+01,3.811100e+01,9.574615e+00,1.000000e-05,1.356449e-10
3.033333e+01,4.902609e+01,3.844777e+01,9.723067e+00,1.000000e-05,2.080585e-10
3.050000e+01,4.934643e+01,3.874467e+01,9.723067e+00,1.000000e-05,2.032602e-10
3.066667e+01,4.960699e+01,3.892908e+01,9.723067e+00,1.000000e-05,1.624698e-10
3.083333e+01,4.995229e+01,3.929531e+01,1.015541e+01,1.000000e-05,2.117022e-10
3.100000e+01,5.032369e+01,3.969426e+01,1.083773e+01,1.000000e-05,2.241533e-10
3.116667e+01,5.069236e+01,4.019628e+01,1.122723e+01,1.000000e-05,2.195240e-10
3.133333e+01,5.108642e+01,4.072730e+01,1.135410e+01,1.000000e-05,2.322970e-10
3.150000e+01,5.139392e+01,4.100770e+01,1.147956e+01,1.000000e-05,1.795980e-10
3.166667e+01,5.169959e+01,4.128619e+01,1.160367e+01,1.000000e-05,1.767484e-10
3.183333e+01,5.203101e+01,4.156282e+01,1.196827e+01,1.000000e-05,1.896758e-10
3.200000e+01,5.230558e+01,4.183762e+01,1.208736e+01,1.000000e-05,1.555224e-10
3.216667e+01,5.252420e+01,4.200845e+01,1.232209e+01,1.000000e-05,1.225970e-10
3.233333e+01,5.285044e+01,4.241565e+01,1.232209e+01,1.000000e-05,1.811713e-10
3.250000e+01,5.322853e+01,4.275202e+01,1.289022e+01,1.000000e-05,2.083905e-10
3.266667e+01,5.355048e+01,4.318539e+01,1.321938e+01,1.000000e-05,1.759345e-10
3.283333e+01,5.387050e+01,4.338394e+01,1.364593e+01,1.000000e-05,1.736875e-10
3.300000e+01,5.426788e+01,4.364728e+01,1.375049e+01,1.000000e-05,2.144887e-10
3.316667e+01,5.455745e+01,4.400679e+01,1.446131e+01,1.000000e-05,1.555101e-10
3.333333e+01,5.487161e+01,4.429876e+01,1.513880e+01,1.000000e-05,1.676070e-10
3.350000e+01,5.515801e+01,4.458883e+01,1.532686e+01,1.000000e-05,1.521514e-10
3.366667e+01,5.552038e+01,4.516337e+01,1.542004e+01,1.000000e-05,1.922655e-10
3.383333e+01,5.582912e+01,4.535326e+01,1.569624e+01,1.000000e-05,1.635659e-10
3.400000e+01,5.618716e+01,4.569936e+01,1.587770e+01,1.000000e-05,1.891733e-10
3.416667e+01,5.644152e+01,4.604285e+01,1.614608e+01,1.000000e-05,1.339601e-10
3.433333e+01,5.666947e+01,4.632199e+01,1.641006e+01,1.000000e-05,1.193680e-10
3.450000e+01,5.699711e+01,4.659946e+01,1.649712e+01,1.000000e-05,1.708459e-10
3.466667e+01,5.724787e+01,4.687529e+01,1.666987e+01,1.000000e-05,1.302556e-10
3.483333e+01,5.739780e+01,4.721023e+01,1.684085e+01,1.000000e-05,7.738044e-11
3.500000e+01,5.757222e+01,4.769321e+01,1.701011e+01,1.000000e-05,8.937433e-11
3.516667e+01,5.799364e+01,4.790298e+01,1.717770e+01,1.000000e-05,2.147634e-10
3.533333e+01,5.836295e+01,4.820108e+01,1.734367e+01,1.000000e-05,1.873968e-10
3.550000e+01,5.870555e+01,4.852686e+01,1.775181e+01,1.000000e-05,1.728421e-10
3.566667e+01,5.902189e+01,4.882115e+01,1.783232e+01,1.000000e-05,1.585986e-10
3.583333e+01,5.931240e+01,4.905530e+01,1.799225e+01,1.000000e-05,1.447312e-10
3.600000e+01,5.969755e+01,4.940446e+01,1.830793e+01,1.000000e-05,1.905764e-10
3.616667e+01,6.015171e+01,4.975116e+01,1.846375e+01,1.000000e-05,2.234760e-10
3.633333e+01,6.050785e+01,5.009546e+01,1.861826e+01,1.000000e-05,1.742338e-10
3.650000e+01,6.088544e+01,5.038058e+01,1.869503e+01,1.000000e-05,1.834152e-10
3.666667e+01,6.121392e+01,5.083345e+01,1.884765e+01,1.000000e-05,1.581280e-10
3.683333e+01,6.151737e+01,5.133815e+01,1.892349e+01,1.000000e-05,1.446010e-10
3.700000e+01,6.168014e+01,5.161641e+01,1.899904e+01,1.000000e-05,7.663365e-11
3.716667e+01,6.191193e+01,5.189318e+01,1.907428e+01,1.000000e-05,1.076643e-10
3.733333e+01,6.237294e+01,5.222336e+01,1.937233e+01,1.000000e-05,2.116646e-10
3.750000e+01,6.280776e+01,5.249692e+01,2.002674e+01,1.000000e-05,1.974748e-10
3.766667e+01,6.310354e+01,5.268757e+01,2.059099e+01,1.000000e-05,1.327679e-10
3.783333e+01,6.342053e+01,5.298578e+01,2.100423e+01,1.000000e-05,1.408774e-10
3.800000e+01,6.378088e+01,5.333606e+01,2.120783e+01,1.000000e-05,1.589711e-10
3.816667e+01,6.404981e+01,5.360395e+01,2.140949e+01,1.000000e-05,1.177583e-10
3.833333e+01,6.447332e+01,5.408280e+01,2.187281e+01,1.000000e-05,1.841481e-10
3.850000e+01,6.484991e+01,5.437336e+01,2.206840e+01,1.000000e-05,1.626993e-10
3.866667e+01,6.524628e+01,5.455745e+01,2.219783e+01,1.000000e-05,1.702582e-10
3.883333e+01,6.555291e+01,5.492379e+01,2.239058e+01,1.000000e-05,1.307684e-10
3.900000e+01,6.585811e+01,5.523586e+01,2.270819e+01,1.000000e-05,1.290425e-10
3.916667e+01,6.607525e+01,5.575209e+01,2.302142e+01,1.000000e-05,9.089002e-11
3.933333e+01,6.631328e+01,5.598285e+01,2.326897e+01,1.000000e-05,9.864268e-11
3.950000e+01,6.676535e+01,5.626359e+01,2.345292e+01,1.000000e-05,1.859031e-10
3.966667e+01,6.725698e+01,5.659359e+01,2.369596e+01,1.000000e-05,2.010274e-10
3.983333e+01,6.763925e+01,5.679571e+01,2.387662e+01,1.000000e-05,1.551976e-10
4.000000e+01,6.787180e+01,5.704735e+01,2.417472e+01,1.000000e-05,9.350731e-11
4.016667e+01,6.818763e+01,5.737284e+01,2.452765e+01,1.000000e-05,1.256657e-10
4.033333e+01,6.858559e+01,5.764681e+01,2.487558e+01,1.000000e-05,1.568897e-10
4.050000e+01,6.887736e+01,5.804302e+01,2.516184e+01,1.000000e-05,1.139819e-10
4.066667e+01,6.908501e+01,5.855897e+01,2.561321e+01,1.000000e-05,8.029634e-11
4.083333e+01,6.943659e+01,5.892473e+01,2.583594e+01,1.000000e-05,1.346003e-10
4.100000e+01,6.974533e+01,5.923991e+01,2.605676e+01,1.000000e-05,1.171515e-10
4.116667e+01,7.017530e+01,5.964954e+01,2.616648e+01,1.000000e-05,1.617356e-10
4.133333e+01,7.056205e+01,6.019932e+01,2.670828e+01,1.000000e-05,1.442570e-10
4.150000e+01,7.092651e+01,6.048418e+01,2.692195e+01,1.000000e-05,1.345980e-10
4.166667e+01,7.130919e+01,6.074412e+01,2.729185e+01,1.000000e-05,1.401050e-10
4.183333e+01,7.162986e+01,6.104990e+01,2.760496e+01,1.000000e-05,1.163115e-10
4.200000e+01,7.204858e+01,6.142416e+01,2.776019e+01,1.000000e-05,1.505843e-10
4.216667e+01,7.230657e+01,6.177296e+01,2.786320e+01,1.000000e-05,9.196853e-11
4.233333e+01,7.252415e+01,6.211981e+01,2.811906e+01,1.000000e-05,7.674678e-11
4.250000e+01,7.281981e+01,6.244180e+01,2.842306e+01,1.000000e-05,1.031460e-10
4.266667e+01,7.319259e+01,6.276213e+01,2.877367e+01,1.000000e-05,1.288065e-10
4.283333e+01,7.348556e+01,6.296720e+01,2.892263e+01,1.000000e-05,1.002914e-10
4.300000e+01,7.375794e+01,6.330750e+01,2.926725e+01,1.000000e-05,9.234992e-11
4.316667e+01,7.410668e+01,6.371347e+01,2.936497e+01,1.000000e-05,1.171434e-10
4.333333e+01,7.443455e+01,6.418385e+01,2.951094e+01,1.000000e-05,1.091779e-10
4.350000e+01,7.466511e+01,6.445110e+01,2.989672e+01,1.000000e-05,7.597744e-11
4.366667e+01,7.500964e+01,6.476149e+01,3.032486e+01,1.000000e-05,1.123535e-10
4.383333e+01,7.544757e+01,6.518038e+01,3.051322e+01,1.000000e-05,1.416879e-10
4.400000e+01,7.573181e+01,6.546544e+01,3.060696e+01,1.000000e-05,9.123771e-11
4.416667e+01,7.601499e+01,6.583636e+01,3.102530e+01,1.000000e-05,9.006415e-11
4.433333e+01,7.640968e+01,6.601018e+01,3.120943e+01,1.000000e-05,1.244255e-10
4.450000e+01,7.689554e+01,6.627006e+01,3.152906e+01,1.000000e-05,1.521911e-10
4.466667e+01,7.728574e+01,6.663650e+01,3.193532e+01,1.000000e-05,1.214226e-10
4.483333e+01,7.748934e+01,6.689395e+01,3.233648e+01,1.000000e-05,6.283243e-11
4.500000e+01,7.787656e+01,6.717174e+01,3.251318e+01,1.000000e-05,1.186416e-10
4.516667e+01,7.820693e+01,6.759688e+01,3.277645e+01,1.000000e-05,1.006615e-10
4.533333e+01,7.851768e+01,6.793508e+01,3.290730e+01,1.000000e-05,9.408656e-11
4.550000e+01,7.895430e+01,6.825062e+01,3.308095e+01,1.000000e-05,1.315304e-10
4.566667e+01,7.917170e+01,6.864822e+01,3.346838e+01,1.000000e-05,6.504100e-11
4.583333e+01,7.956874e+01,6.900202e+01,3.368169e+01,1.000000e-05,1.179575e-10
4.600000e+01,7.987418e+01,6.925068e+01,3.389366e+01,1.000000e-05,9.020224e-11
4.616667e+01,8.017847e+01,6.947783e+01,3.448025e+01,1.000000e-05,8.926462e-11
4.633333e+01,8.055276e+01,6.970425e+01,3.481100e+01,1.000000e-05,1.091449e-10
4.650000e+01,8.083677e+01,6.992993e+01,3.501613e+01,1.000000e-05,8.240125e-11
4.666667e+01,8.111979e+01,7.025690e+01,3.530132e+01,1.000000e-05,8.165350e-11
4.683333e+01,8.147218e+01,7.050113e+01,3.558422e+01,1.000000e-05,1.011362e-10
4.700000e+01,8.171795e+01,7.080523e+01,3.582493e+01,1.000000e-05,7.012893e-11
4.716667e+01,8.198045e+01,7.110803e+01,3.594468e+01,1.000000e-05,7.444025e-11
4.733333e+01,8.227695e+01,7.140955e+01,3.630156e+01,1.000000e-05,8.357755e-11
4.750000e+01,8.267640e+01,7.162986e+01,3.657672e+01,1.000000e-05,1.119935e-10
4.766667e+01,8.307392e+01,7.192919e+01,3.692749e+01,1.000000e-05,1.109518e-10
4.783333e+01,8.333216e+01,7.218761e+01,3.708232e+01,1.000000e-05,7.167484e-11
4.800000e+01,8.381207e+01,7.242533e+01,3.731337e+01,1.000000e-05,1.326449e-10
4.816667e+01,8.427225e+01,7.272139e+01,3.754299e+01,1.000000e-05,1.267672e-10
4.833333e+01,8.461151e+01,7.295737e+01,3.784699e+01,1.000000e-05,9.306897e-11
4.850000e+01,8.511787e+01,7.325128e+01,3.822358e+01,1.000000e-05,1.384411e-10
4.866667e+01,8.536992e+01,7.373852e+01,3.844777e+01,1.000000e-05,6.862983e-11
4.883333e+01,8.568812e+01,7.410668e+01,3.889227e+01,1.000000e-05,8.621832e-11
4.900000e+01,8.593850e+01,7.426115e+01,3.940451e+01,1.000000e-05,6.749456e-11
4.916667e+01,8.633760e+01,7.466511e+01,3.969426e+01,1.000000e-05,1.071994e-10
4.933333e+01,8.656956e+01,7.485671e+01,4.008923e+01,1.000000e-05,6.213305e-11
4.950000e+01,8.680089e+01,7.516225e+01,4.048036e+01,1.000000e-05,6.173521e-11
4.966667e+01,8.703162e+01,7.550450e+01,4.062165e+01,1.000000e-05,6.138385e-11
4.983333e+01,8.737656e+01,7.584521e+01,4.125148e+01,1.000000e-05,9.162265e-11
5.000000e+01,8.768748e+01,7.616559e+01,4.149383e+01,1.000000e-05,8.240567e-11
5.016667e+01,8.799730e+01,7.640968e+01,4.194020e+01,1.000000e-05,8.203783e-11
5.033333e+01,8.838710e+01,7.670904e+01,4.207659e+01,1.000000e-05,1.031039e-10
5.050000e+01,8.864602e+01,7.706301e+01,4.241565e+01,1.000000e-05,6.839873e-11
5.066667e+01,8.901689e+01,7.732279e+01,4.268496e+01,1.000000e-05,9.777691e-11
5.083333e+01,8.941826e+01,7.765553e+01,4.308577e+01,1.000000e-05,1.057268e-10
5.100000e+01,8.972211e+01,7.806027e+01,4.335091e+01,1.000000e-05,7.987647e-11
5.116667e+01,9.010445e+01,7.840814e+01,4.364728e+01,1.000000e-05,1.003759e-10
5.133333e+01,9.048517e+01,7.882720e+01,4.400679e+01,1.000000e-05,9.983534e-11
5.150000e+01,9.076967e+01,7.909930e+01,4.429876e+01,1.000000e-05,7.443955e-11
5.166667e+01,9.121046e+01,7.929825e+01,4.455669e+01,1.000000e-05,1.151960e-10
5.183333e+01,9.141438e+01,7.965869e+01,4.506812e+01,1.000000e-05,5.316927e-11
5.200000e+01,9.174285e+01,8.007120e+01,4.541639e+01,1.000000e-05,8.540088e-11
5.216667e+01,9.207014e+01,8.046380e+01,4.557381e+01,1.000000e-05,8.498623e-11
5.233333e+01,9.241177e+01,8.080132e+01,4.598059e+01,1.000000e-05,8.861453e-11
5.250000e+01,9.267490e+01,8.120803e+01,4.632199e+01,1.000000e-05,6.809648e-11
5.266667e+01,9.307589e+01,8.175300e+01,4.647635e+01,1.000000e-05,1.036665e-10
5.283333e+01,9.342918e+01,8.206777e+01,4.681414e+01,1.000000e-05,9.127966e-11
5.300000e+01,9.370474e+01,8.243349e+01,4.705828e+01,1.000000e-05,7.101330e-11
5.316667e+01,9.407089e+01,8.271104e+01,4.745234e+01,1.000000e-05,9.415861e-11
5.333333e+01,9.437494e+01,8.295314e+01,4.766317e+01,1.000000e-05,7.798993e-11
5.350000e+01,9.460233e+01,8.334934e+01,4.811184e+01,1.000000e-05,5.814786e-11
5.366667e+01,9.496502e+01,8.365811e+01,4.837905e+01,1.000000e-05,9.248129e-11
5.383333e+01,9.538642e+01,8.401690e+01,4.873305e+01,1.000000e-05,1.073486e-10
5.400000e+01,9.568629e+01,8.449292e+01,4.899687e+01,1.000000e-05,7.624390e-11
5.416667e+01,9.591057e+01,8.479753e+01,4.931740e+01,1.000000e-05,5.687312e-11
5.433333e+01,9.629809e+01,8.510104e+01,4.952029e+01,1.000000e-05,9.805616e-11
5.450000e+01,9.665442e+01,8.553754e+01,4.986619e+01,1.000000e-05,9.004282e-11
5.466667e+01,9.703897e+01,8.595517e+01,5.000961e+01,1.000000e-05,9.699689e-11
5.483333e+01,9.733374e+01,8.618815e+01,5.035214e+01,1.000000e-05,7.419452e-11
5.500000e+01,9.761295e+01,8.658610e+01,5.057921e+01,1.000000e-05,7.003384e-11
5.516667e+01,9.790600e+01,8.691633e+01,5.086162e+01,1.000000e-05,7.326036e-11
5.533333e+01,9.828565e+01,8.724531e+01,5.108642e+01,1.000000e-05,9.465562e-11
5.550000e+01,9.866384e+01,8.765480e+01,5.125438e+01,1.000000e-05,9.407782e-11
5.566667e+01,9.899719e+01,8.798102e+01,5.158865e+01,1.000000e-05,8.268445e-11
5.583333e+01,9.938708e+01,8.814368e+01,5.186557e+01,1.000000e-05,9.642671e-11
5.600000e+01,9.971802e+01,8.854901e+01,5.208604e+01,1.000000e-05,8.161729e-11
5.616667e+01,1.000192e+02,8.898470e+01,5.244232e+01,1.000000e-05,7.405262e-11
5.633333e+01,1.003623e+02,8.924188e+01,5.293169e+01,1.000000e-05,8.410133e-11
5.650000e+01,1.006047e+02,8.956232e+01,5.322853e+01,1.000000e-05,5.918040e-11
5.666667e+01,1.007469e+02,8.989755e+01,5.341657e+01,1.000000e-05,3.459808e-11
5.683333e+01,1.010593e+02,9.029501e+01,5.365737e+01,1.000000e-05,7.570050e-11
5.700000e+01,1.014553e+02,9.067494e+01,5.395021e+01,1.000000e-05,9.579885e-11
5.716667e+01,1.017514e+02,9.092734e+01,5.429427e+01,1.000000e-05,7.140602e-11
5.733333e+01,1.020185e+02,9.122616e+01,5.463616e+01,1.000000e-05,6.421295e-11
5.750000e+01,1.023689e+02,9.146138e+01,5.505403e+01,1.000000e-05,8.403041e-11
5.766667e+01,1.028436e+02,9.180528e+01,5.523586e+01,1.000000e-05,1.137134e-10
5.783333e+01,1.031773e+02,9.213235e+01,5.564923e+01,1.000000e-05,7.987064e-11
5.800000e+01,1.035791e+02,9.253569e+01,5.593165e+01,1.000000e-05,9.601814e-11
5.816667e+01,1.040069e+02,9.281390e+01,5.616167e+01,1.000000e-05,1.021796e-10
5.833333e+01,1.043232e+02,9.306050e+01,5.651761e+01,1.000000e-05,7.543871e-11
5.850000e+01,1.047070e+02,9.347516e+01,5.692167e+01,1.000000e-05,9.139006e-11
5.866667e+01,1.050211e+02,9.385748e+01,5.717276e+01,1.000000e-05,7.470556e-11
5.883333e+01,1.052936e+02,9.428383e+01,5.752244e+01,1.000000e-05,6.466434e-11
5.900000e+01,1.056467e+02,9.458719e+01,5.782049e+01,1.000000e-05,8.366795e-11
5.916667e+01,1.060391e+02,9.499519e+01,5.826470e+01,1.000000e-05,9.291915e-11
5.933333e+01,1.063763e+02,9.549148e+01,5.848554e+01,1.000000e-05,7.974562e-11
5.950000e+01,1.067661e+02,9.582092e+01,5.882742e+01,1.000000e-05,9.212871e-11
5.966667e+01,1.072346e+02,9.605980e+01,5.909465e+01,1.000000e-05,1.107206e-10
5.983333e+01,1.076346e+02,9.629809e+01,5.933655e+01,1.000000e-05,9.449082e-11
6.000000e+01,1.078606e+02,9.659512e+01,5.964954e+01,1.000000e-05,5.328049e-11
6.016667e+01,1.082450e+02,9.696514e+01,5.993701e+01,1.000000e-05,9.049354e-11
6.033333e+01,1.086149e+02,9.718647e+01,6.029442e+01,1.000000e-05,8.700338e-11
6.050000e+01,1.089704e+02,9.749549e+01,6.062610e+01,1.000000e-05,8.353218e-11
6.066667e+01,1.092461e+02,9.775958e+01,6.081482e+01,1.000000e-05,6.468955e-11
6.083333e+01,1.096257e+02,9.803758e+01,6.109681e+01,1.000000e-05,8.899298e-11
6.100000e+01,1.099519e+02,9.838761e+01,6.151737e+01,1.000000e-05,7.638249e-11
6.116667e+01,1.103030e+02,9.870738e+01,6.188879e+01,1.000000e-05,8.212610e-11
6.133333e+01,1.105106e+02,9.909842e+01,6.234997e+01,1.000000e-05,4.845907e-11
6.150000e+01,1.108471e+02,9.945912e+01,6.271647e+01,1.000000e-05,7.846420e-11
6.166667e+01,1.112341e+02,9.978981e+01,6.312623e+01,1.000000e-05,9.028733e-11
6.183333e+01,1.114142e+02,1.000765e+02,6.335274e+01,1.000000e-05,4.200120e-11
6.200000e+01,1.117608e+02,1.003623e+02,6.364599e+01,1.000000e-05,8.080700e-11
6.216667e+01,1.121574e+02,1.006616e+02,6.384822e+01,1.000000e-05,9.255422e-11
6.233333e+01,1.125654e+02,1.010025e+02,6.413920e+01,1.000000e-05,9.530824e-11
6.250000e+01,1.129211e+02,1.012999e+02,6.447332e+01,1.000000e-05,8.314275e-11
6.266667e+01,1.133895e+02,1.016387e+02,6.471724e+01,1.000000e-05,1.095600e-10
6.283333e+01,1.138182e+02,1.021027e+02,6.500434e+01,1.000000e-05,1.004069e-10
6.300000e+01,1.140947e+02,1.025367e+02,6.539977e+01,1.000000e-05,6.474826e-11
6.316667e+01,1.143079e+02,1.028854e+02,6.587986e+01,1.000000e-05,4.984578e-11
6.333333e+01,1.147457e+02,1.032328e+02,6.609692e+01,1.000000e-05,1.023423e-10
6.350000e+01,1.151071e+02,1.035791e+02,6.648586e+01,1.000000e-05,8.461280e-11
6.366667e+01,1.153806e+02,1.039656e+02,6.680824e+01,1.000000e-05,6.400811e-11
6.383333e+01,1.157029e+02,1.043232e+02,6.708639e+01,1.000000e-05,7.546004e-11
6.400000e+01,1.160120e+02,1.046385e+02,6.740590e+01,1.000000e-05,7.236736e-11
6.416667e+01,1.162833e+02,1.048983e+02,6.772390e+01,1.000000e-05,6.349576e-11
6.433333e+01,1.165540e+02,1.051711e+02,6.791399e+01,1.000000e-05,6.331333e-11
6.450000e+01,1.168363e+02,1.055517e+02,6.816662e+01,1.000000e-05,6.601048e-11
6.466667e+01,1.171546e+02,1.057822e+02,6.856470e+01,1.000000e-05,7.438371e-11
6.483333e+01,1.175939e+02,1.060256e+02,6.883575e+01,1.000000e-05,1.026377e-10
6.500000e+01,1.179224e+02,1.062820e+02,6.906427e+01,1.000000e-05,7.672736e-11
6.516667e+01,1.182014e+02,1.064974e+02,6.935402e+01,1.000000e-05,6.512489e-11
6.533333e+01,1.186369e+02,1.068331e+02,6.974533e+01,1.000000e-05,1.015858e-10
6.550000e+01,1.190467e+02,1.070341e+02,7.001181e+01,1.000000e-05,9.560745e-11
6.566667e+01,1.194071e+02,1.074215e+02,7.039947e+01,1.000000e-05,8.408146e-11
6.583333e+01,1.196947e+02,1.077942e+02,7.072426e+01,1.000000e-05,6.702176e-11
6.600000e+01,1.200054e+02,1.080994e+02,7.106774e+01,1.000000e-05,7.238095e-11
6.616667e+01,1.203510e+02,1.083641e+02,7.138949e+01,1.000000e-05,8.050378e-11
6.633333e+01,1.206957e+02,1.088126e+02,7.170981e+01,1.000000e-05,8.028948e-11
6.650000e+01,1.209920e+02,1.091543e+02,7.214791e+01,1.000000e-05,6.902816e-11
6.666667e+01,1.213349e+02,1.094949e+02,7.242533e+01,1.000000e-05,7.987313e-11
6.683333e+01,1.216296e+02,1.098476e+02,7.264256e+01,1.000000e-05,6.869463e-11
6.700000e+01,1.219589e+02,1.101471e+02,7.293773e+01,1.000000e-05,7.675086e-11
6.716667e+01,1.222405e+02,1.105236e+02,7.317302e+01,1.000000e-05,6.559230e-11
6.733333e+01,1.225565e+02,1.108342e+02,7.340755e+01,1.000000e-05,7.359106e-11
6.750000e+01,1.228716e+02,1.112470e+02,7.368022e+01,1.000000e-05,7.338211e-11
6.766667e+01,1.232209e+02,1.116454e+02,7.387437e+01,1.000000e-05,8.130250e-11
6.783333e+01,1.235111e+02,1.119017e+02,7.418396e+01,1.000000e-05,6.754373e-11
6.800000e+01,1.237776e+02,1.122723e+02,7.454992e+01,1.000000e-05,6.192142e-11
6.816667e+01,1.241474e+02,1.126290e+02,7.491409e+01,1.000000e-05,8.588261e-11
6.833333e+01,1.244124e+02,1.129972e+02,7.520036e+01,1.000000e-05,6.153829e-11
6.850000e+01,1.247229e+02,1.133137e+02,7.550450e+01,1.000000e-05,7.205276e-11
6.866667e+01,1.250670e+02,1.136923e+02,7.586410e+01,1.000000e-05,7.986296e-11
6.883333e+01,1.254444e+02,1.139565e+02,7.618440e+01,1.000000e-05,8.764531e-11
6.900000e+01,1.257409e+02,1.143079e+02,7.652208e+01,1.000000e-05,6.887206e-11
6.916667e+01,1.260481e+02,1.146832e+02,7.683964e+01,1.000000e-05,7.133815e-11
6.933333e+01,1.263432e+02,1.149702e+02,7.717445e+01,1.000000e-05,6.853821e-11
6.950000e+01,1.266037e+02,1.152439e+02,7.745236e+01,1.000000e-05,6.048253e-11
6.966667e+01,1.269539e+02,1.156162e+02,7.774770e+01,1.000000e-05,8.135975e-11
6.983333e+01,1.272582e+02,1.158390e+02,7.811530e+01,1.000000e-05,7.070148e-11
7.000000e+01,1.276067e+02,1.161970e+02,7.838987e+01,1.000000e-05,8.098954e-11
7.016667e+01,1.279318e+02,1.165540e+02,7.871810e+01,1.000000e-05,7.559294e-11
7.033333e+01,1.283231e+02,1.168240e+02,7.909930e+01,1.000000e-05,9.102474e-11
7.050000e+01,1.286018e+02,1.173012e+02,7.935242e+01,1.000000e-05,6.482744e-11
7.066667e+01,1.288689e+02,1.176792e+02,7.960473e+01,1.000000e-05,6.206373e-11
7.083333e+01,1.293016e+02,1.179952e+02,7.999962e+01,1.000000e-05,1.005900e-10
7.100000e+01,1.296667e+02,1.183225e+02,8.026774e+01,1.000000e-05,8.485160e-11
7.116667e+01,1.300637e+02,1.186972e+02,8.048160e+01,1.000000e-05,9.231759e-11
7.133333e+01,1.304047e+02,1.190587e+02,8.069489e+01,1.000000e-05,7.924807e-11
7.150000e+01,1.307667e+02,1.193591e+02,8.096071e+01,1.000000e-05,8.408948e-11
7.166667e+01,1.312259e+02,1.198262e+02,8.133141e+01,1.000000e-05,1.066828e-10
7.183333e+01,1.316401e+02,1.202320e+02,8.154247e+01,1.000000e-05,9.618432e-11
7.200000e+01,1.320095e+02,1.205651e+02,8.182305e+01,1.000000e-05,8.576307e-11
7.216667e+01,1.323779e+02,1.208617e+02,8.212011e+01,1.000000e-05,8.545084e-11
7.233333e+01,1.326805e+02,1.212640e+02,8.241611e+01,1.000000e-05,7.009990e-11
7.250000e+01,1.329609e+02,1.216414e+02,8.303943e+01,1.000000e-05,6.483407e-11
7.266667e+01,1.334019e+02,1.218767e+02,8.338371e+01,1.000000e-05,1.019167e-10
7.283333e+01,1.336701e+02,1.222405e+02,8.370946e+01,1.000000e-05,6.197152e-11
7.300000e+01,1.339698e+02,1.225565e+02,8.388040e+01,1.000000e-05,6.923489e-11
7.316667e+01,1.342475e+02,1.228483e+02,8.415318e+01,1.000000e-05,6.411288e-11
7.333333e+01,1.345778e+02,1.232906e+02,8.445901e+01,1.000000e-05,7.620129e-11
7.350000e+01,1.350241e+02,1.235691e+02,8.467920e+01,1.000000e-05,1.029440e-10
7.366667e+01,1.353420e+02,1.238933e+02,8.498313e+01,1.000000e-05,7.329451e-11
7.383333e+01,1.357014e+02,1.241589e+02,8.525239e+01,1.000000e-05,8.280226e-11
7.400000e+01,1.359966e+02,1.243894e+02,8.563796e+01,1.000000e-05,6.796635e-11
7.416667e+01,1.363332e+02,1.248262e+02,8.593850e+01,1.000000e-05,7.742611e-11
7.433333e+01,1.366271e+02,1.251013e+02,8.620477e+01,1.000000e-05,6.755866e-11
7.450000e+01,1.369413e+02,1.253872e+02,8.640394e+01,1.000000e-05,7.218432e-11
7.466667e+01,1.373590e+02,1.257067e+02,8.673486e+01,1.000000e-05,9.602715e-11
7.483333e+01,1.377027e+02,1.260594e+02,8.688336e+01,1.000000e-05,7.898797e-11
7.500000e+01,1.380144e+02,1.264565e+02,8.719604e+01,1.000000e-05,7.159821e-11
7.516667e+01,1.383565e+02,1.267959e+02,8.742572e+01,1.000000e-05,7.849457e-11
7.533333e+01,1.386977e+02,1.270780e+02,8.767114e+01,1.000000e-05,7.824048e-11
7.550000e+01,1.390381e+02,1.274157e+02,8.794845e+01,1.000000e-05,7.798073e-11
7.566667e+01,1.393366e+02,1.277301e+02,8.832225e+01,1.000000e-05,6.827283e-11
7.583333e+01,1.396241e+02,1.279430e+02,8.856519e+01,1.000000e-05,6.566635e-11
7.600000e+01,1.400134e+02,1.283789e+02,8.882358e+01,1.000000e-05,8.886015e-11
7.616667e+01,1.403200e+02,1.287243e+02,8.911338e+01,1.000000e-05,6.991172e-11
7.633333e+01,1.407073e+02,1.289689e+02,8.946631e+01,1.000000e-05,8.828465e-11
7.650000e+01,1.410733e+02,1.292462e+02,8.973807e+01,1.000000e-05,8.337684e-11
7.666667e+01,1.414283e+02,1.294677e+02,9.002493e+01,1.000000e-05,8.083096e-11
7.683333e+01,1.417621e+02,1.297771e+02,9.035844e+01,1.000000e-05,7.597470e-11
7.700000e+01,1.421657e+02,1.301848e+02,9.075389e+01,1.000000e-05,9.183915e-11
7.716667e+01,1.424475e+02,1.305803e+02,9.116333e+01,1.000000e-05,6.408284e-11
7.733333e+01,1.427489e+02,1.308652e+02,9.138304e+01,1.000000e-05,6.848097e-11
7.750000e+01,1.431797e+02,1.312259e+02,9.169600e+01,1.000000e-05,9.798091e-11
7.766667e+01,1.434396e+02,1.316727e+02,9.202345e+01,1.000000e-05,5.906685e-11
7.783333e+01,1.436591e+02,1.319552e+02,9.234975e+01,1.000000e-05,4.983101e-11
7.800000e+01,1.439878e+02,1.323130e+02,9.272126e+01,1.000000e-05,7.456105e-11
7.816667e+01,1.441965e+02,1.325293e+02,9.301431e+01,1.000000e-05,4.731505e-11
7.833333e+01,1.445933e+02,1.327885e+02,9.324502e+01,1.000000e-05,8.998839e-11
7.850000e+01,1.449594e+02,1.330579e+02,9.345984e+01,1.000000e-05,8.310266e-11
7.866667e+01,1.452457e+02,1.333160e+02,9.372002e+01,1.000000e-05,6.498512e-11
7.883333e+01,1.456003e+02,1.337022e+02,9.400997e+01,1.000000e-05,8.048884e-11
7.900000e+01,1.459049e+02,1.340339e+02,9.457204e+01,1.000000e-05,6.912902e-11
7.916667e+01,1.462187e+02,1.345246e+02,9.487448e+01,1.000000e-05,7.117479e-11
7.933333e+01,1.465905e+02,1.348543e+02,9.522110e+01,1.000000e-05,8.439666e-11
7.950000e+01,1.468346e+02,1.352679e+02,9.547648e+01,1.000000e-05,5.540017e-11
7.966667e+01,1.472243e+02,1.356063e+02,9.582092e+01,1.000000e-05,8.852103e-11
7.983333e+01,1.476809e+02,1.360703e+02,9.619391e+01,1.000000e-05,1.039029e-10
